team_id	code	type	player	x	y	min	sec	period
1450	5	0ball_out	99005	100	14.2	2	5	1
1450	8	0interception	149838	41	58.2	2	40	1
1450	5	0ball_out	198499	43.7	100	2	43	1
178	44	0aerial_duel_lost	78056	46	27.8	3	8	1
178	12	0despeje_clearance	135363	20	61.8	3	18	1
1450	13	miss	448179	89.2	54.2	3	41	1
1450	5	0ball_out	448179	100	30.2	3	44	1
1450	44	0aerial_duel_lost	112945	36.8	66.8	5	14	1
178	50	0dispossessed	59859	68.8	37.3	5	48	1
1450	44	0aerial_duel_lost	99005	34.8	25.6	6	24	1
178	15	attempt_saved	56764	87	49.9	7	17	1
1450	8	0interception	464283	26.4	33.6	8	3	1
178	44	0aerial_duel_lost	78056	64.1	65.5	8	9	1
1450	5	0ball_out	464283	67.2	0	8	44	1
1450	12	0despeje_clearance	464283	9.3	12.5	9	1	1
1450	5	0ball_out	464283	9.6	0	9	3	1
1450	12	0despeje_clearance	501039	13.8	57.6	9	35	1
1450	8	0interception	198499	35.3	81.4	9	42	1
1450	44	0aerial_duel_lost	501039	65.2	93.4	10	22	1
1450	5	0ball_out	175204	64.2	100	11	5	1
178	61	0mal_control	56764	57.6	45.8	11	20	1
1450	5	0ball_out	175204	44	100	11	41	1
1450	61	0mal_control	501039	41.4	88.1	12	21	1
178	12	0despeje_clearance	220325	11.2	52.7	13	15	1
178	12	0despeje_clearance	445087	11.9	43.3	13	16	1
1450	44	0aerial_duel_lost	501039	77.4	68	13	18	1
1450	44	0aerial_duel_lost	112945	21.6	73	14	35	1
178	15	attempt_saved	219961	79.9	27.1	15	35	1
1450	12	0despeje_clearance	200599	7.8	44	15	37	1
178	5	0ball_out	209712	55.2	100	16	12	1
178	12	0despeje_clearance	220325	8.5	47.6	16	56	1
178	12	0despeje_clearance	493019	9.9	64.1	17	13	1
178	12	0despeje_clearance	220325	11.9	50.1	17	15	1
178	12	0despeje_clearance	209712	11.7	69.8	17	21	1
1450	44	0aerial_duel_lost	99005	76.9	6.4	17	24	1
178	5	0ball_out	135363	74.6	0	18	1	1
1450	44	0aerial_duel_lost	448179	58.4	88.7	18	27	1
178	8	0interception	445087	39.8	16.1	18	27	1
178	61	0mal_control	209712	95.3	74.1	19	55	1
1450	12	0despeje_clearance	99005	4.6	31.6	19	55	1
178	61	0mal_control	493019	77.1	94.2	20	15	1
178	5	0ball_out	493019	84.2	100	20	17	1
178	44	0aerial_duel_lost	56764	78.4	91.6	20	43	1
1450	44	0aerial_duel_lost	448179	64.8	62.4	21	11	1
1450	44	0aerial_duel_lost	99005	38.3	33.4	21	32	1
178	5	0ball_out	135363	74.4	100	22	3	1
1450	44	0aerial_duel_lost	448179	55.9	7.4	22	30	1
178	5	0ball_out	493019	37.3	100	22	32	1
1450	44	0aerial_duel_lost	464283	79.8	10.7	22	54	1
1450	8	0interception	149838	64.7	23.3	22	56	1
178	8	0interception	220325	15.9	50	23	1	1
178	12	0despeje_clearance	220325	14	36.2	23	11	1
1450	44	0aerial_duel_lost	109270	67.3	84.4	23	25	1
178	8	0interception	445087	31.7	19.4	23	26	1
178	5	0ball_out	445087	33.4	0	23	27	1
178	12	0despeje_clearance	445087	17.8	9.8	23	44	1
178	5	0ball_out	445087	21.5	0	23	45	1
1450	44	0aerial_duel_lost	448179	91.8	70.8	24	0	1
178	12	0despeje_clearance	220325	7.7	30.7	24	0	1
178	44	0aerial_duel_lost	220325	7.4	27.7	24	1	1
1450	44	0aerial_duel_lost	179271	91.6	70.2	24	3	1
178	12	0despeje_clearance	209712	7.7	31	24	3	1
1450	74	0blocked_pass	149838	52.6	42.5	24	51	1
178	13	miss	78056	77.3	42.4	25	34	1
178	5	0ball_out	78056	100	59.2	25	35	1
1450	44	0aerial_duel_lost	448179	71	36	29	3	1
1450	15	attempt_saved	464283	81.7	50.6	29	11	1
178	50	0dispossessed	56764	70.6	55.3	30	20	1
178	61	0mal_control	56764	80.7	48.8	30	27	1
178	44	0aerial_duel_lost	493019	60.2	70.1	30	35	1
178	44	0aerial_duel_lost	445087	27.4	16	33	47	1
1450	50	0dispossessed	501039	78.1	95.2	33	53	1
178	5	0ball_out	445087	23.4	0	33	55	1
1450	61	0mal_control	501039	85.3	96.3	34	10	1
178	50	0dispossessed	219961	18	8.2	34	13	1
1450	5	0ball_out	501039	100	79.3	34	16	1
1450	12	0despeje_clearance	501039	14.3	68.2	35	3	1
178	15	attempt_saved	219961	95	35.3	35	46	1
1450	12	0despeje_clearance	448179	4.5	63.7	36	20	1
178	15	attempt_saved	490541	82.2	42.6	36	42	1
1450	12	0despeje_clearance	179271	3.8	91.8	36	46	1
1450	5	0ball_out	179271	22.4	100	36	47	1
178	15	attempt_saved	220325	67.2	43.4	38	2	1
1450	8	0interception	149838	28.9	63.1	38	38	1
1450	61	0mal_control	112945	28.9	63.1	38	49	1
1450	74	0blocked_pass	198499	8	66.6	39	6	1
1450	12	0despeje_clearance	448179	8	66.6	39	46	1
1450	44	0aerial_duel_lost	99005	29	71	39	50	1
178	44	0aerial_duel_lost	78056	25.7	23.3	40	21	1
1450	5	0ball_out	448179	100	72	40	24	1
178	44	0aerial_duel_lost	219961	62.4	34.4	40	47	1
1450	44	0aerial_duel_lost	448179	73.4	75.1	43	16	1
178	44	0aerial_duel_lost	135363	16.7	55.8	43	48	1
1450	61	0mal_control	198499	85.4	56.6	43	57	1
1450	5	0ball_out	198499	100	65	43	59	1
1450	12	0despeje_clearance	112945	13.8	42.7	45	6	1
1450	8	0interception	99005	25.5	46.9	45	57	1
1450	5	0ball_out	149838	100	26.4	46	27	1
1450	8	0interception	448179	44.2	48.2	47	8	1
178	61	0mal_control	56764	75.8	37.7	47	10	1
1450	12	0despeje_clearance	112945	15.6	57	47	12	1
1450	5	0ball_out	112945	10.6	0	47	16	1
178	44	0aerial_duel_lost	445087	71.2	9.8	47	38	1
178	44	0aerial_duel_lost	135363	23.5	51.3	48	45	1
178	12	0despeje_clearance	78056	12.7	33.2	48	48	1
1450	44	0aerial_duel_lost	448179	81.5	58.3	48	49	1
178	12	0despeje_clearance	135363	18.2	45.6	48	49	1
1450	15	attempt_saved	464283	80.8	45.8	48	50	1
1450	8	0interception	200599	20.3	27.6	49	20	1
1450	50	0dispossessed	501039	36.1	90.4	49	38	1
1450	8	0interception	198499	11.4	67	49	45	1
178	5	0ball_out	493019	100	80.4	51	25	1
178	44	0aerial_duel_lost	220325	24.7	26	52	10	1
178	12	0despeje_clearance	493019	6.9	53.9	52	16	1
178	12	0despeje_clearance	220325	10.3	49.7	52	40	1
1450	13	miss	179271	88.2	45.8	52	46	1
1450	5	0ball_out	179271	100	51	52	48	1
1450	44	0aerial_duel_lost	109270	27.2	89.8	53	40	1
1450	12	0despeje_clearance	448179	7.1	42.5	54	39	1
1450	12	0despeje_clearance	200599	12.5	33.4	54	41	1
178	50	0dispossessed	56764	88.6	36.6	54	54	1
1450	18	player_off	112945	41.3	38.8	45	0	2
1450	18	player_off	112945	41.3	38.8	45	0	2
1450	19	player_in	88550	41.3	38.8	45	0	2
178	18	player_off	135363	36.3	18.1	45	0	2
178	18	player_off	135363	36.3	18.1	45	0	2
178	19	player_in	500745	36.3	18.1	45	0	2
178	12	0despeje_clearance	493019	10.6	50	45	39	2
178	5	0ball_out	59859	36.2	100	45	44	2
178	74	0blocked_pass	493019	24.7	93.5	46	3	2
178	5	0ball_out	493019	29.3	100	46	4	2
1450	61	0mal_control	88550	94.2	24.1	46	12	2
1450	61	0mal_control	99005	85.2	19.7	46	17	2
1450	61	0mal_control	179271	71.1	7.4	47	19	2
1450	8	0interception	198499	22.6	27.9	48	41	2
1450	5	0ball_out	149838	58	100	48	53	2
178	5	0ball_out	78056	100	26.8	49	54	2
1450	44	0aerial_duel_lost	179271	57	55.2	50	16	2
1450	44	0aerial_duel_lost	149838	38.2	63.6	50	19	2
178	5	0ball_out	59859	100	20	50	27	2
178	44	0aerial_duel_lost	78056	37.8	11.4	50	58	2
1450	61	0mal_control	448179	76.9	42.1	51	6	2
1450	44	0aerial_duel_lost	448179	77.5	36.1	51	8	2
1450	44	0aerial_duel_lost	448179	76.4	39	51	10	2
178	13	miss	500745	91.2	64.7	52	15	2
178	5	0ball_out	500745	100	50.7	52	17	2
178	44	0aerial_duel_lost	78056	41.6	31.8	52	52	2
1450	8	0interception	448179	62.7	47.5	52	55	2
1450	61	0mal_control	99005	72.3	5	53	12	2
1450	5	0ball_out	99005	74.2	0	53	14	2
178	61	0mal_control	445087	47.2	1.7	53	38	2
178	5	0ball_out	445087	47.8	0	53	39	2
178	12	0despeje_clearance	220325	9.8	43.6	54	31	2
178	12	0despeje_clearance	209712	4.1	58.2	54	40	2
1450	44	0aerial_duel_lost	109270	95.8	46.6	55	13	2
1450	44	0aerial_duel_lost	109270	30	85.6	56	28	2
1450	12	0despeje_clearance	501039	7.9	44.3	57	54	2
178	5	0ball_out	490541	100	38	58	6	2
1450	44	0aerial_duel_lost	448179	60.8	20.8	58	44	2
178	61	0mal_control	500745	46.8	97.5	58	46	2
178	44	0aerial_duel_lost	209712	37.2	75.8	58	57	2
1450	44	0aerial_duel_lost	198499	67.4	35	59	1	2
178	15	attempt_saved	209712	78.6	57.8	59	35	2
1450	5	0ball_out	200599	29.8	0	59	38	2
1450	12	0despeje_clearance	464283	12.2	53.6	60	51	2
178	61	0mal_control	490541	85.6	62.7	60	56	2
1450	12	0despeje_clearance	99005	14.1	38.2	60	57	2
1450	12	0despeje_clearance	99005	13.1	37.3	60	58	2
1450	44	0aerial_duel_lost	448179	36.6	55	61	1	2
1450	44	0aerial_duel_lost	200599	2.4	45.5	61	49	2
178	15	attempt_saved	56764	98.4	53.9	61	49	2
1450	12	0despeje_clearance	149838	13	44.9	61	55	2
178	13	miss	78056	81.4	47	61	56	2
178	5	0ball_out	78056	100	57.2	61	57	2
178	61	0mal_control	445087	36.2	7.4	62	52	2
178	61	0mal_control	500745	76.3	87.3	63	27	2
178	74	0blocked_pass	500745	75.8	89.4	63	28	2
178	5	0ball_out	500745	84.3	100	63	29	2
1450	18	player_off	448179	14	42.5	64	1	2
1450	18	player_off	448179	14	42.5	64	1	2
1450	19	player_in	199248	14	42.5	64	1	2
1450	18	player_off	179271	14	42.5	64	21	2
1450	18	player_off	179271	14	42.5	64	21	2
1450	19	player_in	104448	14	42.5	64	21	2
178	74	0blocked_pass	493019	46.6	70.4	65	17	2
1450	12	0despeje_clearance	464283	13.4	55.7	65	48	2
178	44	0aerial_duel_lost	209712	67.6	51.2	65	51	2
1450	61	0mal_control	104448	31	50.7	65	51	2
178	74	0blocked_pass	220325	24.7	62.9	66	4	2
1450	12	0despeje_clearance	464283	13.2	53	66	18	2
178	61	0mal_control	445087	80.1	2.3	66	39	2
178	44	0aerial_duel_lost	445087	77.6	3.6	66	39	2
178	44	0aerial_duel_lost	220325	12.7	4.6	67	26	2
1450	61	0mal_control	104448	87.4	95.6	67	27	2
1450	44	0aerial_duel_lost	104448	86	93.6	67	27	2
178	44	0aerial_duel_lost	56764	76.5	49.2	68	13	2
178	44	0aerial_duel_lost	209712	28.1	66.8	68	49	2
1450	5	0ball_out	104448	84.6	0	68	52	2
178	61	0mal_control	500745	74.9	57.5	69	13	2
178	5	0ball_out	493019	100	73.2	73	43	2
178	13	miss	500745	93.2	69.8	74	54	2
178	5	0ball_out	500745	100	57	74	55	2
178	18	player_off	78056	100	57.5	75	12	2
178	18	player_off	78056	100	57.5	75	12	2
178	19	player_in	593109	100	57.5	75	12	2
1450	44	0aerial_duel_lost	104448	61	30.6	75	32	2
1450	50	0dispossessed	464283	87.6	81.2	75	51	2
1450	44	0aerial_duel_lost	88550	72.8	27.4	77	1	2
178	61	0mal_control	490541	68	24.7	77	12	2
178	18	player_off	59859	18.4	56.6	78	28	2
178	18	player_off	59859	18.4	56.6	78	28	2
178	19	player_in	500046	18.4	56.6	78	28	2
178	18	player_off	490541	18.4	56.6	78	32	2
178	18	player_off	490541	18.4	56.6	78	32	2
178	19	player_in	465607	18.4	56.6	78	32	2
1450	44	0aerial_duel_lost	99005	53.4	9.4	79	2	2
178	13	miss	465607	89.6	42.1	79	20	2
178	5	0ball_out	465607	100	45.2	79	21	2
178	44	0aerial_duel_lost	500046	39.4	52.6	79	57	2
1450	44	0aerial_duel_lost	149838	64.4	34.2	80	0	2
1450	44	0aerial_duel_lost	104448	37.2	67	80	23	2
178	5	0ball_out	593109	100	24.6	80	57	2
1450	44	0aerial_duel_lost	99005	60.2	12.7	81	48	2
178	13	miss	500745	73.9	73.7	82	28	2
178	5	0ball_out	500745	100	52.3	82	30	2
1450	44	0aerial_duel_lost	104448	45.6	93.8	83	27	2
1450	8	0interception	99005	21.1	29.4	84	8	2
1450	44	0aerial_duel_lost	104448	68.3	32.8	84	55	2
1450	44	0aerial_duel_lost	149838	33.3	32.2	85	35	2
1450	12	0despeje_clearance	99005	7.7	26.1	85	59	2
1450	12	0despeje_clearance	104448	3.2	39.5	86	32	2
1450	5	0ball_out	104448	14.6	0	86	36	2
178	13	miss	465607	72	36.8	87	7	2
178	5	0ball_out	465607	100	40.2	87	8	2
178	5	0ball_out	500745	84.2	100	87	55	2
1450	61	0mal_control	104448	57.5	38.9	88	57	2
1450	12	0despeje_clearance	200599	13.3	58.5	89	45	2
178	61	0mal_control	593109	68.4	17.9	89	47	2
178	44	0aerial_duel_lost	209712	72	34	89	51	2
1450	61	0mal_control	199248	78.6	39.8	90	32	2
1450	50	0dispossessed	88550	76.2	19.9	90	39	2
178	44	0aerial_duel_lost	593109	63	26.8	90	49	2
1450	44	0aerial_duel_lost	199248	76.6	33.6	91	44	2
1450	5	0ball_out	200599	78.1	0	91	53	2
178	61	0mal_control	593109	90.3	30.7	92	24	2
178	5	0ball_out	593109	100	20.6	92	26	2
178	5	0ball_out	445087	95.5	100	94	5	2
1450	44	0aerial_duel_lost	198499	33	10	94	32	2
1450	50	0dispossessed	199248	79.4	25.9	94	47	2
1450	8	0interception	198499	21.4	31.3	94	58	2
1450	12	0despeje_clearance	200599	14	31.8	94	59	2
178	44	0aerial_duel_lost	209712	73.2	72.1	95	1	2
1450	8	0interception	198499	21.8	68.2	97	14	2
1450	12	0despeje_clearance	198499	27.9	69.1	97	16	2
1450	5	0ball_out	198499	37	100	97	20	2
1450	5	0ball_out	200599	41.2	0	97	53	2
1450	61	0mal_control	104448	99	31.5	98	17	2
1450	5	0ball_out	104448	100	31.8	98	17	2
1450	8	0interception	198499	29.5	68.5	98	47	2
1450	44	0aerial_duel_lost	199248	35.2	75.3	98	51	2
1450	5	0ball_out	99005	47.2	0	99	3	2
1450	12	0despeje_clearance	501039	12.3	54.3	99	24	2
1450	61	0mal_control	104448	35.1	92.9	99	27	2
1450	5	0ball_out	104448	44.2	100	99	29	2
1450	12	0despeje_clearance	501039	13.6	55.8	99	52	2
1450	12	0despeje_clearance	464283	9.5	74.1	99	58	2
178	44	0aerial_duel_lost	500046	93.9	34.4	99	58	2
1450	44	0aerial_duel_lost	104448	63	80.4	104	8	2
178	74	0blocked_pass	500046	8.1	68.1	104	21	2
178	44	0aerial_duel_lost	56764	6	56	105	19	2
1450	13	miss	104448	92.3	41.8	105	19	2
1450	5	0ball_out	104448	100	40.8	105	19	2
