match_id	id	team_id	period_id	min	sec	player_id_1	player_id_2	outcome	start_x	start_y	end_x	end_y	offside	possession	sequence	extra_1	extra_2	extra_3
2372229	2576824085	449	1	0	0	143877	51952	1	50	50	37.7	50.8	0	1	1	0	0	0
2372229	2576824171	449	1	0	4	51952	246301	1	36.2	51.6	24.9	74.4	0	1	1	0	0	0
2372229	2576824197	449	1	0	7	246301	508479	1	24.9	74.4	12.2	48.8	0	1	1	0	0	0
2372229	2576824261	449	1	0	11	508479	86813	1	12.2	48.8	14.1	39	0	1	1	0	0	0
2372229	2576824297	449	1	0	14	86813	509290	100	14.5	33.5	32.9	58.9	0	1	1	0	0	0
2372229	2576824403	449	1	0	17	51952	100059	1	33.4	50.4	29.6	88.8	0	1	2	0	0	0
2372229	2576824431	449	1	0	22	100059	248501	1	37.2	84.7	46.5	93.7	0	1	2	0	0	0
2372229	2576824485	449	1	0	24	248501	100059	1	46.8	92.9	35.8	88.6	0	1	2	0	0	0
2372229	2576824523	449	1	0	26	100059	51952	1	35.8	88.6	37.2	75	0	1	2	0	0	0
2372229	2576824641	449	1	0	27	51952	86813	1	45.2	70.5	31.6	46.2	0	1	2	0	0	0
2372229	2576824707	449	1	0	31	86813	93721	1	41.4	27.7	46.8	9	0	1	2	0	0	0
2372229	2576824741	449	1	0	33	93721	519373	1	45.9	8.6	67.8	8.4	0	1	2	0	0	0
2372229	2576824793	449	1	0	37	519373	93721	1	67.8	8.4	64.9	23.8	0	1	2	0	0	0
2372229	2576824819	449	1	0	40	93721	121220	100	67.2	34.8	76	46.7	0	1	2	0	0	0
2372229	2576824911	185	1	0	42	234370	80209	1	26.9	72.6	35.9	73.4	0	2	3	0	0	0
2372229	2576824875	449	1	0	44	234908	0	1	59.4	25.4	61.2	30.1	0	3	4	0	3	0
2372229	2576824953	449	1	0	44	51952	519373	1	60.2	29.3	63.7	9	0	3	4	0	0	0
2372229	2576824977	185	1	0	49	168580	475344	1	40.4	96.3	32.1	92.7	0	4	5	0	0	0
2372229	2576824987	185	1	0	51	475344	168580	1	32.1	92.7	39.6	97.1	0	4	5	0	0	0
2372229	2576825057	185	1	0	55	168580	80209	1	56	96.9	54.3	89.3	0	4	5	0	0	0
2372229	2576825091	185	1	0	58	80209	168580	1	57.3	91	60.7	93.4	0	4	5	0	0	0
2372229	2576825103	185	1	1	0	168580	0	0	60	95.5	58	92.7	0	4	5	0	0	0
2372229	2576825155	449	1	1	2	93721	143877	1	48.3	8.8	58.9	9.6	0	5	6	0	0	0
2372229	2576825583	185	1	1	27	475344	202044	1	42.5	100	55	94.7	0	6	7	0	0	0
2372229	2576825589	185	1	1	28	202044	0	0	55	94.7	61.2	86.1	0	6	7	0	0	0
2372229	2576825725	449	1	1	32	51952	246301	1	36.2	16.3	31.1	25.4	0	7	8	0	0	0
2372229	2576826021	449	1	1	34	246301	0	1	30.1	25.8	8.7	50.6	0	7	8	0	0	0
2372229	2576826077	449	1	1	52	508479	143877	1	12.6	49.2	56.4	49.8	0	7	9	0	0	0
2372229	2576826111	449	1	1	55	143877	0	0	56.4	49.8	65	21.4	0	7	9	0	3	0
2372229	2576826191	185	1	1	59	475344	215510	1	31.9	82.6	24.3	75.5	0	8	10	0	0	0
2372229	2576826245	185	1	2	2	215510	80209	1	24.7	74.2	46.4	69	0	8	10	0	0	0
2372229	2576826363	449	1	2	7	519373	143877	1	65.2	29.3	74.8	51	0	9	11	0	0	0
2372229	2576826399	449	1	2	13	143877	248501	1	81.9	67.9	91.4	84.1	0	9	11	0	0	0
2372229	2576826471	449	1	2	17	248501	0	0	96.6	83.1	91.8	44.1	0	9	11	2	0	0
2372229	2576826717	185	1	2	33	124097	121220	1	8.6	48	9.8	30.1	0	10	12	0	0	240
2372229	2576826743	185	1	2	36	121220	124097	1	11.8	28.9	9.2	46.3	0	10	12	0	0	0
2372229	2576826809	185	1	2	39	124097	93721	100	3.9	58.6	32.1	95.1	0	10	12	0	0	0
2372229	2576827185	185	1	3	0	475344	168580	1	31.9	100	51.7	96.9	0	10	13	0	0	0
2372229	2576827295	185	1	3	3	168580	202044	1	49.7	95	62.5	92.4	0	10	13	0	0	0
2372229	2576827347	185	1	3	9	202044	475344	1	80.5	90	73	89.7	0	10	13	0	0	0
2372229	2576827379	185	1	3	11	475344	80209	1	74.2	88.3	78.3	79	0	10	13	0	0	0
2372229	2576827417	185	1	3	12	80209	0	0	78.3	79	90.7	82.2	0	10	13	0	0	0
2372229	2576827525	449	1	3	16	234908	508479	1	3.6	26.4	5.7	49.8	0	11	14	0	0	0
2372229	2576827571	449	1	3	18	508479	234370	100	5.8	49.8	41.1	26.8	0	11	14	0	0	0
2372229	2576827629	185	1	3	24	234370	197024	1	63.8	64.4	61.8	59.1	0	12	15	0	0	0
2372229	2576827665	185	1	3	25	197024	121220	1	60.2	59.4	43.3	56.6	0	12	15	0	0	0
2372229	2576827717	185	1	3	27	121220	197024	1	43.2	53.2	47.2	53.9	0	12	15	0	0	0
2372229	2576827737	185	1	3	31	197024	215510	1	47.8	54.8	46.1	72.5	0	12	15	0	0	0
2372229	2576827819	185	1	3	33	215510	80209	1	46.1	72.5	62.3	88	0	12	15	0	0	0
2372229	2576827841	185	1	3	36	80209	475344	1	62.3	88	71.6	94	0	12	15	0	0	0
2372229	2576827847	185	1	3	39	475344	234908	100	71.6	94	80.7	83.2	0	12	15	0	0	0
2372229	2576828089	185	1	3	53	475344	168580	1	85.2	100	88.7	96.1	0	12	16	0	0	0
2372229	2576828153	185	1	3	57	168580	0	0	85.5	96.6	82.9	95.6	0	12	17	0	0	0
2372229	2576828297	185	1	4	7	475344	80209	1	81.7	100	72.8	92.6	0	12	18	0	0	0
2372229	2576828333	185	1	4	10	80209	234370	1	71.4	92.7	78.2	90	0	12	18	0	0	0
2372229	2576828357	185	1	4	12	234370	168580	1	78.2	90	83.3	95.4	0	12	18	0	0	0
2372229	2576828383	185	1	4	14	168580	80209	1	80.4	92.4	74.1	84.9	0	12	18	0	0	0
2372229	2576828457	185	1	4	16	80209	164474	1	72.6	82.1	66.6	23	0	12	18	0	0	0
2372229	2576828479	185	1	4	21	164474	509290	1	67.8	8.6	75.6	8.8	0	12	18	0	0	0
2372229	2576828523	449	1	4	23	100059	230071	1	16.5	85.8	28.6	84.7	0	13	19	0	0	0
2372229	2576828549	449	1	4	24	230071	248501	1	28.6	84.7	32.5	93.3	0	13	19	0	0	0
2372229	2576828633	185	1	4	30	197024	509290	1	69.7	7.7	69.7	24.4	0	14	21	0	0	0
2372229	2576828637	185	1	4	32	509290	0	0	69.4	26.5	76.5	31.2	0	14	21	0	0	0
2372229	2576828791	449	1	4	35	51952	93721	1	27.1	74	46.5	50	0	15	22	0	0	0
2372229	2576828853	449	1	4	42	93721	143877	1	77.7	50.4	86.5	37.2	0	15	22	0	0	0
2372229	2576828893	449	1	4	46	143877	93721	1	92.4	25.6	86.6	39	0	15	22	0	0	0
2372229	2576829425	449	1	5	21	51952	248501	1	99.7	99.3	97.4	77.5	0	15	23	0	0	6
2372229	2576829441	449	1	5	22	248501	51952	1	97.6	76.9	92	88.2	0	15	23	0	0	0
2372229	2576829505	449	1	5	24	51952	246301	1	90.6	89	88.4	49.4	0	15	23	2	0	0
2372229	2576829613	185	1	5	31	80209	0	0	17.6	94	33.3	101.4	0	16	24	0	0	0
2372229	2576829935	449	1	5	47	234908	230071	1	59.7	0	59.8	11.6	0	17	25	0	0	0
2372229	2576829951	449	1	5	48	230071	234908	1	59.8	11.6	57.8	3.7	0	17	25	0	0	0
2372229	2576830167	449	1	5	50	234908	86813	1	57.8	3.7	35.6	5.9	0	17	25	0	0	0
2372229	2576830209	449	1	6	5	86813	246301	1	28.1	42.1	28.4	69.1	0	17	26	0	0	0
2372229	2576830271	449	1	6	7	246301	86813	1	30.4	73.8	29.7	45.1	0	17	26	0	0	0
2372229	2576830321	449	1	6	10	86813	246301	1	29.9	45.1	30.6	80.7	0	17	26	0	0	0
2372229	2576830381	449	1	6	14	246301	100059	1	31	85.7	36.5	96.1	0	17	26	0	0	0
2372229	2576830683	185	1	6	33	164474	121220	1	44.9	3.2	26.1	19	0	18	28	0	0	5
2372229	2576830753	185	1	6	36	121220	124097	1	25	20.4	6	50.9	0	18	28	0	0	0
2372229	2576830801	185	1	6	41	124097	121220	1	7.5	50.5	10.1	15.9	0	18	28	0	0	0
2372229	2576830875	185	1	6	44	121220	0	0	11.2	12.4	52.2	33.3	0	18	28	0	0	0
2372229	2576830909	449	1	6	47	86813	0	0	44.2	66.2	71.5	83.1	0	19	29	0	0	0
2372229	2576830947	185	1	6	50	197024	0	0	29.2	16.1	40.7	8	0	0	0	0	3	0
2372229	2576832415	449	1	7	9	100059	519373	1	60	89.2	52.8	73.6	0	19	30	0	0	5
2372229	2576831253	449	1	7	9	51952	519373	1	58.2	83.7	62	74.6	0	19	30	0	0	0
2372229	2576831273	449	1	7	10	519373	230071	1	62	74.6	67.9	79.5	0	19	30	0	0	0
2372229	2576831287	449	1	7	11	230071	51952	1	67.9	79.5	59.4	85.1	0	19	30	0	0	0
2372229	2576831333	449	1	7	13	51952	0	1	59.1	85.1	70.3	61	0	19	30	0	0	0
2372229	2576831361	449	1	7	16	248501	230071	1	71.9	63.6	70.3	71.3	0	19	30	0	0	0
2372229	2576831389	449	1	7	17	230071	234908	1	67.9	70.3	68.9	9.4	0	19	30	0	0	0
2372229	2576831463	449	1	7	20	234908	93721	1	72.9	7.1	78.1	4.7	0	19	30	0	0	0
2372229	2576831475	449	1	7	23	93721	234908	1	78.1	4.7	75.8	12.8	0	19	30	0	0	0
2372229	2576831507	449	1	7	26	234908	93721	1	75.6	12.8	77.3	5.3	0	19	30	0	0	0
2372229	2576831537	449	1	7	29	93721	86813	1	72.6	8.4	55.8	27	0	19	30	0	0	0
2372229	2576831557	449	1	7	31	86813	51952	1	55.8	27	59.1	38.4	0	19	30	0	0	0
2372229	2576831589	449	1	7	32	51952	86813	1	58.4	40.5	52.1	23.4	0	19	30	0	0	0
2372229	2576831625	449	1	7	34	86813	519373	1	52.1	23.4	59.4	21.4	0	19	30	0	0	0
2372229	2576831653	449	1	7	35	519373	86813	1	59.4	21.4	44.7	26.6	0	19	30	0	0	0
2372229	2576831677	449	1	7	37	86813	246301	1	44.7	26.6	34.7	51.6	0	19	30	0	0	0
2372229	2576831717	449	1	7	40	246301	86813	1	34.7	51.6	36.7	26	0	19	30	0	0	0
2372229	2576831863	449	1	7	42	86813	508479	1	35.2	26.8	14.3	51.8	0	19	30	0	0	0
2372229	2576831931	449	1	7	49	508479	246301	1	14.3	51.8	21.4	69.7	0	19	30	0	0	0
2372229	2576831963	449	1	7	54	246301	86813	1	21.4	68.7	18.6	37.8	0	19	30	0	0	0
2372229	2576832001	449	1	7	57	86813	51952	1	18.6	37.8	26.2	47.6	0	19	30	0	0	0
2372229	2576832015	449	1	7	58	51952	234370	100	26.2	47.6	28.6	34.4	0	19	30	0	0	0
2372229	2576832595	449	1	8	25	86813	508479	1	4.7	38.4	7.3	48.2	0	21	32	0	0	0
2372229	2576832623	449	1	8	30	508479	519373	1	9.4	48.2	14.8	46.3	0	21	32	0	0	0
2372229	2576832667	449	1	8	31	519373	246301	1	14.8	46.3	12.4	71.1	0	21	32	0	0	0
2372229	2576832785	449	1	8	38	246301	508479	1	18.3	71.1	8.9	52.4	0	21	32	0	0	0
2372229	2576832831	449	1	8	42	508479	234908	1	10.5	48.4	23.3	6.5	0	21	32	0	0	0
2372229	2576832861	449	1	8	45	234908	519373	1	23.3	6.5	38.9	10.2	0	21	32	0	0	0
2372229	2576832873	449	1	8	46	519373	234908	1	39.8	12.8	29.9	20.8	0	21	32	0	0	0
2372229	2576832895	449	1	8	47	234908	51952	1	31.2	20.7	26.9	36	0	21	32	0	0	0
2372229	2576832989	449	1	8	50	51952	230071	1	29.7	42.9	36.3	76.4	0	21	32	0	0	0
2372229	2576833019	449	1	8	55	230071	0	0	48.9	56.9	57.6	35.6	0	21	32	0	0	0
2372229	2576833353	449	1	9	16	51952	93721	1	56.1	35.8	66.7	5.9	0	21	33	0	0	5
2372229	2576833385	449	1	9	18	93721	234908	1	66.7	5.9	56.1	17.3	0	21	33	0	0	0
2372229	2576833429	449	1	9	21	234908	230071	1	57.4	26	54.9	58.1	0	21	33	0	0	0
2372229	2576833439	449	1	9	24	230071	100059	1	54.7	58.7	70	93.1	0	21	33	0	0	0
2372229	2576833519	449	1	9	28	100059	248501	1	70	95.3	71.8	85.1	0	21	33	0	0	0
2372229	2576833543	449	1	9	29	248501	100059	1	71.8	85.1	67.2	92.9	0	21	33	0	0	0
2372229	2576833583	449	1	9	31	100059	246301	1	63.1	95.1	44.4	80.1	0	21	33	0	0	0
2372229	2576833613	449	1	9	33	246301	86813	1	44.4	80.1	35.4	36.4	0	21	33	0	0	0
2372229	2576833665	449	1	9	37	86813	234908	1	34	33.3	38.4	20.8	0	21	33	0	0	0
2372229	2576833727	449	1	9	39	234908	86813	1	36.9	23.6	31.2	37.4	0	21	33	0	0	0
2372229	2576833751	449	1	9	41	86813	51952	1	31.5	40.2	37.4	56.9	0	21	33	0	0	0
2372229	2576833795	449	1	9	44	51952	248501	1	37.7	58.5	47.9	51.8	0	21	33	0	0	0
2372229	2576833827	449	1	9	44	248501	230071	1	48.6	52	46.4	56.1	0	21	33	0	0	0
2372229	2576833863	449	1	9	45	230071	143877	1	46.4	56.1	54.9	65	0	21	33	0	0	0
2372229	2576833929	449	1	9	49	143877	100059	1	54.2	69.3	70.1	92	0	21	33	0	0	0
2372229	2576833981	449	1	9	53	100059	143877	1	77.1	88.8	91.8	73	0	21	33	0	0	0
2372229	2576833987	449	1	9	57	143877	0	0	97.6	75.2	97.5	71.1	0	21	33	0	0	0
2372229	2576834501	449	1	10	29	51952	0	0	99.5	99.5	90.7	57.9	0	21	34	2	0	6
2372229	2576834575	449	1	10	34	100059	51952	1	76	84.7	85.4	90.8	0	21	35	0	0	0
2372229	2576835361	185	1	11	18	124097	0	0	21.6	27.6	62	12.8	0	22	36	0	0	5
2372229	2576835395	449	1	11	21	100059	0	0	32.5	86.8	34.5	85.5	0	0	0	0	3	0
2372229	2576835441	449	1	11	22	51952	0	0	34.5	73	34.7	54.9	0	23	37	0	0	0
2372229	2576835467	185	1	11	26	80209	100059	100	70.6	34.1	80.7	25.9	0	24	38	0	0	0
2372229	2576835947	449	1	11	51	508479	246301	1	12.8	52.6	24	78	0	25	40	0	0	0
2372229	2576835981	449	1	11	54	246301	100059	1	24.9	82.3	27	91	0	25	40	0	0	0
2372229	2576835989	449	1	11	55	100059	230071	1	26.6	91	34.7	91.6	0	25	40	0	0	0
2372229	2576836037	449	1	11	56	230071	51952	1	34.7	91.6	30.7	72.7	0	25	40	0	0	0
2372229	2576836871	449	1	11	58	51952	0	0	31.8	80.3	23.7	85.8	0	25	40	0	0	0
2372229	2576836113	185	1	11	59	202044	0	1	74.7	23	72.5	31.3	0	26	41	0	0	0
2372229	2576836139	185	1	12	2	197024	168580	1	73.8	38	75.2	54	0	26	41	0	0	0
2372229	2576836165	185	1	12	3	168580	234370	1	75.2	54	72	54.2	0	26	41	0	0	0
2372229	2576836213	185	1	12	5	234370	475344	1	73.9	59.7	85.4	76.4	0	26	41	0	0	0
2372229	2576836219	185	1	12	7	475344	0	0	86.4	76.8	89.5	71.3	0	26	41	2	0	0
2372229	2576836317	185	1	12	13	475344	0	0	88.4	86.9	90.2	84.6	0	26	42	2	0	0
2372229	2576836517	185	1	12	19	234370	215510	1	69.2	97.7	55.3	89.7	0	26	43	0	0	0
2372229	2576836569	185	1	12	22	215510	475344	1	54.8	88.7	80.4	92.3	0	26	43	0	0	0
2372229	2576836597	185	1	12	24	475344	0	0	80.3	91.1	83.2	87.8	0	26	43	0	0	0
2372229	2576837137	449	1	12	52	86813	246301	1	7.8	13	9.5	47	0	27	45	0	0	5
2372229	2576855573	449	1	12	52	508479	86813	1	7.9	48.6	13.9	37.6	0	27	45	0	0	0
2372229	2576837145	449	1	12	55	86813	246301	1	17.9	37.8	23.1	76.4	0	27	45	0	0	0
2372229	2576837189	449	1	13	0	246301	100059	1	24.4	77	31.7	95.1	0	27	45	0	0	0
2372229	2576837243	449	1	13	3	100059	508479	1	33.4	87.6	13.9	49.6	0	27	45	0	0	0
2372229	2576837283	449	1	13	7	508479	86813	1	13.9	48.6	20.1	31.9	0	27	45	0	0	0
2372229	2576837305	449	1	13	10	86813	234908	1	21.6	29.7	31.5	14.7	0	27	45	0	0	0
2372229	2576837367	449	1	13	12	234908	0	0	31.5	14.7	74.1	23.4	0	27	45	0	0	0
2372229	2576837439	185	1	13	16	215510	0	1	20.9	77.2	5.9	52.6	0	28	46	0	0	0
2372229	2576837545	185	1	13	20	124097	215510	1	4	56.8	11.3	86.9	0	28	46	0	0	0
2372229	2576837601	185	1	13	25	215510	86813	100	15.4	90.9	37.1	81.9	0	28	46	0	0	0
2372229	2577098945	449	1	13	27	230071	0	1	69.3	24.2	75.3	7.2	0	29	47	0	0	0
2372229	2576837669	449	1	13	29	93721	143877	1	74.4	17.1	80.2	32.5	0	29	47	0	0	0
2372229	2576837743	449	1	13	30	143877	519373	1	81.4	35.6	78.1	28.5	0	29	47	0	0	0
2372229	2576838773	185	1	14	46	124097	121220	1	17.5	57.9	15	24.7	0	30	48	0	0	5
2372229	2576838837	185	1	14	51	121220	164474	1	13.5	15.4	16	4.3	0	30	48	0	0	0
2372229	2576840335	449	1	14	55	230071	0	0	86.6	88.2	86.3	69.9	0	31	49	0	0	0
2372229	2576838979	185	1	14	57	197024	0	1	14.1	25	9.5	7.3	0	32	50	0	0	0
2372229	2576839019	449	1	15	5	230071	248501	1	86.8	94.9	79.6	91.8	0	33	51	0	0	0
2372229	2576839031	449	1	15	7	248501	0	0	79.1	91.8	88	71.3	0	33	51	2	0	0
2372229	2576839485	449	1	15	37	100059	519373	1	83	100	94.7	89.6	0	33	52	0	0	0
2372229	2576840035	185	1	16	10	124097	509290	1	15.8	14.8	61.1	16.5	0	34	54	0	0	5
2372229	2576840065	185	1	16	13	509290	0	0	61.1	16.5	62.1	33.2	0	34	54	0	3	0
2372229	2576840079	449	1	16	15	519373	0	0	35.1	63.2	45.7	67.9	0	0	0	0	3	0
2372229	2576840113	185	1	16	18	197024	80209	1	58.3	29.9	66.3	21.6	0	34	55	0	0	0
2372229	2576840167	185	1	16	19	80209	509290	1	66.3	21.6	65	9.3	0	34	55	0	0	0
2372229	2576840623	449	1	16	49	86813	508479	1	4	43.3	5.7	48.6	0	35	56	0	0	0
2372229	2576840639	449	1	16	54	508479	246301	1	5.8	49.8	9.7	71.7	0	35	56	0	0	0
2372229	2576840691	449	1	16	56	246301	100059	1	9.7	71.7	14.5	89.8	0	35	56	0	0	0
2372229	2576840733	449	1	16	59	100059	0	0	14.5	89.8	43.6	56.1	0	35	56	0	0	0
2372229	2576840809	185	1	17	6	197024	80209	1	55.2	50.9	69.8	33.2	0	36	57	0	0	0
2372229	2576840817	185	1	17	8	80209	0	0	69.8	29.3	72	26.9	0	36	57	0	0	0
2372229	2576840887	185	1	17	9	80209	509290	1	70.5	22.8	77.5	6.2	0	36	58	0	0	0
2372229	2576840931	185	1	17	14	509290	164474	1	80.5	7.1	92.6	15.9	0	36	58	0	0	0
2372229	2576840969	185	1	17	17	164474	0	0	96.9	24.6	95.7	34.7	0	36	58	2	0	0
2372229	2576841099	185	1	17	25	234370	0	0	62.1	86.3	90.6	102	0	36	60	0	0	0
2372229	2576841443	449	1	17	48	234908	519373	1	14.8	0	24.5	9.8	0	37	61	0	0	0
2372229	2576841687	449	1	18	1	234908	93721	1	31.5	0	41.6	5.9	0	37	62	0	0	0
2372229	2576841713	449	1	18	4	93721	51952	1	40.9	7.8	32.1	27.7	0	37	62	0	0	0
2372229	2576841745	449	1	18	6	51952	246301	1	32.2	27.9	31	61.2	0	37	62	0	0	0
2372229	2576841779	449	1	18	8	246301	100059	1	33	67.5	42	88.4	0	37	62	0	0	0
2372229	2576841809	449	1	18	12	100059	248501	1	48	84.5	64.5	93.7	0	37	62	0	0	0
2372229	2576841843	449	1	18	13	248501	100059	1	64.4	93.5	46.1	85.7	0	37	62	0	0	0
2372229	2576841877	449	1	18	16	100059	230071	1	45.9	85.8	72.2	80.1	0	37	62	0	0	0
2372229	2576842051	185	1	18	22	121220	0	1	15.1	2.8	36.9	15.4	0	38	63	0	0	0
2372229	2576842167	185	1	18	37	80209	197024	1	51.9	4.9	41.3	26.9	0	38	64	0	0	5
2372229	2576842179	185	1	18	40	197024	234370	1	41.3	26.9	45.2	31.3	0	38	64	0	0	0
2372229	2576842197	185	1	18	41	234370	197024	1	45.2	31.3	40.2	25.3	0	38	64	0	0	0
2372229	2576842251	185	1	18	41	197024	121220	1	39.1	26.4	24.4	38.7	0	38	64	0	0	0
2372229	2576842331	185	1	18	45	121220	124097	1	23	38.9	13.6	52	0	38	64	0	0	0
2372229	2576842373	185	1	18	51	124097	164474	1	15.1	52.8	43.2	20.2	0	38	64	0	0	0
2372229	2576842417	185	1	18	58	164474	0	0	55.5	20.1	60.9	17.3	0	38	64	0	0	0
2372229	2576842477	449	1	19	0	246301	51952	1	32.1	75.4	40.7	66	0	39	65	0	0	0
2372229	2576842505	449	1	19	2	51952	519373	1	40.9	65.8	49	49.8	0	39	65	0	0	0
2372229	2576842557	449	1	19	7	51952	248501	1	56.7	65	64.5	69.1	0	39	66	0	0	0
2372229	2576842603	185	1	19	12	234370	80209	1	52.5	27.2	61.8	22.5	0	40	67	0	0	0
2372229	2576842655	185	1	19	15	80209	509290	1	67	23.2	95.2	26.4	0	40	67	0	0	0
2372229	2576842729	185	1	19	20	509290	168580	1	95	29	87.4	51.1	0	40	67	0	0	0
2372229	2576843639	449	1	20	38	143877	246301	1	50.2	50.4	32.5	63.4	0	41	68	0	0	0
2372229	2576843657	449	1	20	41	246301	86813	1	32.5	63.4	30.4	33.3	0	41	68	0	0	0
2372229	2576843659	449	1	20	43	86813	234908	1	30.4	33.3	34.5	17.5	0	41	68	0	0	0
2372229	2576843769	185	1	20	52	168580	475344	1	89.6	77.8	87.8	71.9	0	42	69	0	0	0
2372229	2576843821	185	1	20	55	475344	0	0	96.3	73	95.9	60.4	0	42	69	0	0	0
2372229	2576844361	449	1	21	38	508479	0	0	9.5	46.5	61.7	41.9	0	43	70	0	0	5
2372229	2576844461	185	1	21	43	215510	124097	1	22.5	62.8	9.3	55.2	0	44	71	0	3	0
2372229	2576844493	185	1	21	47	124097	475344	1	9.7	56.3	25.5	93.2	0	44	71	0	0	0
2372229	2576844537	185	1	21	51	475344	202044	1	28	93.8	55.7	80.6	0	44	71	0	0	0
2372229	2576844603	185	1	21	55	202044	509290	1	45.6	66.8	55.4	14.3	0	44	71	0	0	0
2372229	2576844635	185	1	22	0	509290	164474	1	73.4	24.7	90.9	16.7	0	44	71	0	0	0
2372229	2576844651	185	1	22	2	164474	0	0	91.3	16.7	92.3	45.8	0	44	71	2	0	0
2372229	2576845585	185	1	23	20	80209	234370	1	99.5	0.5	79	21.6	0	44	72	0	0	6
2372229	2576845607	185	1	23	22	234370	80209	1	79	21.6	89.7	14.5	0	44	72	0	0	0
2372229	2576845615	185	1	23	24	80209	0	0	90.6	13.9	91.9	18.5	0	44	72	2	0	0
2372229	2576845899	185	1	23	46	164474	509290	1	91.7	0	94.7	12.8	0	44	73	0	0	0
2372229	2576845909	185	1	23	48	509290	230071	100	94.7	12.8	86	8.8	0	44	73	0	0	0
2372229	2576846055	185	1	23	59	164474	208380	100	90.6	0	93.1	16.7	0	44	74	0	0	0
2372229	2576846377	449	1	24	27	508479	246301	1	3.6	54.5	10.6	73.6	0	45	75	0	0	0
2372229	2576846405	449	1	24	28	246301	208380	1	10.6	73.6	20.7	93.1	0	45	75	0	0	0
2372229	2576846437	449	1	24	32	208380	246301	1	21.2	87.8	11.9	86	0	45	75	0	0	0
2372229	2576846447	449	1	24	34	246301	0	0	9.1	92.2	12.2	92.2	0	45	75	0	0	0
2372229	2576846633	449	1	24	50	208380	248501	1	12.7	100	21.2	91	0	45	76	0	0	0
2372229	2576846697	449	1	24	50	248501	0	0	22.3	91.2	33.4	63.2	0	45	76	0	0	0
2372229	2576846735	449	1	24	56	519373	143877	1	33.6	63.6	45.3	66.2	0	45	77	0	0	0
2372229	2576846879	449	1	25	5	230071	234908	1	63.5	65.8	66.4	35.8	0	45	78	0	0	0
2372229	2576846929	449	1	25	10	234908	93721	1	70.3	28.1	81.4	21.6	0	45	78	0	0	0
2372229	2576846947	449	1	25	13	93721	0	0	84.6	24.2	83.5	27.2	0	45	78	0	0	0
2372229	2576846993	449	1	25	16	234908	51952	1	67.4	21.4	60.8	29.3	0	45	79	0	0	0
2372229	2576847033	449	1	25	20	51952	519373	1	62.4	30.7	72.3	32.9	0	45	79	0	0	0
2372229	2576847059	449	1	25	24	519373	234908	1	72.2	30.1	68.3	13.8	0	45	79	0	0	0
2372229	2576847069	449	1	25	26	234908	168580	100	68.3	13.8	76.9	14.5	0	45	79	0	0	0
2372229	2576847285	449	1	25	47	234908	93721	1	75.9	0	75.3	8.2	0	45	80	0	0	0
2372229	2576847301	449	1	25	48	93721	234908	1	75.3	8.2	74.8	4.3	0	45	80	0	0	0
2372229	2576847341	449	1	25	49	234908	51952	1	74.8	4.3	66.8	21.2	0	45	80	0	0	0
2372229	2576847393	185	1	25	54	197024	202044	1	28.8	80.9	34.5	67.7	0	46	81	0	0	0
2372229	2576847425	449	1	25	58	208380	0	0	64.1	56.9	65.2	55.5	0	47	82	0	0	0
2372229	2576847519	449	1	26	2	51952	86813	1	54.7	44.1	45	43.3	0	49	84	0	0	0
2372229	2576847593	449	1	26	4	86813	208380	1	45.1	43.7	54.1	78.2	0	49	84	0	0	0
2372229	2576847621	449	1	26	10	208380	248501	1	68.2	82.5	75.5	68.9	0	49	84	0	0	0
2372229	2576847855	185	1	26	36	124097	164474	1	7.7	45.6	23.4	9.5	0	50	85	0	0	0
2372229	2576848379	185	1	26	37	164474	0	0	24.1	3.1	57.6	9.5	0	50	85	0	0	0
2372229	2576848359	449	1	27	21	246301	508479	1	30	81.7	22	55.5	0	51	86	0	0	5
2372229	2576848389	449	1	27	25	508479	246301	1	22.2	56.3	28.8	83.7	0	51	86	0	0	0
2372229	2576848413	449	1	27	28	246301	230071	1	25.2	83.1	36.3	79.5	0	51	86	0	0	0
2372229	2576848455	449	1	27	30	230071	208380	1	37.7	82.1	48	96.1	0	51	86	0	0	0
2372229	2576848477	449	1	27	33	208380	230071	1	58.6	92.2	40.9	85.1	0	51	86	0	0	0
2372229	2576848519	449	1	27	35	230071	86813	1	40.6	85.1	38	45.9	0	51	86	0	0	0
2372229	2576848559	449	1	27	39	86813	519373	1	48.8	42.7	72.6	34.2	0	51	86	0	0	0
2372229	2576848573	449	1	27	42	519373	248501	1	66.7	44.7	72.5	52.8	0	51	86	0	0	0
2372229	2576848605	449	1	27	44	248501	197024	100	72.7	53.9	71.6	66.5	0	51	86	0	0	0
2372229	2576848727	449	1	27	47	230071	93721	1	66	65.8	83.6	11.6	0	51	87	0	0	0
2372229	2576848769	449	1	27	56	93721	0	0	75.6	29.5	89.6	39.6	0	51	87	0	0	0
2372229	2576848813	449	1	28	0	234908	0	0	77.5	11.8	81.9	16.3	0	51	88	0	0	0
2372229	2576848869	449	1	28	4	234908	519373	1	87	10	85	17.9	0	51	89	0	0	0
2372229	2576848907	449	1	28	6	519373	0	0	84.8	18.3	92.2	47.8	0	51	89	2	0	0
2372229	2576849003	449	1	28	12	86813	0	0	64.4	30.3	77.5	40.5	0	0	0	0	3	0
2372229	2576849001	185	1	28	14	197024	0	0	23.6	63.9	28.8	69.3	0	52	90	0	0	0
2372229	2576850713	449	1	28	14	234908	519373	1	61.2	27.5	65.9	12.4	0	53	91	0	3	0
2372229	2576849149	185	1	28	24	80209	0	1	25.5	95.1	23.1	87	0	54	92	0	0	0
2372229	2576849169	185	1	28	27	234370	93721	100	22.4	87.6	31.9	90.6	0	54	92	0	0	0
2372229	2576851311	449	1	28	29	93721	0	1	67.1	18.3	78.9	32.9	0	55	93	0	0	0
2372229	2576849243	185	1	28	30	215510	0	1	19.9	72.1	25.9	79.2	0	56	94	0	0	0
2372229	2576849263	185	1	28	31	234370	197024	1	25.9	79.2	24.2	72.2	0	56	94	0	0	0
2372229	2576849271	185	1	28	33	197024	0	0	24.2	72.2	42.4	102	0	56	94	0	0	0
2372229	2576849473	449	1	28	47	234908	143877	1	54	0	57.6	10.8	0	57	95	0	0	0
2372229	2576849519	449	1	28	54	51952	234908	1	62.6	28.5	61.6	14.9	0	57	96	0	0	0
2372229	2576849535	449	1	28	56	234908	51952	1	61.6	14.9	55.8	26.6	0	57	96	0	0	0
2372229	2576849583	449	1	29	0	51952	248501	1	52.8	26.4	65.5	63.4	0	57	96	0	0	0
2372229	2576849613	449	1	29	1	248501	208380	1	66	64	61.7	88.6	0	57	96	0	0	0
2372229	2576849681	449	1	29	10	208380	230071	1	68.9	81.9	77.4	88.6	0	57	96	0	0	0
2372229	2576849733	449	1	29	13	230071	248501	1	72.2	86.4	71.8	68.1	0	57	96	0	0	0
2372229	2576849797	449	1	29	19	248501	234908	1	61.9	30.9	72.9	7.1	0	57	96	0	0	0
2372229	2576849811	449	1	29	22	234908	0	0	79.2	8.2	92.2	54.5	0	57	96	2	0	0
2372229	2576849913	185	1	29	29	124097	164474	1	9.3	52.2	22.2	16.5	0	58	97	0	0	0
2372229	2576849961	185	1	29	33	164474	197024	1	22.5	17	23.7	35.3	0	58	97	0	0	0
2372229	2576850011	185	1	29	35	197024	164474	1	22.8	34	17.3	13.7	0	58	97	0	0	0
2372229	2576850081	185	1	29	38	164474	0	1	16.9	10	10.4	17.3	0	58	97	0	0	0
2372229	2576852033	185	1	32	5	124097	202044	1	15.4	15.4	72.8	24.8	0	58	98	0	0	5
2372229	2576852081	185	1	32	9	202044	509290	1	72.8	24.8	70.9	18.4	0	58	98	0	3	0
2372229	2576852113	185	1	32	12	80209	0	0	67.8	2.3	70.2	3.6	0	58	99	0	0	0
2372229	2576852617	449	1	32	57	208380	248501	1	28.1	100	40.6	95.3	0	59	100	0	0	0
2372229	2576852675	449	1	32	58	248501	234908	1	40.5	95.3	46.8	18.7	0	59	100	0	0	0
2372229	2576852715	449	1	33	3	234908	93721	1	46.8	18.7	55.7	15.1	0	59	100	0	3	0
2372229	2576852739	449	1	33	5	93721	0	0	58	12.6	78.4	21.6	0	59	100	0	0	0
2372229	2576852777	185	1	33	10	215510	475344	1	21.6	93.5	23.5	97.2	0	60	101	0	0	0
2372229	2576852811	185	1	33	10	475344	215510	1	23.5	97.2	15.4	96.4	0	60	101	0	0	0
2372229	2576852823	185	1	33	13	215510	234908	100	13	95.5	33.2	94.4	0	60	101	0	0	0
2372229	2576852937	185	1	33	21	475344	202044	1	26	95.4	43.1	94.9	0	60	102	0	0	0
2372229	2576852955	185	1	33	24	202044	234370	1	41.1	94.1	34.7	88.6	0	60	102	0	0	0
2372229	2576853037	185	1	33	24	234370	168580	1	34.7	88.6	55.5	96.6	0	60	102	0	0	0
2372229	2576853047	185	1	33	30	168580	0	0	72.8	74.7	74.1	70.2	0	60	102	0	0	0
2372229	2576853125	449	1	33	36	246301	0	0	3.5	2.5	27.3	-1.8	0	61	103	0	0	0
2372229	2576853431	185	1	34	3	475344	202044	1	75.6	100	72.1	92.1	0	62	104	0	0	0
2372229	2576853443	185	1	34	4	202044	234370	1	72.1	92.1	67.2	93.4	0	62	104	0	0	0
2372229	2576853455	185	1	34	5	234370	0	0	67.2	93.4	75.5	93.5	0	62	104	0	0	0
2372229	2576853469	449	1	34	6	234908	93721	1	18.2	15.3	26.3	15.5	0	63	105	0	0	0
2372229	2576853477	449	1	34	7	93721	0	0	26.3	15.5	28.8	23.6	0	63	105	0	0	0
2372229	2576853531	185	1	34	8	197024	202044	1	67.4	81	73.1	83.3	0	64	106	0	0	0
2372229	2576853559	185	1	34	11	202044	121220	1	64.2	71.4	52.5	44.4	0	64	106	0	0	0
2372229	2576853597	185	1	34	14	121220	164474	1	52.7	43.1	63.3	13.3	0	64	106	0	0	0
2372229	2576853643	185	1	34	16	164474	80209	1	69.2	12	69.8	23.6	0	64	106	0	0	0
2372229	2576853739	185	1	34	18	80209	509290	1	69.7	16.8	80.1	9.7	0	64	106	0	0	0
2372229	2576853789	185	1	34	25	509290	0	1	91.4	16.2	79.6	15	0	64	106	0	0	0
2372229	2576854275	185	1	35	12	80209	234370	1	83.2	16.7	86.3	18.5	0	64	107	0	0	5
2372229	2576854287	185	1	35	12	234370	80209	1	86.3	18.5	82.6	17.8	0	64	107	0	0	0
2372229	2576854923	449	1	35	58	246301	508479	1	12.3	69.5	10.8	54.1	0	65	108	0	0	5
2372229	2576854955	449	1	36	1	508479	143877	1	13	54.1	44.2	36	0	65	108	0	0	0
2372229	2576854991	449	1	36	4	143877	475344	100	44.3	36	47.9	19.9	0	65	108	0	3	0
2372229	2576855131	449	1	36	12	246301	0	1	36.6	60	38.5	51.6	0	67	110	0	0	0
2372229	2576855689	449	1	36	43	51952	230071	1	40.9	40.4	45.9	56.9	0	67	111	0	0	0
2372229	2576862225	449	1	36	48	93721	234908	1	66	5.3	58.9	20.8	0	67	112	0	0	0
2372229	2576855699	449	1	36	51	234908	168580	100	57.2	26	62.4	23	0	67	112	0	0	0
2372229	2576855765	185	1	36	54	168580	80209	1	46.6	80.7	44.5	69.6	0	68	113	0	0	0
2372229	2576855861	185	1	36	57	80209	0	0	55.1	64.5	71.5	101.6	0	68	113	0	0	0
2372229	2576856069	449	1	37	13	234908	51952	1	26.4	0	27.1	19.5	0	69	114	0	0	0
2372229	2576856103	449	1	37	15	51952	508479	1	26.9	20.5	10.2	45.1	0	69	114	0	0	0
2372229	2576856161	449	1	37	19	508479	246301	1	9.8	49.2	13.7	65.6	0	69	114	0	0	0
2372229	2576856277	449	1	37	24	246301	508479	1	22.2	67.7	13.2	49	0	69	114	0	0	0
2372229	2576856331	449	1	37	34	508479	86813	1	23.4	48.4	30.6	26.8	0	69	114	0	0	0
2372229	2576856379	449	1	37	37	86813	0	0	31.2	24.2	75.5	81.7	0	69	114	0	0	0
2372229	2576856471	185	1	37	43	164474	124097	1	27.8	10.5	8.3	49.4	0	70	115	0	0	0
2372229	2576856523	185	1	37	49	124097	0	0	12.4	58.8	51.3	78.7	0	70	115	0	0	0
2372229	2576856531	449	1	37	52	234908	0	0	48.6	18.9	61.1	15.1	0	0	0	0	3	0
2372229	2576856567	185	1	37	54	475344	234370	1	35.7	80.2	34	76.5	0	70	116	0	0	0
2372229	2576856621	185	1	37	56	234370	0	0	37.3	82.7	76.8	102	0	70	116	0	0	0
2372229	2576856941	449	1	38	16	234908	93721	1	30.4	0	42.9	8.2	0	71	117	0	0	0
2372229	2576856997	449	1	38	19	93721	234908	1	43.7	9.2	32.6	5.5	0	71	117	0	0	0
2372229	2576857021	449	1	38	21	234908	86813	1	34.8	4.7	22.5	13.4	0	71	117	0	0	0
2372229	2576857053	449	1	38	23	86813	143877	1	22.5	13.4	41.1	19.7	0	71	117	0	0	0
2372229	2576857085	449	1	38	25	143877	0	0	41.1	19.7	47.7	30.5	0	71	117	0	3	0
2372229	2576857125	185	1	38	27	121220	234370	1	53	69.1	61.3	68.1	0	72	118	0	3	0
2372229	2576857197	449	1	38	31	51952	508479	1	32.5	35.8	11.2	49	0	73	119	0	0	0
2372229	2576857233	449	1	38	35	508479	86813	1	10.6	49	14.2	40.9	0	73	119	0	0	0
2372229	2576857277	449	1	38	39	86813	246301	1	14.1	43.3	19.2	70.9	0	73	119	0	0	0
2372229	2576857361	449	1	38	42	246301	248501	1	23.8	72.5	45.3	55.9	0	73	119	0	0	0
2372229	2576857429	449	1	38	46	248501	234908	1	42.9	31.9	46.2	17.9	0	73	119	0	0	0
2372229	2576857483	449	1	38	53	234908	93721	1	72.9	18.7	80.8	4.3	0	73	119	0	0	0
2372229	2576857525	449	1	38	56	93721	51952	1	76.7	8.2	68.6	30.3	0	73	119	0	0	0
2372229	2576857571	449	1	38	58	51952	248501	1	69	31.1	92.8	47.4	0	73	119	0	0	0
2372229	2576857659	449	1	39	2	519373	230071	1	86.8	40.2	92	51.6	0	73	0	0	3	0
2372229	2576857793	185	1	39	11	215510	80209	1	5.2	68.8	27	94.4	0	74	121	0	0	0
2372229	2576858027	449	1	39	22	86813	230071	1	33.4	25.2	38.9	36.6	0	75	122	0	0	0
2372229	2576858099	449	1	39	28	230071	248501	1	53.9	49.4	53.2	67.7	0	75	122	0	0	0
2372229	2576858137	449	1	39	34	248501	51952	1	54.7	68.7	53.9	53.2	0	75	122	0	0	0
2372229	2576858161	449	1	39	36	51952	519373	1	54.7	51.8	63.9	37.4	0	75	122	0	0	0
2372229	2576858169	449	1	39	38	519373	51952	1	64.9	39.2	54.3	45.9	0	75	122	0	0	0
2372229	2576858215	449	1	39	39	51952	234908	1	53.8	43.7	54.3	17.9	0	75	122	0	0	0
2372229	2576858257	449	1	39	43	234908	51952	1	59	18.5	58.2	30.1	0	75	122	0	0	0
2372229	2576858291	449	1	39	46	51952	230071	1	59.1	30.7	63.1	66.9	0	75	122	0	0	0
2372229	2576858335	449	1	39	48	230071	143877	1	63.8	64.8	73	50.8	0	75	122	0	0	0
2372229	2576858359	449	1	39	51	143877	230071	1	70.8	51.6	63.8	69.1	0	75	122	0	0	0
2372229	2576858373	449	1	39	53	230071	164474	100	65.7	68.9	74.9	62.2	0	75	122	0	0	0
2372229	2576858469	185	1	39	55	164474	0	1	30.5	31.3	43.8	35.3	0	76	123	0	0	0
2372229	2576858857	185	1	40	20	197024	0	0	40.3	30.9	72.7	36.3	0	76	124	0	0	5
2372229	2576858911	449	1	40	24	208380	51952	1	28.9	70.5	37.7	66	0	77	125	0	0	0
2372229	2576858917	449	1	40	26	51952	0	0	33.2	68.5	40.7	73.4	0	77	125	0	0	0
2372229	2576859051	449	1	40	31	230071	0	1	56.8	82.9	43.3	77.6	0	77	126	0	0	0
2372229	2576859387	449	1	40	53	208380	51952	1	42.5	75	59.3	82.5	0	77	127	0	0	5
2372229	2576859397	449	1	40	57	51952	230071	1	57.1	72.3	53.1	82.3	0	77	127	0	0	0
2372229	2576859451	449	1	41	1	230071	248501	1	62.6	86.8	66.3	68.5	0	77	127	0	0	0
2372229	2576859499	185	1	41	5	164474	168580	1	32	39.8	36	65.6	0	78	128	0	0	0
2372229	2576859639	185	1	41	6	168580	475344	1	36	65.6	24.9	70.1	0	78	128	0	0	0
2372229	2576859659	185	1	41	15	475344	234370	1	40.4	95.4	35.1	90	0	78	128	0	0	0
2372229	2576859723	185	1	41	16	234370	0	0	36.9	89.8	74.2	82.9	0	78	128	0	0	0
2372229	2576859809	449	1	41	22	86813	51952	1	28.4	29.9	39.1	41.1	0	79	129	0	0	0
2372229	2576859899	449	1	41	26	51952	519373	1	45.9	44.5	61.5	22.6	0	79	129	0	0	0
2372229	2576860059	449	1	41	30	519373	93721	1	72.1	21.2	91.1	5.3	0	79	129	0	0	0
2372229	2576860659	185	1	42	10	124097	0	0	5.1	48.6	51.7	-1.7	0	80	130	0	0	0
2372229	2576860771	449	1	42	18	208380	246301	1	47	100	33.4	90.6	0	81	131	0	0	0
2372229	2576860851	449	1	42	22	246301	86813	1	35.5	84.7	31.4	49	0	81	131	0	0	0
2372229	2576860901	449	1	42	30	86813	234908	1	32.8	49	36.7	26.8	0	81	131	0	0	0
2372229	2576861031	449	1	42	32	234908	230071	1	37	29.5	39.9	71.7	0	81	131	0	0	0
2372229	2576861115	185	1	42	42	509290	202044	1	37.4	12.8	47.1	27.5	0	82	132	0	0	0
2372229	2576861157	185	1	42	43	202044	197024	1	47.1	27.5	54	11.4	0	82	132	0	0	0
2372229	2576861173	185	1	42	46	197024	202044	1	60.8	8	60.7	22.2	0	82	132	0	0	0
2372229	2576861235	185	1	42	47	202044	197024	1	60.7	22.2	61.2	8.8	0	82	132	0	0	0
2372229	2576861245	185	1	42	51	197024	202044	1	60.8	9.6	64.4	19	0	82	132	0	0	0
2372229	2576861275	185	1	42	52	202044	197024	1	64.4	19	60.1	12	0	82	132	0	0	0
2372229	2576861321	185	1	42	54	197024	234370	1	57.8	13.7	44.4	31.8	0	82	132	0	0	0
2372229	2576861339	185	1	42	57	234370	215510	1	43.3	35.2	44.5	57.7	0	82	132	0	0	0
2372229	2576861375	185	1	43	0	215510	168580	1	44.5	57.7	60.6	67.3	0	82	132	0	0	0
2372229	2576861417	185	1	43	2	168580	475344	1	65.7	71.4	69.3	93.8	0	82	132	0	0	0
2372229	2576861469	185	1	43	6	475344	80209	1	67.8	91.5	60.4	76.2	0	82	132	0	0	0
2372229	2576861489	185	1	43	9	80209	215510	1	57.5	75.2	47.1	62.3	0	82	132	0	0	0
2372229	2576861529	185	1	43	10	215510	234370	1	47.1	62.3	51.7	74.1	0	82	132	0	0	0
2372229	2576861541	185	1	43	13	234370	80209	1	52.3	75.5	60	88.9	0	82	132	0	0	0
2372229	2576861617	449	1	43	15	519373	143877	1	45.3	30.3	54.6	45.1	0	83	133	0	0	0
2372229	2576861705	449	1	43	19	143877	93721	1	63.8	24.4	83.2	5.7	0	83	133	0	0	0
2372229	2576861717	449	1	43	24	93721	0	0	83.2	8.4	78.1	63.4	0	83	133	0	0	0
2372229	2576861809	449	1	43	29	234908	51952	1	55	30.5	68.2	44.9	0	83	134	0	3	0
2372229	2576861871	449	1	43	34	51952	234908	1	65.9	45.5	69.7	29.5	0	83	134	0	0	0
2372229	2576861897	449	1	43	38	234908	0	0	69	33.8	102	60.6	0	83	134	0	0	0
2372229	2576862415	185	1	44	16	124097	0	0	2.6	46.8	59.7	31.6	0	84	135	0	0	0
2372229	2576862521	185	1	44	23	80209	168580	1	69.9	36.5	81.3	44.3	0	84	136	0	0	0
2372229	2576863005	185	1	45	5	80209	0	0	99.6	0.7	91.3	44.7	0	84	137	2	0	6
2372229	2576863055	449	1	45	8	51952	234908	1	14.1	43.5	7.9	35.8	0	85	138	0	0	0
2372229	2576863063	449	1	45	9	234908	0	0	6.5	35.8	9.3	34.4	0	85	138	0	0	0
2372229	2576863137	185	1	45	13	168580	121220	1	85.5	79.5	85.3	71.4	0	86	139	0	0	0
2372229	2576863221	449	1	45	20	234908	51952	1	25.9	39.8	28.8	46.8	0	87	141	0	0	0
2372229	2576863239	449	1	45	21	51952	519373	1	28.9	46.8	31.1	53.9	0	87	141	0	0	0
2372229	2576863317	449	1	45	24	248501	230071	1	45.8	65.6	61.1	92.2	0	87	142	0	0	0
2372229	2576863339	449	1	45	31	230071	197024	100	74.4	70.3	76.7	65	0	87	142	0	0	0
2372229	2576863379	185	1	45	33	164474	124097	1	14.5	31.8	2.2	44.9	0	88	143	0	0	0
2372229	2576863411	185	1	45	34	124097	509290	1	2.6	44.9	40.8	18.4	0	88	143	0	0	0
2372229	2576863437	185	1	45	38	509290	80209	1	41.8	16.7	32.9	16.5	0	88	143	0	3	0
2372229	2576863573	185	1	45	39	80209	509290	1	32.9	16.5	70.8	2.9	0	88	143	0	0	0
2372229	2576864157	185	1	46	27	475344	168580	1	88.1	100	94	92.3	0	88	144	0	0	0
2372229	2576864187	185	1	46	28	168580	475344	1	94	92.1	85.6	95.8	0	88	144	0	0	0
2372229	2576864195	185	1	46	30	475344	168580	1	85.5	95.7	91.6	94.9	0	88	144	0	0	0
2372229	2576864723	185	1	47	2	80209	509290	1	99.3	99.7	94.2	64.4	0	88	145	2	0	6
2372229	2576864891	449	1	47	14	508479	246301	1	12.3	50	19.2	59.1	0	89	146	0	0	0
2372229	2576865001	449	1	47	16	246301	51952	1	21.6	60.4	28.4	80.7	0	89	146	0	0	0
2372229	2576865021	449	1	47	17	51952	208380	1	29.6	81.1	36.3	92.7	0	89	146	0	0	0
2372229	2576865041	449	1	47	23	208380	51952	1	55.6	90.4	43.3	73.8	0	89	146	0	0	0
2372229	2576865067	449	1	47	25	51952	230071	1	42.2	71.7	61.9	75.4	0	89	146	0	0	0
2372229	2576865119	449	1	47	27	230071	208380	1	61.5	75.6	56.8	90.6	0	89	146	0	0	0
2372229	2576865171	449	1	47	30	208380	51952	1	58.4	89.4	54.9	77.8	0	89	146	0	0	0
2372229	2576865227	185	1	47	35	234370	121220	1	30.4	37.7	21.5	36.4	0	90	147	0	0	0
2372229	2576865277	185	1	47	37	121220	124097	1	20.8	36.3	8.9	48.6	0	90	147	0	0	0
2372229	2576865349	185	1	47	41	124097	509290	1	10	48.5	58.5	19.8	0	90	147	0	0	0
2372229	2576865399	185	1	47	45	509290	0	0	58.5	19.8	75.4	16.7	0	90	147	0	3	0
2372229	2576865423	449	1	47	48	246301	0	1	25.1	79.3	33.7	88.2	0	91	148	0	3	0
2372229	2576865753	449	1	48	2	246301	86813	1	31.7	75.6	32.6	48.6	0	91	149	0	0	5
2372229	2576865779	449	1	48	4	86813	246301	1	32.6	48.6	36.9	68.5	0	91	149	0	0	0
2372229	2576865821	449	1	48	8	246301	475344	100	39.5	71.1	71.9	16.3	0	91	149	0	0	0
2372229	2576865881	185	1	48	13	234370	0	0	30	88.1	38.2	83.9	0	92	150	0	0	0
2372229	2576865927	449	1	48	15	234908	0	0	62.3	24.2	76.3	20.8	0	0	0	0	3	0
2372229	2576866003	185	1	48	17	475344	234370	1	28.8	85.5	39	98.3	0	92	151	0	0	0
2372229	2576866051	185	1	48	19	234370	0	0	39	98.3	63.8	78.4	0	92	151	0	0	0
2372229	2576866121	449	1	48	24	508479	86813	1	21.1	22.6	31.2	22	0	93	152	0	0	0
2372229	2576866175	449	1	48	27	86813	230071	1	31.2	22	39.1	35.2	0	93	152	0	0	0
2372229	2576866197	449	1	48	28	230071	86813	1	39.1	35.2	35	22.8	0	93	152	0	0	0
2372229	2576866275	449	1	48	33	86813	519373	1	34.7	20.7	54.3	2.1	0	93	152	0	0	0
2372229	2576866307	449	1	48	36	519373	0	0	59.4	2.9	80.2	9.8	0	93	152	0	0	0
2372229	2576866401	449	1	48	41	143877	93721	1	82.5	12.6	92.5	28.9	0	93	153	0	0	0
2372229	2576866411	449	1	48	43	93721	0	0	97.1	31.1	95.7	32.5	0	93	153	0	0	0
2372229	2576866887	449	1	49	9	248501	93721	1	99.5	0.5	91.8	48	0	93	154	2	0	6
2372229	2576867215	449	1	49	30	248501	234908	1	99.5	0.5	89.6	57.9	0	93	155	2	0	6
2372229	2576867261	449	1	49	32	234908	519373	1	89.6	57.9	83.5	53.5	0	93	155	0	3	0
2372229	2576867271	449	1	49	35	519373	0	0	86.6	56.3	94	73.8	0	93	155	0	0	0
2372229	2576867367	185	1	49	41	164474	197024	1	19.6	7.1	16.4	15.6	0	94	156	0	0	0
2372229	2576867387	185	1	49	43	197024	230071	100	17.7	16.4	44.6	15.7	0	94	156	0	0	0
2372229	2576867477	449	1	49	47	246301	51952	1	46.4	58.5	47.9	50.6	0	95	157	0	0	0
2372229	2576867591	449	1	49	52	51952	143877	1	56.3	48.6	64.6	63.4	0	95	157	0	0	0
2372229	2576867601	449	1	49	55	143877	246301	1	58	64.4	45.1	68.1	0	95	157	0	0	0
2372229	2576879903	185	2	45	0	73314	80209	1	50.1	49.7	50.7	51.8	0	96	158	0	0	0
2372229	2576879937	185	2	45	0	80209	197024	1	48.6	53.5	34.3	36.9	0	96	158	0	0	0
2372229	2576879961	185	2	45	3	197024	164474	1	35.7	36	32	10.5	0	96	158	0	0	0
2372229	2576880013	185	2	45	4	164474	121220	1	32	10.5	24.3	24.2	0	96	158	0	0	0
2372229	2576880041	185	2	45	8	121220	124097	1	22	26.9	11.2	47.2	0	96	158	0	0	0
2372229	2576880093	185	2	45	11	124097	509290	1	13	45.4	45.7	9.3	0	96	158	0	0	0
2372229	2576880115	185	2	45	14	509290	0	0	45.7	9.3	61.7	27.8	0	96	158	0	3	0
2372229	2576880155	449	2	45	17	86813	51952	1	35.9	66.5	45.4	80.3	0	97	159	0	0	0
2372229	2576880167	449	2	45	18	51952	208380	1	45.9	80.5	47	91.2	0	97	159	0	0	0
2372229	2576880211	449	2	45	20	208380	0	0	55.2	94.9	72.6	91.8	0	97	159	0	0	0
2372229	2576880275	449	2	45	25	230071	248501	1	72.3	85.8	75.1	74.8	0	97	160	0	0	0
2372229	2576880291	449	2	45	25	248501	230071	1	75.1	74.8	71.4	79.7	0	97	160	0	0	0
2372229	2576880337	449	2	45	27	230071	51952	1	71.4	79.7	67.7	66.2	0	97	160	0	0	0
2372229	2576880415	449	2	45	31	51952	208380	1	67.7	66.2	75.2	93.1	0	97	160	0	0	0
2372229	2576880417	449	2	45	37	208380	0	0	73.8	93.1	75.5	91.4	0	97	160	0	0	0
2372229	2576880445	449	2	45	38	208380	230071	1	72.6	93.9	81	87.8	0	97	161	0	0	0
2372229	2576880467	449	2	45	39	230071	51952	1	81	87.8	65.5	74	0	97	161	0	0	0
2372229	2576880519	449	2	45	42	51952	86813	1	65.3	71.7	63	54.3	0	97	161	0	0	0
2372229	2576880543	449	2	45	45	86813	230071	1	65.3	51.6	90.9	76.4	0	97	161	0	0	0
2372229	2576880577	449	2	45	48	230071	248501	1	90.7	76.2	89.5	66.5	0	97	161	0	3	0
2372229	2576880605	449	2	45	49	248501	208380	1	91.6	66.3	81.7	68.9	0	97	161	0	0	0
2372229	2576880965	185	2	46	17	124097	509290	1	4.6	55.7	37.6	11.1	0	98	163	0	0	0
2372229	2576882475	449	2	46	20	248501	51952	1	64.9	94.3	64.1	80.5	0	99	164	0	0	0
2372229	2576881025	449	2	46	22	51952	246301	1	70	74.2	56.4	76.2	0	99	164	0	0	0
2372229	2576881037	449	2	46	24	246301	519373	1	56.4	76.2	61.1	71.7	0	99	164	0	0	0
2372229	2576881049	449	2	46	25	519373	51952	1	61.1	71.7	56.7	74	0	99	164	0	0	0
2372229	2576881093	449	2	46	25	51952	86813	1	56.7	74	46.2	45.3	0	99	164	0	0	0
2372229	2576881155	449	2	46	29	86813	234908	1	52.1	47	53.8	22.2	0	99	164	0	0	0
2372229	2576881191	449	2	46	30	234908	93721	1	54.2	19.1	74.5	11.8	0	99	164	0	0	0
2372229	2576881211	449	2	46	32	93721	234908	1	74.5	11.8	70.7	19.7	0	99	164	0	0	0
2372229	2576881223	449	2	46	34	234908	0	0	72.5	18.5	73.6	16.9	0	99	164	0	0	0
2372229	2576881255	185	2	46	36	168580	0	1	24.4	87.8	20.9	82.2	0	100	165	0	0	0
2372229	2576881295	185	2	46	36	234370	73314	1	20.5	84.5	47.3	80.2	0	100	165	0	0	0
2372229	2576884913	185	2	46	38	73314	80209	1	46.1	82.1	43.6	89.7	0	100	165	0	0	0
2372229	2576881689	185	2	47	1	475344	0	0	52.3	100	85.5	83	0	100	166	0	0	0
2372229	2576881809	449	2	47	5	86813	508479	1	14.8	15.7	7.2	57.5	0	101	167	0	0	0
2372229	2576881857	449	2	47	11	508479	0	0	8.2	58.7	45.3	91.8	0	101	167	0	0	0
2372229	2576881893	185	2	47	14	164474	0	1	58.6	5.1	70.3	7.4	0	102	168	0	0	0
2372229	2576882683	185	2	48	0	80209	234370	1	74.2	19.6	75.2	19.6	0	102	169	0	0	5
2372229	2576882695	185	2	48	1	234370	80209	1	75.2	19.6	73.1	20.4	0	102	169	0	0	0
2372229	2576882745	185	2	48	2	80209	168580	1	74.1	20.4	97.6	70.2	0	102	169	2	0	0
2372229	2576882775	185	2	48	4	168580	0	0	97.9	68.6	96.4	60.8	0	102	169	0	0	0
2372229	2576882837	449	2	48	10	51952	0	0	20.7	2.1	31.4	27.3	0	103	170	0	0	0
2372229	2576882911	185	2	48	12	234370	475344	1	68.1	67.3	51.8	75.6	0	104	171	0	0	0
2372229	2576882951	185	2	48	17	475344	234370	1	47.2	75.3	48.6	83.9	0	104	171	0	0	0
2372229	2576882993	185	2	48	20	234370	475344	1	46	73.3	44.6	85.5	0	104	171	0	0	0
2372229	2576883039	185	2	48	22	475344	234370	1	43.5	86.1	38.8	71.6	0	104	171	0	0	0
2372229	2576883089	185	2	48	25	234370	0	0	44.1	67.6	77.6	11	0	104	171	0	0	0
2372229	2576883133	449	2	48	29	208380	0	1	22.6	90.4	30.1	95.9	0	105	172	0	3	0
2372229	2576883215	449	2	48	34	248501	519373	1	24.4	77.4	34.8	55.5	0	105	172	0	0	0
2372229	2576883281	449	2	48	38	519373	230071	1	40.9	63.8	71.9	80.3	0	105	172	0	0	0
2372229	2576883291	449	2	48	43	230071	121220	100	72.2	79.5	75.6	75.4	0	105	172	0	0	0
2372229	2576883777	185	2	49	12	124097	0	0	13.2	53.5	74.8	67.4	0	106	174	0	0	0
2372229	2576883769	449	2	49	15	86813	0	0	30.3	33.7	43.2	30.1	0	0	0	0	3	0
2372229	2576883831	449	2	49	19	51952	246301	1	30.1	32.7	29.2	53.5	0	107	175	0	0	0
2372229	2576883841	449	2	49	20	246301	519373	1	29.5	53.9	33.9	45.7	0	107	175	0	0	0
2372229	2576883853	449	2	49	21	519373	86813	1	33.9	45.7	26.6	34.6	0	107	175	0	0	0
2372229	2576883875	449	2	49	22	86813	246301	1	26.6	34.6	30	59.3	0	107	175	0	0	0
2372229	2576883943	449	2	49	24	246301	230071	1	30	59.3	39.6	74.4	0	107	175	0	0	0
2372229	2576883983	449	2	49	28	230071	208380	1	43.5	79	60.4	96.1	0	107	175	0	0	0
2372229	2576884059	449	2	49	31	208380	230071	1	60.4	96.1	55.2	83.7	0	107	175	0	0	0
2372229	2576884099	449	2	49	34	230071	51952	1	56.7	82.5	47	66.7	0	107	175	0	0	0
2372229	2576884145	449	2	49	38	51952	230071	1	47	66.7	57.2	84.5	0	107	175	0	0	0
2372229	2576884199	449	2	49	40	230071	208380	1	57.2	84.5	69.6	96.1	0	107	175	0	0	0
2372229	2576884215	449	2	49	43	208380	0	0	80	98.5	92	50.6	0	107	175	2	0	0
2372229	2576884491	185	2	50	1	124097	0	0	11.8	64.8	74.4	64	0	108	176	0	0	0
2372229	2576884555	449	2	50	8	86813	246301	1	34.3	36.8	34.5	66.2	0	109	177	0	0	0
2372229	2576884585	449	2	50	11	246301	86813	1	35.1	65.8	30.6	43.1	0	109	177	0	0	0
2372229	2576884609	449	2	50	13	86813	246301	1	30.6	43.1	34.8	68.9	0	109	177	0	0	0
2372229	2576884647	449	2	50	17	246301	248501	1	36.1	69.3	55.2	59.7	0	109	177	0	0	0
2372229	2576884673	449	2	50	18	248501	0	1	55.2	59.7	58	37.6	0	109	177	0	0	0
2372229	2576884945	449	2	50	45	51952	519373	1	58.6	38.8	65.5	28.5	0	109	178	0	0	5
2372229	2576884951	449	2	50	47	519373	234908	1	65.9	28.5	59.8	14	0	109	178	0	0	0
2372229	2576884975	449	2	50	49	234908	93721	1	59.8	14	70.1	3.7	0	109	178	0	0	0
2372229	2576885003	449	2	50	49	93721	519373	1	71.1	4.7	80	14.5	0	109	178	0	0	0
2372229	2576885041	449	2	50	52	519373	93721	1	82.2	13.2	77.1	6.5	0	109	178	0	0	0
2372229	2576885083	449	2	50	55	93721	230071	1	73.7	6.1	72.6	20.7	0	109	178	0	0	0
2372229	2576885121	449	2	50	56	230071	519373	1	72.6	20.7	81.1	9.4	0	109	178	0	0	0
2372229	2576885125	449	2	50	58	519373	0	0	81.1	9.4	82.2	11	0	109	178	0	0	0
2372229	2576885553	449	2	51	21	248501	234908	1	99.5	0.5	87.8	54.1	0	109	179	2	0	6
2372229	2576886115	449	2	52	1	248501	0	0	99.7	0.9	90.9	46	0	109	181	2	0	6
2372229	2576886179	449	2	52	7	519373	0	0	91.3	95.9	94	25.4	0	109	182	2	0	0
2372229	2576886217	449	2	52	12	248501	0	0	86.6	14.3	86.9	31.3	0	109	183	0	0	0
2372229	2576886799	185	2	52	45	124097	0	0	10.5	81.3	36.7	102	0	110	185	0	0	5
2372229	2576886945	449	2	52	54	234908	51952	1	42.1	0	44	11.4	0	111	186	0	0	0
2372229	2576886947	449	2	52	55	51952	234908	1	43.9	11.8	39.2	6.7	0	111	186	0	0	0
2372229	2576887005	449	2	52	55	234908	246301	1	38.8	6.3	31.4	47.4	0	111	186	0	0	0
2372229	2576887029	449	2	52	59	246301	230071	1	31.2	47.8	35.4	63.2	0	111	186	0	0	0
2372229	2576887053	449	2	53	1	230071	246301	1	35.4	62	29.2	46.8	0	111	186	0	0	0
2372229	2576887071	449	2	53	3	246301	51952	1	29.2	46.8	39.2	39.8	0	111	186	0	0	0
2372229	2576887111	449	2	53	4	51952	246301	1	37	40	28.1	52.2	0	111	186	0	0	0
2372229	2576887171	449	2	53	7	246301	86813	1	30.4	49.2	31.7	28.1	0	111	186	0	0	0
2372229	2576887189	449	2	53	10	86813	234908	1	32.1	26.6	32.3	15.1	0	111	186	0	0	0
2372229	2576887211	449	2	53	12	234908	86813	1	32.2	15.1	22.6	25.6	0	111	186	0	0	0
2372229	2576887349	449	2	53	14	86813	508479	1	22.2	25	12.3	50	0	111	186	0	0	0
2372229	2576887391	449	2	53	22	508479	246301	1	17.6	50.8	24.7	69.9	0	111	186	0	0	0
2372229	2576887405	449	2	53	24	246301	51952	1	24.5	67.7	27.1	49.8	0	111	186	0	0	0
2372229	2576887461	449	2	53	25	51952	246301	1	27.1	51.4	24.5	72.3	0	111	186	0	0	0
2372229	2576887487	449	2	53	27	246301	230071	1	26.2	68.9	34.7	84.7	0	111	186	0	0	0
2372229	2576887569	449	2	53	30	230071	208380	1	34.7	84.7	41.3	94.9	0	111	186	0	0	0
2372229	2576887587	449	2	53	34	208380	51952	1	34.8	80.9	22.7	67.3	0	111	186	0	0	0
2372229	2576887623	449	2	53	35	51952	508479	1	22.7	67.3	11.2	47.6	0	111	186	0	0	0
2372229	2576887669	449	2	53	38	508479	86813	1	11.6	46.8	23.1	25.4	0	111	186	0	0	0
2372229	2576887679	449	2	53	41	86813	234908	1	30	16.3	40.5	6.9	0	111	186	0	0	0
2372229	2576887713	449	2	53	43	234908	519373	1	40.3	6.9	60.9	16.1	0	111	186	0	0	0
2372229	2576887741	449	2	53	46	519373	93721	1	63.4	15.5	56.8	5.3	0	111	186	0	0	0
2372229	2576887787	449	2	53	49	93721	234908	1	60	18.5	69.9	17.9	0	111	186	0	0	0
2372229	2576887859	449	2	53	51	234908	519373	1	68.6	17.1	75.6	7.8	0	111	186	0	0	0
2372229	2576888025	449	2	53	54	519373	51952	1	71.5	3.7	55.7	31.7	0	111	186	0	0	0
2372229	2576888885	449	2	54	55	51952	234908	1	56.9	38.6	60.6	14.2	0	111	187	0	0	5
2372229	2576888955	449	2	54	58	234908	93721	1	60.6	14.2	73.4	16.3	0	111	187	0	0	0
2372229	2576888997	449	2	54	58	93721	519373	1	73.4	16.3	73	4.9	0	111	187	0	0	0
2372229	2576889071	449	2	55	3	519373	86813	1	70	5.3	38.4	35	0	111	187	0	0	0
2372229	2576889097	449	2	55	7	86813	51952	1	37.2	35.6	49.4	30.1	0	111	187	0	0	0
2372229	2576889175	449	2	55	8	51952	234908	1	49.4	30.1	41.8	12.8	0	111	187	0	0	0
2372229	2576889183	449	2	55	13	234908	0	0	54.1	18.9	60.8	17.3	0	111	187	0	0	0
2372229	2576889407	449	2	55	18	143877	0	0	76.2	7.9	75.2	7.3	0	111	188	0	0	0
2372229	2576889401	449	2	55	22	519373	143877	1	78	0	79.5	8.2	0	111	189	0	0	0
2372229	2577110733	449	2	55	24	143877	234908	1	75.3	6.1	62.2	5.2	0	111	189	0	0	0
2372229	2576889535	449	2	55	28	234908	86813	1	63.4	5.2	34.3	28.7	0	111	189	0	0	0
2372229	2576889609	449	2	55	31	86813	246301	1	33.3	32.9	36.6	52.6	0	111	189	0	0	0
2372229	2576889695	449	2	55	36	246301	208380	1	33.2	58.7	42.5	91.4	0	111	189	0	0	0
2372229	2576889761	449	2	55	39	208380	248501	1	42.5	91.4	45.9	75.8	0	111	189	0	0	0
2372229	2576889773	449	2	55	42	248501	230071	1	56.3	79	62.8	84.7	0	111	189	0	0	0
2372229	2576889789	449	2	55	43	230071	248501	1	62.8	84.7	57.1	79.5	0	111	189	0	0	0
2372229	2576889833	449	2	55	43	248501	208380	1	56.5	79	78	85.5	0	111	189	0	0	0
2372229	2576890537	449	2	56	27	51952	0	0	99.5	99.4	92.1	49	0	111	190	2	0	6
2372229	2576891059	185	2	56	57	124097	509290	1	10.6	48.6	59	18.5	0	112	191	0	0	5
2372229	2576891107	185	2	57	0	509290	246301	100	59	18.5	70.1	18.7	0	112	191	0	3	0
2372229	2576891349	185	2	57	14	164474	197024	1	67.2	0	61	8.5	0	112	192	0	0	0
2372229	2576891369	185	2	57	17	197024	234370	1	61	8.8	61.5	24.8	0	112	192	0	0	0
2372229	2576891391	185	2	57	19	234370	197024	1	61.4	24.8	56.2	6.9	0	112	192	0	0	0
2372229	2576891437	185	2	57	21	197024	164474	1	56.6	6.5	66.9	4.6	0	112	192	0	0	0
2372229	2576891543	449	2	57	25	208380	51952	1	41.7	92.5	36.3	78.6	0	113	193	0	0	0
2372229	2576891621	449	2	57	30	51952	0	1	31.2	70.1	56	65.4	0	113	193	0	0	0
2372229	2576891713	449	2	57	35	143877	248501	1	61.6	85.8	63.4	94.3	0	113	193	0	0	0
2372229	2576891729	449	2	57	40	248501	234370	100	64.1	84.7	79.1	71.5	0	113	193	0	0	0
2372229	2576892071	449	2	57	58	208380	248501	1	85.8	100	78.6	90	0	113	194	0	0	0
2372229	2576892115	449	2	57	59	248501	208380	1	77.8	89.6	81.4	95.7	0	113	194	0	0	0
2372229	2576892217	185	2	58	5	509290	0	0	16.6	4.3	28.1	-0.9	0	114	195	0	0	0
2372229	2576892297	449	2	58	8	208380	248501	1	79.1	100	67.1	90.8	0	115	196	0	0	0
2372229	2576892343	449	2	58	10	248501	38439	1	67.2	90.8	72.3	79.5	0	115	196	0	0	0
2372229	2576892375	449	2	58	11	38439	51952	1	72.5	79.5	62.4	79.9	0	115	196	0	0	0
2372229	2576892411	449	2	58	15	51952	248501	1	63.5	79.5	74.8	84.9	0	115	196	0	0	0
2372229	2576892721	185	2	58	33	124097	121220	1	4.2	42.3	8.8	26.9	0	116	197	0	0	0
2372229	2576892767	185	2	58	36	121220	164474	1	9.7	24.7	35.4	8.8	0	116	197	0	0	0
2372229	2576892777	185	2	58	41	164474	246301	100	37.9	5.4	48.6	7.6	0	116	197	0	0	0
2372229	2576893119	185	2	58	59	164474	80209	1	42.1	0	44.4	4	0	116	198	0	0	0
2372229	2576893177	185	2	59	1	80209	164474	1	44.4	4	61.5	3.1	0	116	198	0	0	0
2372229	2576893183	185	2	59	3	164474	0	0	61.5	3.1	59.6	11.6	0	116	198	0	0	0
2372229	2576893275	185	2	59	9	164474	234370	1	61.3	34.7	60.2	42.1	0	118	200	0	0	0
2372229	2576893347	185	2	59	11	234370	168580	1	61.2	45.1	74.8	82.7	0	118	200	0	0	0
2372229	2576893529	449	2	59	22	519373	93721	1	62.7	23	64.1	6.9	0	119	201	0	0	0
2372229	2576893583	449	2	59	25	93721	0	1	65.9	7.5	78.4	12.6	0	119	201	0	0	0
2372229	2576894817	449	2	60	34	248501	246301	1	79.2	8.3	87.8	48.2	0	119	202	2	0	5
2372229	2576895969	185	2	62	0	73314	197024	1	50	50.2	38.4	43.5	0	120	203	0	0	0
2372229	2576895993	185	2	62	2	197024	215510	1	37.8	45.1	23.4	61.9	0	120	203	0	0	0
2372229	2576896019	185	2	62	5	215510	124097	1	22.1	62.8	11.9	46.9	0	120	203	0	0	0
2372229	2576896127	185	2	62	10	124097	0	0	14.3	43.8	48	13.4	0	120	203	0	0	0
2372229	2576896145	449	2	62	13	208380	0	1	54.2	86.2	56.3	75	0	121	204	0	3	0
2372229	2576896183	449	2	62	17	51952	0	0	56	75	88.9	61.2	0	121	204	0	0	0
2372229	2576896375	185	2	62	25	124097	234370	1	10.7	43.5	19.1	66	0	122	205	0	0	0
2372229	2576896435	185	2	62	30	234370	0	0	27.2	72.4	72.1	88.9	0	122	205	0	0	0
2372229	2576896441	449	2	62	33	234908	0	0	23	18.7	30.1	12.6	0	0	0	0	3	0
2372229	2576896683	449	2	62	50	234908	93721	1	37.6	0	43.6	8	0	123	206	0	0	0
2372229	2576896739	449	2	62	52	93721	0	1	46.9	13.4	38	7.5	0	123	206	0	0	0
2372229	2576896765	449	2	62	54	234908	0	1	38.4	6.9	60.1	19.5	0	123	206	0	0	0
2372229	2576897165	449	2	63	18	234908	86813	1	60.1	19.5	46.6	30.9	0	123	207	0	0	5
2372229	2576897243	449	2	63	20	86813	0	1	46.6	30.9	53.8	14.7	0	123	207	0	0	0
2372229	2576897363	449	2	63	29	234908	86813	1	45.3	16.9	32.8	20.5	0	123	208	0	0	5
2372229	2576897393	449	2	63	35	86813	234908	1	31.7	23.8	40.2	6.5	0	123	208	0	0	0
2372229	2576897473	449	2	63	40	234908	93721	1	42.5	0	51.7	26	0	123	209	0	0	0
2372229	2576897501	449	2	63	42	93721	38439	1	53.9	23.2	58.9	37.4	0	123	209	0	0	0
2372229	2576897531	449	2	63	43	38439	93721	1	58.9	37.2	45.5	32.7	0	123	209	0	0	0
2372229	2576897639	449	2	63	44	93721	208380	1	45.5	32.7	55.4	86	0	123	209	0	0	0
2372229	2576897673	449	2	63	51	208380	248501	1	65	89.6	64.1	76.6	0	123	209	0	0	0
2372229	2576897705	449	2	63	52	248501	246301	1	64.2	76.6	44.7	75.4	0	123	209	0	0	0
2372229	2576897769	449	2	63	54	246301	86813	1	45.3	73.2	44.8	46.5	0	123	209	0	0	0
2372229	2576897869	449	2	63	59	86813	38439	1	43.1	35.4	62.6	50.4	0	123	209	0	0	0
2372229	2576897899	449	2	64	8	38439	51952	1	60.8	78.4	57.1	67.5	0	123	209	0	0	0
2372229	2576897967	449	2	64	10	51952	38439	1	58.9	66.5	55.6	75.2	0	123	209	0	0	0
2372229	2576898099	449	2	64	14	38439	86813	1	55.3	67.1	47.6	40.9	0	123	209	0	0	0
2372229	2576898137	449	2	64	19	86813	93721	1	62.8	20.1	67.2	7.3	0	123	209	0	0	0
2372229	2576898143	449	2	64	22	93721	0	0	67.2	6.1	66	9.4	0	123	209	0	0	0
2372229	2576898211	449	2	64	24	234908	0	0	56	10.4	66.1	10.2	0	0	0	0	3	0
2372229	2576898261	185	2	64	27	475344	0	0	30.9	93.5	43.2	91.8	0	124	210	0	0	0
2372229	2576898307	449	2	64	29	86813	38439	1	52.8	12.6	54.9	27.2	0	125	211	0	0	0
2372229	2576898417	449	2	64	31	38439	51952	1	57.4	28.5	56.5	53.5	0	125	211	0	0	0
2372229	2576898473	449	2	64	36	51952	93721	1	62.7	50.8	91.8	14.3	0	125	211	0	0	0
2372229	2576898491	449	2	64	38	93721	519373	1	91.8	14.3	86.2	32.5	0	125	211	0	3	0
2372229	2576898505	449	2	64	39	519373	143877	1	84.7	33.3	86.6	46.5	0	125	211	0	3	0
2372229	2576898543	449	2	64	41	143877	519373	1	86.6	46.5	81	46.3	0	125	211	0	0	0
2372229	2576898915	449	2	65	13	248501	0	0	99.7	0.8	90.6	46.1	0	125	212	2	0	6
2372229	2576899031	449	2	65	16	51952	248501	1	77	31.1	82.6	7.8	0	125	213	0	0	0
2372229	2576899075	449	2	65	24	248501	0	0	98.4	10.4	94.4	34.6	0	125	214	2	0	0
2372229	2576899159	449	2	65	29	51952	0	0	71.1	19.7	78.8	19.5	0	0	0	0	3	0
2372229	2576899229	185	2	65	31	168580	80209	1	24.1	80.2	56	94.7	0	126	215	0	0	0
2372229	2576899411	449	2	65	44	208380	38439	1	23	28.1	30.3	20.8	0	127	216	0	0	0
2372229	2576899497	449	2	65	46	38439	519373	1	31.9	22.2	36.1	48.6	0	127	216	0	0	0
2372229	2576899511	449	2	65	49	519373	51952	1	36.1	48.6	30.4	33.5	0	127	216	0	0	0
2372229	2576899521	449	2	65	51	51952	38439	1	30.6	33.3	37.6	25	0	127	216	0	0	0
2372229	2576899529	449	2	65	53	38439	51952	1	37.4	25	30.7	37.8	0	127	216	0	0	0
2372229	2576899559	449	2	65	54	51952	519373	1	30.4	38	36.2	58.1	0	127	216	0	0	0
2372229	2576899629	449	2	65	57	519373	208380	1	36.3	58.1	44.2	79.9	0	127	216	0	0	0
2372229	2576899665	449	2	66	0	208380	246301	1	45.5	84.5	32.8	71.9	0	127	216	0	0	0
2372229	2576899761	449	2	66	3	246301	0	1	33	67.1	45.7	45.1	0	127	216	0	0	0
2372229	2576899783	449	2	66	9	51952	519373	1	46.9	57.1	52.5	74.8	0	127	216	0	0	0
2372229	2576899843	449	2	66	11	519373	208380	1	52.5	75.2	68.1	94.5	0	127	216	0	0	0
2372229	2576899863	449	2	66	16	208380	0	0	69.7	82.9	73	65.8	0	127	216	0	0	0
2372229	2576899935	185	2	66	17	234370	164474	1	25.2	29.3	23.5	20.1	0	128	217	0	0	0
2372229	2576899977	185	2	66	23	164474	208380	100	25.9	8.3	37.9	3.7	0	128	217	0	0	0
2372229	2576900291	185	2	66	48	164474	121220	1	37.2	0	12.7	6.3	0	128	218	0	0	0
2372229	2576900313	185	2	66	51	121220	73314	1	16.4	4.5	51.2	21.5	0	128	218	0	0	0
2372229	2576900329	185	2	66	54	73314	0	0	51.2	21.5	51.2	14.4	0	128	218	0	0	0
2372229	2576900337	449	2	66	56	86813	0	0	47.2	78.4	54.6	101.8	0	129	219	0	0	0
2372229	2576900501	185	2	67	8	164474	197024	1	45.7	0	42	8	0	130	220	0	0	0
2372229	2576900639	449	2	67	16	38439	475344	100	83.3	80.8	82.1	50.8	0	131	221	0	0	0
2372229	2576900685	185	2	67	18	121220	234370	1	14.1	37.5	28.4	45.2	0	132	222	0	0	0
2372229	2576900707	185	2	67	20	234370	121220	1	28.4	45.2	22.1	42	0	132	222	0	0	0
2372229	2576900755	185	2	67	20	121220	0	0	22.1	42	46.8	48.3	0	132	222	0	0	0
2372229	2576900807	449	2	67	23	246301	0	1	54.5	51	60.5	69.7	0	133	223	0	3	0
2372229	2576900851	449	2	67	27	51952	38439	1	63.5	71.5	74.9	84.7	0	133	223	0	0	0
2372229	2576900933	449	2	67	31	38439	51952	1	73.7	84.9	68.9	77.2	0	133	223	0	0	0
2372229	2576900945	449	2	67	36	51952	38439	1	70.3	74.6	68.1	63.4	0	133	223	0	0	0
2372229	2576901035	449	2	67	37	38439	208380	1	68.1	63.4	82.5	94.5	0	133	223	0	0	0
2372229	2576901097	449	2	67	42	208380	93721	1	97.3	88.2	85.5	1.7	0	133	223	2	0	0
2372229	2576901117	449	2	67	46	93721	234908	1	85.5	1.7	75.1	10.2	0	133	223	0	0	0
2372229	2576901219	449	2	67	52	234908	38439	1	81	16.3	72.1	20.8	0	133	223	0	0	0
2372229	2576901919	185	2	68	51	124097	0	0	5.1	53.9	53.9	72.7	0	134	224	0	0	0
2372229	2576901955	449	2	68	52	519373	0	1	46.8	23.8	47	32.3	0	135	225	0	3	0
2372229	2576902087	185	2	68	58	73314	121220	1	47.7	63.6	32.7	49.4	0	136	226	0	0	0
2372229	2576902119	185	2	69	4	121220	215510	1	30.2	35.3	27.7	67	0	136	226	0	0	0
2372229	2576902185	185	2	69	8	215510	124097	1	24.3	68.4	11.9	41.2	0	136	226	0	0	0
2372229	2576902231	185	2	69	12	124097	0	0	13.9	39.5	44.6	14.8	0	136	226	0	0	0
2372229	2576902259	449	2	69	14	208380	248501	1	56.4	84.3	66.8	77.8	0	0	0	0	3	0
2372229	2576902307	449	2	69	15	248501	0	1	66.8	77.8	54.9	89	0	137	227	0	3	0
2372229	2576902509	449	2	69	23	208380	51952	1	41.8	92	46.1	78.4	0	137	227	0	0	0
2372229	2576902543	449	2	69	29	51952	248501	1	46.2	74.8	56.4	77.8	0	137	227	0	0	0
2372229	2576902595	449	2	69	31	248501	246301	1	54.3	76.2	46.5	65	0	137	227	0	0	0
2372229	2576902615	449	2	69	32	246301	0	0	46.6	65	68.5	18.9	0	137	227	0	0	0
2372229	2576902701	185	2	69	38	475344	80209	1	29.3	74.1	47.1	65.9	0	138	228	0	0	0
2372229	2576903687	185	2	70	35	215510	491430	1	39.9	70.5	45.9	77.9	0	138	229	0	0	5
2372229	2576906103	185	2	70	37	491430	234370	1	43.3	79.5	46.8	75	0	138	229	0	0	0
2372229	2576903715	185	2	70	39	234370	491430	1	47.5	70.8	41.8	82.9	0	138	229	0	0	0
2372229	2576903759	185	2	70	40	491430	124097	1	40.3	83	21.3	59.9	0	138	229	0	0	0
2372229	2576903801	185	2	70	47	124097	215510	1	19.4	58.5	24.1	76.8	0	138	229	0	0	0
2372229	2576903819	185	2	70	50	215510	475344	1	24.1	77.2	26.6	95.2	0	138	229	0	0	0
2372229	2576903863	185	2	70	52	475344	168580	1	30.9	95.2	44.6	96	0	138	229	0	0	0
2372229	2576903893	185	2	70	53	168580	0	0	44.6	96	51.4	42.4	0	138	229	0	0	0
2372229	2576903957	449	2	70	55	208380	0	1	51.9	55.5	60.1	68.1	0	139	230	0	0	0
2372229	2576904023	449	2	71	2	248501	0	0	74.2	65.4	75.9	61.8	0	139	230	0	0	0
2372229	2576904075	185	2	71	4	441303	197024	1	25.7	21.6	28.3	28.2	0	140	231	0	0	0
2372229	2576904101	185	2	71	5	197024	164474	1	28.3	28.2	19.9	23.6	0	140	231	0	0	0
2372229	2576904175	185	2	71	7	164474	491430	1	21	22.8	24.6	6.3	0	140	231	0	0	0
2372229	2576904209	185	2	71	11	491430	0	0	18.1	15.7	40.5	49.7	0	140	231	0	0	0
2372229	2576904263	449	2	71	13	234908	0	1	60.4	49.4	67.2	70.3	0	141	232	0	0	0
2372229	2576904319	449	2	71	17	51952	208380	1	62.6	71.1	67.2	89.2	0	141	233	0	0	0
2372229	2576904381	449	2	71	18	208380	0	1	67.2	89.2	57.5	70.5	0	141	233	0	0	0
2372229	2576904637	449	2	71	33	51952	208380	1	63.7	77.4	76.9	92.3	0	141	234	0	0	5
2372229	2576904663	449	2	71	39	208380	248501	1	72.3	89.8	68.5	72.7	0	141	234	0	0	0
2372229	2576904709	449	2	71	41	248501	86813	1	68.6	72.3	54.3	53.9	0	141	234	0	0	0
2372229	2576904749	449	2	71	43	86813	51952	1	54.6	50	58	66.2	0	141	234	0	0	0
2372229	2576904781	449	2	71	46	51952	519373	1	53.2	57.5	63.8	54.9	0	141	234	0	0	0
2372229	2576904863	449	2	71	46	519373	246301	1	63.5	54.9	56.5	76.6	0	141	234	0	0	0
2372229	2576904953	449	2	71	51	246301	86813	1	58.6	75	51.2	53.5	0	141	234	0	0	0
2372229	2576905013	449	2	71	57	86813	93721	1	52.8	28.5	68.3	17.7	0	141	234	0	0	0
2372229	2576905073	449	2	71	59	93721	234908	1	65.6	17.1	48.7	9.6	0	141	234	0	0	0
2372229	2576905209	449	2	72	3	234908	143877	1	58.4	8.8	80.8	6.9	0	141	234	0	0	0
2372229	2576905227	449	2	72	10	143877	234370	100	89.2	14.5	78.4	28.9	0	141	234	0	0	0
2372229	2576905287	449	2	72	11	234908	0	1	75.6	24.4	75.5	28.5	0	141	235	0	0	0
2372229	2576905353	185	2	72	16	491430	168580	1	23.3	67.3	27.1	78.2	0	142	236	0	0	0
2372229	2576905439	185	2	72	18	168580	73314	1	36.7	84.4	47.2	92.7	0	142	236	0	0	0
2372229	2576905457	185	2	72	22	73314	234370	1	37.5	91	39.8	81	0	142	236	0	0	0
2372229	2576905471	185	2	72	24	234370	491430	1	45	84.7	49.2	92.7	0	142	236	0	0	0
2372229	2576905505	185	2	72	25	491430	73314	1	49.2	92.7	40.2	93.4	0	142	236	0	0	0
2372229	2576905627	185	2	72	27	73314	164474	1	41.9	91.8	70.3	7.9	0	142	236	0	0	0
2372229	2576905727	185	2	72	35	164474	441303	1	83.2	24.1	86.9	31.6	0	142	236	0	0	0
2372229	2576905759	185	2	72	40	441303	164474	1	81.8	13.1	81.2	25	0	142	236	0	0	0
2372229	2576906133	449	2	72	57	246301	51952	1	23.8	73	25.8	52.4	0	143	237	0	0	5
2372229	2576906153	449	2	72	59	51952	86813	1	26.3	52.4	19.4	34	0	143	237	0	0	0
2372229	2576906169	449	2	73	2	86813	234908	1	20.1	33.3	23	21.2	0	143	237	0	0	0
2372229	2576906207	449	2	73	4	234908	0	1	21.9	24.8	4.3	47.8	0	143	237	0	0	0
2372229	2576906385	449	2	73	15	508479	246301	1	10.9	52.8	23.7	78.2	0	143	238	0	0	0
2372229	2576906577	449	2	73	17	246301	508479	1	20.8	78.8	8.9	54.3	0	143	238	0	0	0
2372229	2576906619	449	2	73	27	508479	121220	100	9.5	46.8	55.4	53.7	0	143	239	0	0	0
2372229	2576906745	185	2	73	34	215510	124097	1	25.1	42.9	21.7	45.7	0	144	240	0	0	0
2372229	2576906833	185	2	73	38	124097	168580	1	20.3	57.3	61.2	93.7	0	144	240	0	0	0
2372229	2576907159	185	2	74	0	475344	73314	1	67.7	100	80.1	94.9	0	144	241	0	0	0
2372229	2576907383	449	2	74	5	51952	208380	1	26.4	16.9	24.5	74.2	0	145	242	0	0	0
2372229	2576907413	449	2	74	16	208380	51952	1	24.4	94.9	21.1	67.3	0	145	243	0	0	0
2372229	2576907493	449	2	74	18	51952	508479	1	21.1	67.3	9.4	50.8	0	145	243	0	0	0
2372229	2576907559	449	2	74	22	508479	519373	1	10.5	47.4	22.6	43.5	0	145	243	0	0	0
2372229	2576907585	449	2	74	24	519373	508479	1	19.6	50.4	8.6	50	0	145	243	0	0	0
2372229	2576907719	449	2	74	27	508479	234908	1	9.4	45.7	28.8	9.8	0	145	243	0	0	0
2372229	2576907867	449	2	74	35	234908	38439	1	41.6	26	48.1	54.3	0	145	243	0	0	0
2372229	2576907891	449	2	74	43	38439	246301	1	44.6	74.2	42	65	0	145	243	0	0	0
2372229	2576907971	449	2	74	44	246301	51952	1	42	65	45.1	55.5	0	145	243	0	0	0
2372229	2576908015	449	2	74	50	51952	86813	1	47.5	48.4	55.4	19.1	0	145	243	0	0	0
2372229	2576908049	449	2	74	52	86813	93721	1	55.4	19.1	69.2	7.1	0	145	243	0	0	0
2372229	2576908101	449	2	74	53	93721	248501	1	69.2	7.1	79.9	14.5	0	145	243	0	0	0
2372229	2576908133	449	2	74	56	248501	0	0	87.4	11	101.2	75.6	0	145	243	2	0	0
2372229	2576910717	185	2	77	19	124097	121220	1	5.2	46.3	20	30.4	0	146	244	0	0	0
2372229	2576910761	185	2	77	20	121220	124097	1	20.2	30.4	7	47.2	0	146	244	0	0	0
2372229	2576910817	185	2	77	23	124097	168580	1	7.9	49.1	46.3	92.1	0	146	244	0	0	0
2372229	2576911153	185	2	77	40	168580	234370	1	45.3	72.1	39.7	67.6	0	148	246	0	0	0
2372229	2576911197	185	2	77	41	234370	475344	1	41.7	72.5	45	91	0	148	246	0	0	0
2372229	2576911265	185	2	77	43	475344	73314	1	46.4	92.3	59.3	94.3	0	148	246	0	0	0
2372229	2576911423	185	2	77	46	73314	441303	1	54.7	91.4	83.4	3.2	0	148	246	0	0	0
2372229	2576911479	185	2	77	53	441303	491430	1	91	24.8	89.3	40.6	0	148	246	0	0	0
2372229	2576911529	185	2	77	56	491430	164474	1	87.1	36.3	90.5	14.5	0	148	246	0	0	0
2372229	2576911547	185	2	77	58	164474	0	0	86.9	18.7	89.2	46.8	0	148	246	2	0	0
2372229	2576911647	449	2	78	2	38439	208380	1	11.6	84.1	22.9	96.7	0	149	247	0	0	0
2372229	2576911713	449	2	78	4	208380	0	1	22.9	96.7	28.8	83.5	0	149	247	0	0	0
2372229	2576911747	449	2	78	8	143877	248501	1	31.7	74.6	30.4	62	0	149	247	0	0	0
2372229	2576911809	449	2	78	11	248501	93721	1	32.9	58.1	68.8	11.4	0	149	247	0	0	0
2372229	2576911917	449	2	78	14	93721	234908	1	67	11.8	56.7	23.2	0	149	247	0	0	0
2372229	2576912027	449	2	78	22	234908	38439	1	71.4	33.3	78.2	67.9	0	149	247	0	0	0
2372229	2576912699	185	2	79	1	124097	121220	1	10.3	35.5	22.5	9	0	150	248	0	0	5
2372229	2576912729	185	2	79	3	121220	164474	1	22.5	9	30.5	3.6	0	150	248	0	0	0
2372229	2576912741	185	2	79	5	164474	197024	1	30.5	3.6	31.5	12.5	0	150	248	0	0	0
2372229	2576912775	185	2	79	6	197024	0	0	31.5	12.5	47.3	4	0	150	248	0	0	0
2372229	2576912801	449	2	79	7	208380	51952	1	55.4	96.3	55.6	77.4	0	151	249	0	0	0
2372229	2576912835	449	2	79	9	51952	246301	1	55.7	75	43.7	73.6	0	151	249	0	0	0
2372229	2576912871	449	2	79	11	246301	86813	1	43.7	73.6	42.9	47	0	151	249	0	0	0
2372229	2576912907	449	2	79	12	86813	246301	1	42.9	47	43.6	72.5	0	151	249	0	0	0
2372229	2576913005	449	2	79	15	246301	86813	1	43.6	72.5	31.9	49.4	0	151	249	0	0	0
2372229	2576913249	449	2	79	20	86813	508479	1	22.7	27.3	13.4	53.7	0	151	249	0	0	0
2372229	2576913313	449	2	79	32	508479	234908	1	13.9	50.4	56.9	8.8	0	151	250	0	0	0
2372229	2576913363	449	2	79	35	234908	93721	1	56.9	8.8	62.7	27.5	0	151	250	0	0	0
2372229	2576913385	449	2	79	36	93721	234908	1	62.7	27.5	55.3	22.4	0	151	250	0	0	0
2372229	2576913417	449	2	79	37	234908	38439	1	55.3	22.4	60.2	29.3	0	151	250	0	0	0
2372229	2576913431	449	2	79	40	38439	234908	1	59.1	28.5	45.8	30.1	0	151	250	0	0	0
2372229	2576913451	449	2	79	41	234908	519373	1	46.2	30.1	43.2	21	0	151	250	0	0	0
2372229	2576913523	449	2	79	42	519373	234908	1	43.2	21	47.7	28.3	0	151	250	0	0	0
2372229	2576913551	449	2	79	45	234908	519373	1	57.6	28.3	52.7	21.8	0	151	250	0	0	0
2372229	2576913581	449	2	79	47	519373	51952	1	52	26.8	54.6	51.4	0	151	250	0	0	0
2372229	2576913599	449	2	79	49	51952	248501	1	54.6	51.4	66.4	69.3	0	151	250	0	0	0
2372229	2576913655	185	2	79	50	441303	0	1	35.3	26.5	25.5	25.9	0	152	251	0	0	0
2372229	2576913685	185	2	79	52	164474	124097	1	25.5	25.9	9.7	38.3	0	152	251	0	0	0
2372229	2576913739	185	2	79	54	124097	441303	1	9.1	39.5	46.7	5.4	0	152	251	0	0	0
2372229	2576913989	449	2	80	3	208380	246301	1	53.6	100	39.1	78.4	0	153	252	0	0	0
2372229	2576914039	449	2	80	6	246301	86813	1	38.5	76.6	34.8	53.3	0	153	252	0	0	0
2372229	2576914073	449	2	80	17	86813	234908	1	36.7	46.8	34.8	27	0	153	253	0	0	0
2372229	2576914163	449	2	80	19	234908	38439	1	34.8	27	56.3	50.8	0	153	253	0	0	0
2372229	2576914199	185	2	80	24	234370	215510	1	33.4	48.9	28.1	53.9	0	154	254	0	0	0
2372229	2576914251	185	2	80	25	215510	491430	1	28	53.4	39.3	28.7	0	154	254	0	0	0
2372229	2576914303	185	2	80	30	491430	164474	1	47.4	32.4	57.8	13.6	0	154	254	0	0	0
2372229	2576914391	185	2	80	33	164474	441303	1	64.9	7.6	73.9	3.2	0	154	254	0	0	0
2372229	2576914497	185	2	80	36	441303	491430	1	73.6	9.9	68	14	0	154	254	0	0	0
2372229	2576914515	185	2	80	41	491430	0	0	77	27.2	88.5	38.3	0	154	254	0	0	0
2372229	2576915061	449	2	81	4	508479	246301	1	8.3	51.6	14.1	75	0	155	255	0	0	0
2372229	2576915105	449	2	81	9	246301	248501	1	17.2	79.9	30.3	61	0	155	255	0	0	0
2372229	2576915119	449	2	81	11	248501	38439	1	30.3	61	28.1	70.3	0	155	255	0	0	0
2372229	2576915303	185	2	81	16	441303	491430	1	84.7	29.9	95.9	17.3	0	156	256	0	0	0
2372229	2576915363	185	2	81	23	491430	73314	1	95.1	16.5	96.7	50.8	0	156	256	2	0	0
2372229	2576915759	449	2	81	44	508479	248501	1	10.9	51.8	29.2	63.4	0	157	257	0	0	0
2372229	2576915777	449	2	81	49	248501	51952	1	30	63.4	30.4	52.4	0	157	257	0	0	0
2372229	2576915797	449	2	81	51	51952	519373	1	30.4	52.4	38.7	41.9	0	157	257	0	0	0
2372229	2576915825	449	2	81	52	519373	51952	1	38.4	40.5	30.8	46.7	0	157	257	0	0	0
2372229	2576915851	449	2	81	53	51952	234908	1	32.8	41.9	39.8	11.6	0	157	257	0	0	0
2372229	2576915879	449	2	81	56	234908	93721	1	39.9	13	57.4	5.3	0	157	257	0	0	0
2372229	2576915897	449	2	81	59	93721	0	0	56.5	5.7	80.6	9.8	0	157	257	0	0	0
2372229	2576915913	185	2	82	1	215510	0	1	26.6	87.3	33	92.6	0	158	258	0	0	0
2372229	2576915925	185	2	82	2	475344	168580	1	33.3	93.5	42.5	93.4	0	158	258	0	0	0
2372229	2576915935	185	2	82	3	168580	234370	1	42.5	93.4	37.4	72.8	0	158	258	0	0	0
2372229	2576916037	185	2	82	5	234370	491430	1	37.8	71.3	47.4	58.8	0	158	258	0	0	0
2372229	2576916107	185	2	82	11	491430	168580	1	77.1	59.7	99.3	76.2	0	158	258	0	0	0
2372229	2576917359	449	2	83	29	234908	51952	1	7.2	0	15.4	17.1	0	159	259	0	0	0
2372229	2576917387	449	2	83	30	51952	165375	1	15.3	17.1	28.5	14.2	0	159	259	0	0	0
2372229	2576917395	449	2	83	31	165375	143877	1	28.5	14.2	35.6	7.3	0	159	259	0	0	0
2372229	2576917495	185	2	83	37	37064	491430	1	65.4	86.3	67.3	91.2	0	160	261	0	0	0
2372229	2576917567	185	2	83	39	491430	37064	1	66	91.7	68.8	82.7	0	160	261	0	0	0
2372229	2576917611	185	2	83	42	37064	491430	1	77.1	90.9	93.9	91.8	0	160	261	0	0	0
2372229	2576917665	185	2	83	45	491430	73314	1	94.3	89	86.2	53.2	0	160	261	2	0	0
2372229	2576917731	185	2	83	49	73314	197024	1	82	53.5	74.2	57.9	0	160	261	0	0	0
2372229	2576918237	185	2	84	19	37064	0	0	99.5	99.5	89.2	47.1	0	160	262	2	0	6
2372229	2576918487	449	2	84	31	508479	246301	1	3.2	53.5	10.9	65.6	0	161	264	0	0	0
2372229	2576918737	449	2	84	36	246301	508479	1	13.5	64.8	8	52.6	0	161	264	0	0	0
2372229	2576918765	449	2	84	49	508479	143877	1	10.5	50.8	55.2	49.2	0	161	265	0	0	0
2372229	2576918829	449	2	84	52	143877	248501	1	55.2	49.2	54.9	33.5	0	161	265	0	3	0
2372229	2576918843	449	2	84	54	248501	143877	1	54.9	33.5	63.1	48.4	0	161	265	0	0	0
2372229	2576918919	449	2	84	57	143877	208380	1	63.9	49.8	63.3	92.9	0	161	265	0	0	0
2372229	2576918947	449	2	85	2	208380	89572	1	63.3	92.9	62.7	83.7	0	161	265	0	0	0
2372229	2576918971	449	2	85	3	89572	208380	1	62.7	83.7	59.3	96.1	0	161	265	0	0	0
2372229	2576919095	449	2	85	7	208380	51952	1	59.1	95.1	53.1	79.3	0	161	265	0	0	0
2372229	2576919163	449	2	85	11	51952	246301	1	47.3	67.5	39.2	59.1	0	161	265	0	0	0
2372229	2576919209	449	2	85	14	246301	86813	1	45.3	54.9	43.1	25.4	0	161	265	0	0	0
2372229	2576919253	449	2	85	17	86813	165375	1	42.2	25.6	65.6	7.5	0	161	265	0	0	0
2372229	2576919573	449	2	85	35	234908	248501	1	66.6	0	68.6	12	0	161	266	0	0	0
2372229	2576919595	449	2	85	36	248501	234908	1	69	12.8	64.6	7.3	0	161	266	0	0	0
2372229	2576919625	449	2	85	38	234908	0	0	66.7	7.3	65.7	10.8	0	161	266	0	0	0
2372229	2576919697	449	2	85	41	38439	234908	1	64.9	15.9	71.2	11.6	0	161	267	0	0	0
2372229	2576919757	449	2	85	43	234908	38439	1	72.5	10.6	61.1	14.5	0	161	267	0	0	0
2372229	2576919799	449	2	85	47	38439	234908	1	61.3	16.7	67.1	7.1	0	161	267	0	0	0
2372229	2576919831	449	2	85	49	234908	89572	1	67.1	7.1	68.9	14.7	0	161	267	0	0	0
2372229	2576919897	449	2	85	51	89572	248501	1	79.3	12.4	80.8	18.5	0	161	267	0	0	0
2372229	2576919929	449	2	85	55	248501	38439	1	75.9	20.8	72.2	10.2	0	161	267	0	0	0
2372229	2576920021	449	2	85	57	38439	165375	1	72.2	10.2	79.7	3.9	0	161	267	0	0	0
2372229	2576920027	449	2	86	1	165375	0	0	85	23.4	89.2	40.3	0	161	267	0	0	0
2372229	2576920487	449	2	86	30	248501	86813	1	99.5	0.5	88.1	59.8	0	161	268	2	0	6
2372229	2576920727	185	2	86	45	124097	121220	1	8.7	44.6	14.7	28.7	0	162	269	0	0	0
2372229	2576920767	185	2	86	48	121220	197024	1	14.7	28.7	29	29.6	0	162	269	0	0	0
2372229	2576920815	185	2	86	53	197024	37064	1	37.2	22.5	56.9	19.1	0	162	269	0	0	0
2372229	2576920855	185	2	86	54	37064	164474	1	56.9	19.1	54.3	5.1	0	162	269	0	0	0
2372229	2576920911	185	2	86	57	164474	197024	1	53.6	5.1	44.5	15.4	0	162	269	0	0	0
2372229	2576920989	185	2	87	0	197024	37064	1	42.8	17.3	54.6	27.3	0	162	269	0	0	0
2372229	2576921083	185	2	87	3	37064	475344	1	54.7	31.5	70.2	87.6	0	162	269	0	0	0
2372229	2576921641	449	2	87	26	86813	0	1	32.1	23	46.9	16.9	0	163	271	0	0	5
2372229	2576922013	449	2	88	0	51952	89572	1	59.3	24.6	62.6	29.9	0	163	272	0	0	5
2372229	2576922083	449	2	88	1	89572	51952	1	62.6	29.9	57.2	22.6	0	163	272	0	0	0
2372229	2576922141	449	2	88	5	51952	246301	1	56.8	29.5	46.1	51.8	0	163	272	0	0	0
2372229	2576922199	449	2	88	8	246301	0	1	43.5	50.4	53.5	48.4	0	163	272	0	0	0
2372229	2576922507	449	2	88	24	51952	0	0	54.1	49.4	87.4	29.5	0	163	273	0	0	5
2372229	2576922519	185	2	88	26	475344	0	1	15.5	71.1	25.1	84.7	0	164	274	0	3	0
2372229	2576922617	185	2	88	29	491430	0	0	25	88.3	67.4	68.8	0	164	274	0	0	0
2372229	2576922639	449	2	88	33	246301	0	1	36.8	36.3	37.7	27.4	0	165	275	0	3	0
2372229	2576922679	449	2	88	35	86813	51952	1	38.3	27.3	41.1	37.6	0	165	275	0	0	0
2372229	2576922825	449	2	88	36	51952	208380	1	40.2	37.2	35.9	68.9	0	165	275	0	0	0
2372229	2576922881	449	2	88	46	208380	143877	1	73.1	92.3	77.4	71.7	0	165	275	0	0	0
2372229	2576922951	449	2	88	49	143877	248501	1	78.6	60.6	78.6	45.7	0	165	275	0	0	0
2372229	2576923019	449	2	88	54	248501	0	1	78	49	73.7	47	0	165	276	0	0	0
2372229	2576923035	449	2	88	56	38439	0	0	74.9	42.7	78.2	30.5	0	165	276	0	0	0
2372229	2576923165	185	2	89	3	491430	73314	1	28.9	94.6	21.4	94.9	0	166	277	0	0	0
2372229	2576923201	185	2	89	4	73314	0	0	22	92.9	56.1	52.8	0	166	277	0	0	0
2372229	2576923323	449	2	89	9	208380	246301	1	45.3	45.1	45.3	28.3	0	167	278	0	0	0
2372229	2576923345	449	2	89	13	246301	89572	1	44.7	24.8	55.4	30.1	0	167	278	0	0	0
2372229	2576923403	449	2	89	14	89572	86813	1	55.2	30.1	44.8	20.8	0	167	278	0	0	0
2372229	2576923449	449	2	89	19	86813	165375	1	45.4	19.3	67.7	5.5	0	167	278	0	0	0
2372229	2576923553	449	2	89	21	165375	86813	1	63.8	7.1	43.7	15.7	0	167	278	0	0	0
2372229	2576923613	449	2	89	31	86813	165375	1	43.6	21	59.8	6.7	0	167	278	0	0	0
2372229	2576923617	449	2	89	32	165375	0	0	63	5.1	64.8	8	0	167	278	0	0	0
2372229	2576923693	185	2	89	36	475344	0	0	33.7	94.4	43.4	95.5	0	170	281	0	0	0
2372229	2576923741	449	2	89	38	234908	0	0	57.5	5.7	91	45.9	0	171	282	0	0	0
2372229	2576923967	185	2	89	48	124097	121220	1	13.6	56.9	24.2	31.6	0	172	283	0	0	0
2372229	2576924011	185	2	89	50	121220	164474	1	25.7	28.1	33.2	5.4	0	172	283	0	0	0
2372229	2576924071	185	2	89	53	164474	441303	1	37.4	4.9	47.4	6.3	0	172	283	0	0	0
2372229	2576924911	449	2	90	45	208380	246301	1	54.6	100	33.4	85.3	0	173	284	0	0	0
2372229	2576924955	449	2	90	48	246301	508479	1	31	81.9	15.2	53.7	0	173	284	0	0	0
2372229	2576924985	449	2	90	51	508479	86813	1	14.9	48.8	26.6	26.8	0	173	284	0	0	0
2372229	2576925067	449	2	90	55	86813	246301	1	30	32.9	25.1	75.2	0	173	284	0	0	0
2372229	2576925155	449	2	90	59	246301	208380	1	32.2	72.1	43.6	94.7	0	173	284	0	0	0
2372229	2576925355	449	2	91	7	208380	508479	1	28.8	81.5	14.9	49.2	0	173	284	0	0	0
2372229	2576925389	449	2	91	19	508479	0	0	17.8	47.8	65.9	58.7	0	173	285	0	0	0
2372229	2576925449	185	2	91	22	215510	234370	1	38	37.8	47.7	51.7	0	0	0	0	3	0
2372229	2576925477	185	2	91	25	234370	0	1	47.7	51.7	54.1	27.5	0	174	286	0	3	0
2372229	2576925713	449	2	91	33	38439	89572	1	41.1	70.7	76	91.6	0	175	287	0	0	0
2372229	2576925743	449	2	91	41	89572	0	0	86.1	71.7	88.3	48.8	0	175	287	0	0	0
2372229	2576925941	185	2	91	47	73314	37064	1	31.5	36.4	31.1	28.6	0	176	288	0	0	0
2372229	2576925961	185	2	91	51	37064	234370	1	29.2	40.1	27.2	57.7	0	176	288	0	0	0
2372229	2576926113	185	2	91	57	475344	491430	1	16	95.4	26.7	96.1	0	178	290	0	0	0
2372229	2576926639	185	2	92	31	124097	0	0	29.9	94.7	69.9	69.1	0	178	291	0	0	5
2372229	2576926669	449	2	92	34	86813	248501	1	21.6	23.8	41.4	20.1	0	0	0	0	3	0
2372229	2576926689	449	2	92	36	248501	0	1	41.4	20.1	46.9	30.3	0	179	292	0	3	0
2372229	2576926725	185	2	92	39	234370	121220	1	45.5	66.4	36.7	48.6	0	180	293	0	0	0
2372229	2576926759	185	2	92	41	121220	164474	1	35.4	44.6	45.4	7.7	0	180	293	0	0	0
2372229	2576926803	185	2	92	44	164474	441303	1	45.8	7.7	68.3	5.9	0	180	293	0	0	0
2372229	2576926859	185	2	92	47	441303	164474	1	66.5	5.3	80.7	4.9	0	180	293	0	0	0
2372229	2576926923	185	2	92	51	164474	491430	1	90.3	17.2	82.1	55.4	0	180	293	2	0	0
2372229	2576928029	185	2	94	3	475344	215510	1	64.7	83.9	42.1	66.4	0	180	295	0	0	0
2372229	2576928065	185	2	94	6	215510	121220	1	41.5	64.5	44.3	23.3	0	180	295	0	0	0
2372229	2576928095	185	2	94	10	121220	37064	1	45.2	23.2	61.5	23.8	0	180	295	0	0	0
2372229	2576928121	185	2	94	11	37064	164474	1	61.7	23.8	62.5	5.9	0	180	295	0	0	0
2372229	2576928159	185	2	94	14	164474	37064	1	68.5	5.9	63.6	9.3	0	180	295	0	0	0
2372229	2576928173	185	2	94	17	37064	441303	1	67.3	12.5	69.5	18.7	0	180	295	0	0	0
2372229	2576928217	185	2	94	17	441303	475177	1	69.5	18.7	58	22.7	0	180	295	0	0	0
2372229	2576928269	185	2	94	21	475177	475344	1	59.4	34	60.6	70.2	0	180	295	0	0	0
2372229	2576928323	185	2	94	24	475344	491430	1	65.6	77.5	74.5	91.8	0	180	295	0	0	0
2372229	2576928363	185	2	94	27	491430	37064	1	77.8	83.8	81.2	69.9	0	180	295	0	0	0
2372229	2576928383	185	2	94	29	37064	475344	1	87.5	80.6	85.3	90.9	0	180	295	0	0	0
2372229	2576928409	185	2	94	30	475344	491430	1	85.3	90.9	77.5	88.3	0	180	295	0	0	0
2372229	2576928511	185	2	94	35	491430	234370	1	77.6	85	92.1	69	0	180	295	0	0	0
2372229	2576928641	449	2	94	43	508479	0	0	12	44.7	54.6	44.3	0	181	296	0	0	0
2372229	2576928673	185	2	94	45	475177	164474	1	43.6	58.9	60.2	33.3	0	0	0	0	3	0
2372229	2576928695	185	2	94	48	164474	0	1	60.2	33.3	65.2	42.6	0	182	297	0	3	0
2372229	2576928731	185	2	94	49	234370	164474	1	66	42.7	70.5	35.3	0	182	297	0	0	0
2372229	2576928805	185	2	94	53	37064	73314	1	72.1	46.1	75	41.4	0	182	298	0	0	0
2372229	2576928847	185	2	94	54	73314	164474	1	77.6	40.4	88.2	23.9	0	182	298	0	0	0
2372229	2576928895	185	2	94	57	164474	73314	1	91.3	25.3	92.8	48.6	0	182	298	2	0	0
2372229	2576930433	449	2	96	33	248501	51952	1	49.8	49.6	31.7	53.9	0	183	299	0	0	0
2372229	2576930495	449	2	96	36	51952	86813	1	31.7	53.9	38.8	30.3	0	183	299	0	0	0
2372229	2576930579	449	2	96	40	86813	246301	1	57.6	28.3	85	57.3	0	183	299	0	0	0
2372229	2576930637	449	2	96	43	246301	234908	1	83.2	56.9	86.9	44.1	0	183	299	0	3	0
2372229	2576933077	449	2	96	44	234908	89572	1	84.6	40.7	87.8	48	0	183	299	0	3	0
2372229	2576930653	449	2	96	46	89572	0	0	86.3	45.2	87.2	38.6	0	183	299	0	0	0
2372229	2576930749	185	2	96	50	234370	0	1	2.5	67.9	5.4	85.5	0	184	302	0	0	0
2372229	2576930811	185	2	96	55	491430	234370	1	8	93.7	10.3	87.6	0	184	302	0	0	0
2372229	2576930827	185	2	96	56	234370	491430	1	10.3	87.6	9.1	94.4	0	184	302	0	0	0
2372229	2576930889	185	2	96	57	491430	475344	1	9.1	94.4	6.6	86	0	184	302	0	0	0
2372229	2576930935	185	2	97	0	475344	0	0	7.9	86.4	57.4	67.6	0	184	302	0	0	0
2372229	2576932711	449	2	97	4	51952	86813	1	38.5	32.5	46.6	29.1	0	185	303	0	0	0
2372229	2576931055	449	2	97	7	86813	38439	1	44.4	29.7	51.6	34.6	0	185	304	0	0	0
2372229	2576931079	449	2	97	7	38439	51952	1	51.6	34.6	40.5	32.9	0	185	304	0	0	0
2372229	2576931137	449	2	97	10	51952	143877	1	40.5	32.9	71.5	54.1	0	185	304	0	0	0
2372229	2576931211	449	2	97	13	143877	246301	1	73.5	62.7	81.8	45.4	0	185	304	0	3	0
