team_id	code	type	player	x	y	min	sec	period
173	12	0despeje_clearance	463001	21.3	1.4	0	13	1
173	5	0ball_out	463001	28.4	0	0	14	1
1737	44	0aerial_duel_lost	111133	87	57.8	0	44	1
173	12	0despeje_clearance	437465	12.8	43.4	0	44	1
173	12	0despeje_clearance	201178	19.4	46.6	0	46	1
173	44	0aerial_duel_lost	434941	30.4	74.4	0	48	1
1737	44	0aerial_duel_lost	109702	61	32	1	4	1
173	50	0dispossessed	437465	43.8	53.3	1	7	1
173	50	0dispossessed	431644	36.8	75.6	1	17	1
1737	44	0aerial_duel_lost	178092	55.2	19.6	1	38	1
173	5	0ball_out	434941	100	76.5	2	21	1
1737	44	0aerial_duel_lost	111313	59.4	18.6	2	50	1
1737	5	0ball_out	213118	74.2	100	3	1	1
1737	74	0blocked_pass	109702	57.6	7.1	4	12	1
173	12	0despeje_clearance	215792	10.3	57.2	4	19	1
173	12	0despeje_clearance	437465	11.2	59.9	4	28	1
173	8	0interception	437465	36.7	15.9	4	43	1
173	44	0aerial_duel_lost	442157	67.2	56.2	5	15	1
173	44	0aerial_duel_lost	488040	3.4	82.8	5	47	1
1737	16	goal	178092	96.9	40	6	45	1
1737	5	0ball_out	463163	25.3	100	8	2	1
173	61	0mal_control	442157	88.8	28.5	8	27	1
1737	50	0dispossessed	442838	41.2	96.1	8	35	1
1737	5	0ball_out	111133	34.2	100	8	38	1
173	15	attempt_saved	126119	75.9	78.1	9	23	1
1737	61	0mal_control	442838	33.4	3.8	10	28	1
173	44	0aerial_duel_lost	126119	41.4	93	11	8	1
1737	15	attempt_saved	109702	91.6	48.3	11	58	1
173	5	0ball_out	437465	59.5	0	12	17	1
173	5	0ball_out	235227	45.6	0	12	45	1
1737	44	0aerial_duel_lost	442838	71.8	87.3	13	5	1
1737	12	0despeje_clearance	130025	7.5	37.4	14	5	1
173	8	0interception	488040	70.2	94	14	8	1
173	5	0ball_out	215792	74.4	100	14	10	1
173	8	0interception	215792	37.3	58.8	14	32	1
1737	44	0aerial_duel_lost	111133	56.8	36.2	14	33	1
1737	50	0dispossessed	96771	29.4	16.8	16	36	1
173	8	0interception	126119	29.2	95.6	17	25	1
173	5	0ball_out	126119	27.2	100	17	25	1
173	61	0mal_control	201178	52.8	20.7	18	33	1
173	74	0blocked_pass	201178	59.4	6.5	18	35	1
173	61	0mal_control	431644	60.4	69.1	19	59	1
173	44	0aerial_duel_lost	431644	56.1	71.8	20	3	1
173	12	0despeje_clearance	463001	12.8	39.8	21	3	1
173	50	0dispossessed	442157	34.5	58.4	21	5	1
1737	44	0aerial_duel_lost	442838	79.9	12.8	21	27	1
173	12	0despeje_clearance	488040	19.9	86.6	21	27	1
173	5	0ball_out	488040	16.3	100	21	28	1
1737	15	attempt_saved	109702	91.7	45.4	22	7	1
173	12	0despeje_clearance	488040	6.7	59.1	22	7	1
1737	12	0despeje_clearance	463163	33.9	72.9	22	15	1
173	74	0blocked_pass	442157	64.9	21.2	22	15	1
173	5	0ball_out	442157	70.7	0	22	18	1
173	44	0aerial_duel_lost	431644	29.8	76.8	23	0	1
173	61	0mal_control	235227	88.8	5.9	24	27	1
1737	12	0despeje_clearance	463163	12	95.6	24	28	1
173	5	0ball_out	235227	88.4	0	24	28	1
173	5	0ball_out	126119	23.4	100	25	10	1
1737	44	0aerial_duel_lost	442838	94.5	36.8	25	39	1
1737	8	0interception	109702	27.8	82.2	26	35	1
173	8	0interception	437465	38.7	67	26	45	1
1737	15	attempt_saved	111133	79.6	33.2	27	6	1
1737	44	0aerial_duel_lost	111313	60.2	19.4	27	15	1
1737	15	attempt_saved	109702	74.9	79.8	27	34	1
1737	13	miss	463163	73.6	78.9	28	27	1
1737	5	0ball_out	463163	100	55	28	29	1
173	8	0interception	463001	40.7	24.4	29	2	1
173	5	0ball_out	176245	14.5	100	29	18	1
1737	44	0aerial_duel_lost	442838	91.8	42.8	29	47	1
173	12	0despeje_clearance	488040	7.8	58.1	29	47	1
1737	13	miss	442838	91.6	43.7	29	47	1
1737	5	0ball_out	442838	100	40.5	29	49	1
173	44	0aerial_duel_lost	126119	52.8	91.3	32	43	1
1737	5	0ball_out	111313	51.5	0	32	44	1
1737	44	0aerial_duel_lost	130025	27.6	10.7	33	0	1
1737	44	0aerial_duel_lost	178092	13.4	48.8	34	9	1
173	13	miss	215792	87	48.5	34	9	1
173	5	0ball_out	463001	100	55.7	34	10	1
1737	44	0aerial_duel_lost	442838	66	51.7	34	39	1
1737	74	0blocked_pass	130025	20.7	25.3	34	48	1
173	56	0me_cortan_balon_cuerpo	126119	74	92.6	34	50	1
1737	5	0ball_out	130025	24	0	34	51	1
1737	12	0despeje_clearance	130025	7.6	34.7	35	9	1
173	44	0aerial_duel_lost	488040	70.8	73.6	35	11	1
1737	12	0despeje_clearance	463163	18.8	74.3	36	8	1
1737	44	0aerial_duel_lost	179926	31.2	23	36	34	1
173	44	0aerial_duel_lost	488040	91.8	38.2	37	14	1
1737	12	0despeje_clearance	96771	4.8	64.5	37	14	1
173	8	0interception	235227	57.1	29.4	37	21	1
1737	44	0aerial_duel_lost	463163	32.8	89	37	32	1
1737	12	0despeje_clearance	213118	7.1	62	37	47	1
173	61	0mal_control	434941	88.4	11.3	37	53	1
173	44	0aerial_duel_lost	434941	89.1	13.2	37	54	1
1737	8	0interception	111133	64.8	87.5	38	44	1
173	61	0mal_control	442157	50.9	28.7	38	48	1
173	8	0interception	126119	46.9	91.8	39	11	1
173	13	miss	434941	80.3	84.2	39	31	1
173	5	0ball_out	434941	100	43.8	39	33	1
1737	61	0mal_control	442838	62.4	91.1	40	11	1
1737	5	0ball_out	442838	66.9	100	40	12	1
1737	12	0despeje_clearance	167210	3	49.9	40	39	1
173	44	0aerial_duel_lost	488040	32.8	62	42	34	1
1737	44	0aerial_duel_lost	463163	58.9	47	42	37	1
1737	44	0aerial_duel_lost	179926	63.2	45.4	42	52	1
1737	74	0blocked_pass	178092	5	58.5	43	39	1
173	13	miss	488040	71.8	51.3	43	41	1
1737	12	0despeje_clearance	111313	18.1	41.9	43	41	1
173	44	0aerial_duel_lost	215792	60.2	61.4	43	43	1
1737	44	0aerial_duel_lost	442838	56.9	11.8	43	48	1
1737	12	0despeje_clearance	130025	13.1	38.6	44	30	1
1737	61	0mal_control	179926	21.7	10	44	32	1
1737	12	0despeje_clearance	111313	15.1	11.6	44	36	1
173	50	0dispossessed	437465	73.7	77.8	44	38	1
173	44	0aerial_duel_lost	463001	48.6	55.8	44	48	1
1737	61	0mal_control	109702	80.5	41.9	46	35	1
1737	8	0interception	178092	26.1	31.6	47	40	1
1737	74	0blocked_pass	111313	22	19.1	47	41	1
1737	5	0ball_out	130025	72.4	0	47	51	1
173	50	0dispossessed	437465	32.8	89.3	48	6	1
1737	15	attempt_saved	109702	89.2	33.4	48	15	1
1737	13	miss	96771	93.2	34.9	48	54	1
173	12	0despeje_clearance	431644	3.8	51.3	48	55	1
173	44	0aerial_duel_lost	434941	44.4	64.6	49	0	1
1737	5	0ball_out	167210	30.3	0	50	16	1
173	44	0aerial_duel_lost	126119	39.2	85.1	45	29	2
1737	61	0mal_control	442838	55	25.1	45	38	2
173	61	0mal_control	431644	56.5	70.8	45	47	2
173	8	0interception	488040	50.8	73.5	45	54	2
1737	44	0aerial_duel_lost	178092	39.8	19.2	45	57	2
1737	44	0aerial_duel_lost	463163	14.6	71	46	42	2
173	15	attempt_saved	437465	81.6	39.5	46	43	2
173	44	0aerial_duel_lost	442157	85	49.2	46	45	2
173	44	0aerial_duel_lost	437465	28.2	28.2	47	23	2
173	44	0aerial_duel_lost	215792	19.3	35.8	47	25	2
1737	13	miss	96771	77.2	64.7	48	46	2
1737	5	0ball_out	96771	100	53.7	48	48	2
1737	13	miss	179926	73.4	32.7	49	21	2
1737	5	0ball_out	179926	100	50.4	49	23	2
173	8	0interception	235227	52.9	25.9	49	57	2
173	61	0mal_control	235227	73.6	58.5	50	5	2
173	44	0aerial_duel_lost	126119	72.4	58	50	6	2
173	44	0aerial_duel_lost	442157	55.4	35	50	54	2
1737	44	0aerial_duel_lost	111313	43	23.9	50	59	2
1737	44	0aerial_duel_lost	109702	70.4	47.4	51	18	2
173	5	0ball_out	235227	41.7	100	51	24	2
173	44	0aerial_duel_lost	126119	17.6	91.4	51	47	2
173	44	0aerial_duel_lost	235227	9.3	49.7	52	37	2
1737	13	miss	109702	92.2	47	52	37	2
1737	5	0ball_out	442838	100	62.8	52	38	2
173	44	0aerial_duel_lost	431644	61.9	40.8	53	13	2
1737	44	0aerial_duel_lost	111133	60.3	74.7	53	17	2
173	5	0ball_out	434941	26.8	0	53	21	2
1737	44	0aerial_duel_lost	442838	82.6	86.4	53	36	2
1737	61	0mal_control	111133	78	96.8	53	39	2
1737	5	0ball_out	111133	77.6	100	53	39	2
1737	44	0aerial_duel_lost	213118	40.4	82.3	53	50	2
1737	44	0aerial_duel_lost	442838	58	63.4	54	49	2
1737	8	0interception	213118	34.7	67.7	54	51	2
1737	61	0mal_control	111313	38.8	2.3	55	5	2
1737	5	0ball_out	111313	39.2	0	55	6	2
1737	12	0despeje_clearance	213118	7.7	48.5	55	45	2
1737	12	0despeje_clearance	96771	12.8	50	55	48	2
173	12	0despeje_clearance	215792	24.6	77	55	58	2
173	5	0ball_out	215792	29.5	100	55	59	2
173	18	player_off	442157	28.4	100	56	42	2
173	18	player_off	442157	28.4	100	56	42	2
173	19	player_in	61597	28.4	100	56	42	2
1737	50	0dispossessed	179926	90.6	16.4	56	57	2
173	5	0ball_out	126119	46.7	100	57	5	2
1737	44	0aerial_duel_lost	179926	77.5	11.6	57	22	2
173	50	0dispossessed	431644	63	96.3	57	58	2
173	5	0ball_out	431644	63.1	100	57	59	2
173	44	0aerial_duel_lost	431644	41.2	81.2	58	27	2
1737	5	0ball_out	179926	100	48.9	58	38	2
1737	74	0blocked_pass	109702	88.3	14.6	59	0	2
1737	44	0aerial_duel_lost	213118	46.4	27	59	9	2
173	61	0mal_control	235227	95.4	37.3	59	26	2
1737	12	0despeje_clearance	213118	5.7	53	59	27	2
1737	44	0aerial_duel_lost	442838	29.7	88.2	59	31	2
1737	12	0despeje_clearance	213118	13.4	60.3	60	24	2
1737	44	0aerial_duel_lost	111133	31.8	80.8	60	26	2
173	61	0mal_control	431644	73.3	33.7	60	27	2
173	61	0mal_control	431644	52.7	45.7	60	40	2
1737	44	0aerial_duel_lost	111133	58.1	88.9	61	9	2
1737	5	0ball_out	179926	57.6	0	61	31	2
1737	61	0mal_control	111133	45.5	97.7	62	3	2
1737	5	0ball_out	111133	43.3	100	62	4	2
173	18	player_off	437465	78.3	30.4	63	18	2
173	18	player_off	437465	78.3	30.4	63	18	2
173	19	player_in	244707	78.3	30.4	63	18	2
173	18	player_off	215792	78.3	30.4	63	27	2
173	18	player_off	215792	78.3	30.4	63	27	2
173	19	player_in	586866	78.3	30.4	63	27	2
173	18	player_off	126119	78.3	30.4	63	27	2
173	18	player_off	126119	78.3	30.4	63	27	2
173	19	player_in	484406	78.3	30.4	63	27	2
173	50	0dispossessed	61597	43	26.8	63	59	2
173	61	0mal_control	484406	56	79.3	64	6	2
173	5	0ball_out	484406	69	100	64	8	2
1737	18	player_off	463163	35.6	0	64	43	2
1737	18	player_off	463163	35.6	0	64	43	2
1737	19	player_in	549329	35.6	0	64	43	2
1737	18	player_off	179926	35.6	0	64	55	2
1737	18	player_off	179926	35.6	0	64	55	2
1737	19	player_in	112994	35.6	0	64	55	2
1737	50	0dispossessed	111133	54.6	44.6	65	18	2
1737	44	0aerial_duel_lost	442838	69.5	35.3	65	53	2
173	12	0despeje_clearance	463001	3	49.4	66	6	2
1737	44	0aerial_duel_lost	130025	45.6	14.2	66	16	2
173	44	0aerial_duel_lost	235227	76.3	16.8	67	1	2
1737	44	0aerial_duel_lost	442838	39.5	82.4	67	4	2
173	5	0ball_out	244707	64.7	0	67	5	2
1737	44	0aerial_duel_lost	178092	46.8	71.1	67	25	2
1737	12	0despeje_clearance	130025	9.2	39.7	67	34	2
173	15	attempt_saved	434941	88	61	68	3	2
1737	12	0despeje_clearance	213118	11	54.3	68	5	2
1737	12	0despeje_clearance	213118	11.7	44.5	68	55	2
173	15	attempt_saved	431644	78.2	36.3	69	16	2
173	5	0ball_out	201178	100	44.3	69	30	2
1737	18	player_off	178092	5.1	56.6	70	14	2
1737	18	player_off	178092	5.1	56.6	70	14	2
1737	19	player_in	156305	5.1	56.6	70	14	2
1737	44	0aerial_duel_lost	442838	70.2	47.7	70	34	2
1737	44	0aerial_duel_lost	111133	62	95.2	70	44	2
1737	12	0despeje_clearance	111313	11.5	12.4	71	14	2
1737	5	0ball_out	111313	21.8	0	71	15	2
1737	61	0mal_control	112994	70.5	44.8	72	17	2
1737	12	0despeje_clearance	111313	10.2	17.9	72	28	2
1737	44	0aerial_duel_lost	213118	12.3	57.3	73	13	2
1737	50	0dispossessed	112994	35.8	84.3	73	20	2
173	44	0aerial_duel_lost	488040	62	12.5	73	23	2
1737	50	0dispossessed	442838	81.4	87.5	74	1	2
173	5	0ball_out	244707	17.6	0	74	4	2
1737	44	0aerial_duel_lost	442838	96.8	66.3	74	42	2
1737	44	0aerial_duel_lost	112994	86.4	63	74	51	2
173	5	0ball_out	235227	72.2	0	77	43	2
173	61	0mal_control	61597	60.6	7.7	78	6	2
1737	44	0aerial_duel_lost	156305	35.8	69.2	78	37	2
173	13	miss	201178	71.5	50.1	78	42	2
173	5	0ball_out	201178	100	50.5	78	43	2
173	44	0aerial_duel_lost	244707	33	9.6	79	17	2
173	50	0dispossessed	431644	43.2	49.8	79	24	2
1737	61	0mal_control	156305	67.9	2.8	79	36	2
1737	5	0ball_out	156305	67.2	0	79	36	2
1737	8	0interception	130025	24.1	15.8	79	51	2
173	44	0aerial_duel_lost	201178	71.6	70.7	79	53	2
173	44	0aerial_duel_lost	484406	29	85	82	19	2
173	12	0despeje_clearance	484406	10	56.9	83	17	2
1737	50	0dispossessed	213118	72.8	71.8	83	23	2
1737	12	0despeje_clearance	213118	8.9	57	83	38	2
1737	5	0ball_out	213118	27.2	100	83	42	2
173	18	player_off	431644	19.9	26.8	84	55	2
173	18	player_off	431644	19.9	26.8	84	55	2
173	19	player_in	207721	19.9	26.8	84	55	2
173	5	0ball_out	207721	83.6	0	85	23	2
1737	44	0aerial_duel_lost	96771	37.8	86.4	85	49	2
1737	18	player_off	109702	36.3	87.5	86	44	2
1737	18	player_off	109702	36.3	87.5	86	44	2
1737	19	player_in	178866	36.3	87.5	86	44	2
1737	18	player_off	111133	36.3	87.5	86	47	2
1737	18	player_off	111133	36.3	87.5	86	47	2
1737	19	player_in	88479	36.3	87.5	86	47	2
173	44	0aerial_duel_lost	244707	26.4	73	87	34	2
1737	5	0ball_out	442838	72.5	0	87	37	2
1737	44	0aerial_duel_lost	156305	60.2	7.4	87	44	2
1737	74	0blocked_pass	112994	35.8	12.8	89	7	2
1737	61	0mal_control	112994	57.3	12.2	89	10	2
173	56	0me_cortan_balon_cuerpo	244707	32.3	97.4	89	13	2
1737	5	0ball_out	112994	71.1	0	89	14	2
1737	12	0despeje_clearance	130025	9.7	53.9	89	57	2
173	12	0despeje_clearance	488040	22.1	12.5	90	17	2
173	5	0ball_out	488040	21	0	90	19	2
1737	5	0ball_out	88479	100	95.8	90	53	2
173	44	0aerial_duel_lost	586866	76.3	92	91	35	2
1737	12	0despeje_clearance	213118	13.4	56.6	91	48	2
173	5	0ball_out	484406	100	1.2	91	56	2
1737	44	0aerial_duel_lost	178866	51.7	54.1	92	36	2
173	74	0blocked_pass	201178	35.8	40.7	92	41	2
173	50	0dispossessed	201178	36.9	35.6	92	42	2
173	50	0dispossessed	207721	68.4	4	92	47	2
1737	5	0ball_out	178866	29.1	100	92	48	2
173	8	0interception	244707	63.8	57.3	94	14	2
1737	44	0aerial_duel_lost	442838	41.2	38.8	94	18	2
1737	12	0despeje_clearance	112994	20.8	25.9	94	53	2
1737	12	0despeje_clearance	111313	12.3	24.5	94	58	2
173	61	0mal_control	434941	88.2	90.3	95	20	2
173	44	0aerial_duel_lost	586866	65	93.6	95	27	2
173	44	0aerial_duel_lost	484406	25.5	89.2	96	9	2
1737	61	0mal_control	442838	83.5	8.8	96	10	2
1737	5	0ball_out	442838	84	0	96	12	2
173	5	0ball_out	244707	22.2	100	96	40	2
1737	5	0ball_out	112994	78.6	0	97	9	2
173	44	0aerial_duel_lost	207721	37.2	91.6	97	24	2
1737	12	0despeje_clearance	178866	13.7	87.3	97	38	2
1737	5	0ball_out	178866	9.9	100	97	39	2
173	13	miss	61597	86	56.5	97	54	2
173	15	attempt_saved	434941	98	36.3	97	55	2
1737	61	0mal_control	88479	72.1	93.9	98	27	2
1737	5	0ball_out	167210	77.3	100	98	28	2
