match_id	id	team_id	period_id	min	sec	player_id_1	player_id_2	outcome	start_x	start_y	end_x	end_y	offside	possession	sequence	extra_1	extra_2	extra_3
2372228	2576932699	178	1	0	0	490541	209712	1	50	50	32.1	54.8	0	1	1	0	0	0
2372228	2576932701	178	1	0	3	209712	135363	1	32.1	54.8	29.5	78.5	0	1	1	0	0	0
2372228	2576932717	178	1	0	5	135363	493019	1	29.5	78.5	46.3	93	0	1	1	0	0	0
2372228	2576932737	178	1	0	7	493019	135363	1	46.3	93	31.7	83.6	0	1	1	0	0	0
2372228	2576932785	178	1	0	9	135363	220325	1	31.7	83.6	26.8	54.8	0	1	1	0	0	0
2372228	2576932807	178	1	0	14	220325	135363	1	32.3	53.1	34.3	81.1	0	1	1	0	0	0
2372228	2576932833	178	1	0	17	135363	493019	1	34.3	81.1	43.4	95	0	1	1	0	0	0
2372228	2576932853	178	1	0	19	493019	209712	1	43.4	95	42.2	84.4	0	1	1	0	0	0
2372228	2576932873	178	1	0	19	209712	135363	1	42.2	84.4	28.1	87.2	0	1	1	0	0	0
2372228	2576932937	178	1	0	22	135363	220325	1	28.1	87.2	26.1	53.6	0	1	1	0	0	0
2372228	2576933011	178	1	0	26	220325	209712	1	30.2	52.8	33.4	71.8	0	1	1	0	0	0
2372228	2576933083	178	1	0	32	209712	445087	1	39.9	72.4	44.5	14.9	0	1	1	0	0	0
2372228	2576933139	178	1	0	37	445087	219961	1	61.1	13.1	74.8	3.7	0	1	1	0	0	0
2372228	2576933159	178	1	0	40	219961	490541	1	72.3	7.6	71.3	26.4	0	1	1	0	0	0
2372228	2576933169	178	1	0	41	490541	78056	1	71.3	26.4	61.8	25.9	0	1	1	0	0	0
2372228	2576933211	178	1	0	42	78056	209712	1	61.8	25.9	61.8	53.4	0	1	1	0	0	0
2372228	2576933269	178	1	0	44	209712	135363	1	61.8	53.4	53.1	54.9	0	1	1	0	0	0
2372228	2576933337	178	1	0	48	135363	59859	1	52.8	54.9	62.4	54.2	0	1	1	0	0	0
2372228	2576933359	178	1	0	49	59859	220325	1	62.4	54.2	52.6	35.7	0	1	1	0	0	0
2372228	2576933383	178	1	0	51	220325	490541	1	52.6	36.5	66.1	38	0	1	1	0	0	0
2372228	2576933477	178	1	0	54	490541	59859	1	61.4	41.6	58.3	50.7	0	1	1	0	0	0
2372228	2576933507	178	1	0	55	59859	0	1	65.2	49.9	60.7	37.5	0	1	1	0	0	0
2372228	2576938323	178	1	0	56	78056	220325	1	60.3	35.9	52.1	34.9	0	1	1	0	0	0
2372228	2576939771	178	1	0	58	220325	135363	1	52	35.5	50	53	0	1	1	0	0	0
2372228	2576933525	178	1	1	0	135363	209712	1	42.8	62.4	54.6	62.9	0	1	1	0	0	0
2372228	2576933609	178	1	1	2	209712	220325	1	55.6	61.6	48.4	38.4	0	1	1	0	0	0
2372228	2576933655	178	1	1	7	220325	209712	1	55.4	36.1	53.8	47.2	0	1	1	0	0	0
2372228	2576933709	178	1	1	12	209712	135363	1	54.9	49.7	56.9	77.2	0	1	1	0	0	0
2372228	2576933739	178	1	1	15	135363	209712	1	56.9	77.2	57.6	62.4	0	1	1	0	0	0
2372228	2576934353	1450	1	1	54	112945	99005	1	22.4	67.3	43.1	7.3	0	2	2	0	0	5
2372228	2576934423	1450	1	1	59	99005	0	0	43.1	8.5	101.3	15.3	0	2	2	0	0	0
2372228	2576934745	178	1	2	16	77318	220325	1	4.5	60.8	7.5	43.3	0	3	3	0	0	0
2372228	2576934807	178	1	2	18	220325	135363	1	7.5	43.3	15.5	68.5	0	3	3	0	0	0
2372228	2576934851	178	1	2	25	135363	220325	1	24.9	67.6	22.2	50.9	0	3	3	0	0	0
2372228	2576934935	178	1	2	28	220325	135363	1	28.2	51.1	30.9	75	0	3	3	0	0	0
2372228	2576934951	178	1	2	35	135363	78056	1	39.6	67.9	46.4	54.3	0	3	3	0	0	0
2372228	2576934987	178	1	2	37	78056	220325	1	46.4	54.3	37.2	40.3	0	3	3	0	0	0
2372228	2576935001	178	1	2	39	220325	149838	100	36	40.3	61.3	47.6	0	3	3	0	0	0
2372228	2576935031	1450	1	2	40	198499	0	0	38.4	70.8	45.5	101.7	0	4	4	0	0	0
2372228	2576935217	178	1	2	51	219961	220325	1	55	0	34.5	7.5	0	5	5	0	0	0
2372228	2576935243	178	1	2	51	220325	0	1	34.3	11.8	37.6	48.7	0	5	5	0	0	0
2372228	2576935287	178	1	2	56	209712	135363	1	41.4	59.7	36	44.3	0	5	5	0	0	0
2372228	2576935315	178	1	2	58	135363	445087	1	35.9	44.3	37	9.2	0	5	5	0	0	0
2372228	2576935343	178	1	3	1	445087	490541	1	37	9.2	57.8	17	0	5	5	0	0	0
2372228	2576935361	178	1	3	2	490541	0	0	57.8	17	48.2	30.9	0	5	5	0	0	0
2372228	2576935381	1450	1	3	4	149838	198499	1	54	70.9	48.6	75.9	0	6	6	0	0	0
2372228	2576935449	1450	1	3	5	198499	0	1	48.6	75.9	52.2	70.2	0	6	6	0	3	0
2372228	2576935543	1450	1	3	10	198499	99005	1	46.8	74.8	43.9	33.4	0	6	7	0	0	5
2372228	2576935567	1450	1	3	14	99005	464283	1	55.5	29.1	60.6	9.1	0	6	7	0	0	0
2372228	2576935575	1450	1	3	17	464283	0	0	62.3	9.1	79.7	38.5	0	6	7	2	0	0
2372228	2576935705	1450	1	3	23	99005	149838	1	66.3	36.9	57.7	63.9	0	6	8	0	0	0
2372228	2576935751	1450	1	3	27	149838	109270	1	58.7	72.7	68.3	94.5	0	6	8	0	0	0
2372228	2576935815	1450	1	3	30	109270	149838	1	65.8	93.5	56.4	90.5	0	6	8	0	0	0
2372228	2576935861	1450	1	3	33	149838	112945	1	56.3	90.5	40.7	68.8	0	6	8	0	0	0
2372228	2576935941	1450	1	3	36	112945	448179	1	41.2	69.3	90.3	54.5	0	6	8	0	0	0
2372228	2576936311	178	1	4	13	77318	135363	1	4.3	48.4	28.1	78.8	0	7	9	0	0	0
2372228	2576936345	178	1	4	15	135363	220325	1	28.1	78.8	27	62.9	0	7	9	0	0	0
2372228	2576936411	178	1	4	20	220325	445087	1	26.4	50.7	29.5	19.2	0	7	9	0	0	0
2372228	2576936451	178	1	4	24	445087	77318	1	26.4	18.6	8.5	45.7	0	7	9	0	0	0
2372228	2576936495	178	1	4	29	77318	135363	1	11	51.2	22.4	80.2	0	7	9	0	0	0
2372228	2576936537	178	1	4	31	135363	77318	1	21.9	79.6	11.9	63	0	7	9	0	0	0
2372228	2576936599	178	1	4	35	77318	220325	1	14.5	54.9	24.4	33	0	7	9	0	0	0
2372228	2576936629	178	1	4	38	220325	209712	1	27.7	36.5	33	84	0	7	9	0	0	0
2372228	2576936657	178	1	4	42	209712	135363	1	34	83	30.3	67.5	0	7	9	0	0	0
2372228	2576936699	178	1	4	46	135363	209712	1	32.5	66	38.2	82.1	0	7	9	0	0	0
2372228	2576936731	178	1	4	49	209712	59859	1	41.2	87.3	43.2	74.4	0	7	9	0	0	0
2372228	2576936757	178	1	4	50	59859	135363	1	43.2	74.4	32.2	78.2	0	7	9	0	0	0
2372228	2576936789	178	1	4	52	135363	209712	1	32.2	78.2	43	91.1	0	7	9	0	0	0
2372228	2576936829	178	1	4	55	209712	59859	1	43	90.2	40.3	82.2	0	7	9	0	0	0
2372228	2576936853	178	1	4	57	59859	135363	1	39.7	77.4	37	65	0	7	9	0	0	0
2372228	2576936873	178	1	4	59	135363	59859	1	37.3	64.2	43.6	80.4	0	7	9	0	0	0
2372228	2576936903	178	1	5	1	59859	135363	1	43.3	79.2	40.4	66.8	0	7	9	0	0	0
2372228	2576936931	178	1	5	4	135363	59859	1	39.6	65.4	43.2	77	0	7	9	0	0	0
2372228	2576936965	178	1	5	6	59859	220325	1	40.7	71.9	32.5	47.8	0	7	9	0	0	0
2372228	2576937013	178	1	5	9	220325	78056	1	34.1	45.1	45.8	43.1	0	7	9	0	0	0
2372228	2576937049	178	1	5	12	78056	0	1	53.5	34.3	61.2	33.8	0	7	9	0	0	0
2372228	2576937255	178	1	5	24	78056	135363	1	64.6	31.7	54.1	45.8	0	7	10	0	0	5
2372228	2576937279	178	1	5	29	135363	209712	1	53.1	49.1	59.7	59.9	0	7	10	0	0	0
2372228	2576937287	178	1	5	30	209712	78056	1	59.6	58.2	60.1	41.9	0	7	10	0	0	0
2372228	2576937309	178	1	5	32	78056	445087	1	60.5	35.2	62.2	13.1	0	7	10	0	0	0
2372228	2576937337	178	1	5	35	445087	220325	1	61.1	11.9	47.6	27.4	0	7	10	0	0	0
2372228	2576937343	178	1	5	37	220325	78056	1	48.7	28	58.5	24.7	0	7	10	0	0	0
2372228	2576937367	178	1	5	39	78056	220325	1	58.8	24.7	46.8	27.7	0	7	10	0	0	0
2372228	2576937421	178	1	5	40	220325	135363	1	45.9	29.5	51.6	60.5	0	7	10	0	0	0
2372228	2576937439	178	1	5	45	135363	220325	1	53.3	59.6	46.8	46	0	7	10	0	0	0
2372228	2576937485	178	1	5	47	220325	59859	1	46.9	43.5	68.1	41.2	0	7	10	0	0	0
2372228	2576937505	1450	1	5	51	149838	109270	1	38.8	70.8	43.7	89.9	0	8	11	0	0	0
2372228	2576937539	1450	1	5	52	109270	0	0	43.7	89.9	68.2	82.1	0	8	11	0	0	0
2372228	2576937611	178	1	5	54	220325	77318	1	25.9	28.1	10.3	43.4	0	9	12	0	0	0
2372228	2576937689	178	1	5	59	77318	135363	1	10.3	43.4	22.9	63.2	0	9	12	0	0	0
2372228	2576937711	178	1	6	5	135363	209712	1	32.9	65.4	32.9	42.5	0	9	12	0	0	0
2372228	2576937791	178	1	6	10	209712	135363	1	35.2	40.3	37.2	77.3	0	9	12	0	0	0
2372228	2576937813	178	1	6	15	135363	220325	1	37.7	79.4	33.1	62.9	0	9	12	0	0	0
2372228	2576937837	178	1	6	17	220325	209712	1	34	60	46.1	44	0	9	12	0	0	0
2372228	2576937889	178	1	6	18	209712	220325	1	46.1	44	36.6	60.9	0	9	12	0	0	0
2372228	2576938473	178	1	7	16	219961	56764	1	66.6	79.5	87.7	48.4	0	9	13	2	0	5
2372228	2576938653	1450	1	7	34	175204	112945	1	12.3	53.3	22	71.7	0	10	14	0	0	0
2372228	2576938693	1450	1	7	36	112945	175204	1	22	71.7	8.6	51.3	0	10	14	0	0	0
2372228	2576938757	1450	1	7	40	175204	200599	1	9.3	44.6	19.2	23.6	0	10	14	0	0	0
2372228	2576938783	1450	1	7	44	200599	0	0	26.7	16.7	69.1	24.9	0	10	14	0	0	0
2372228	2576938833	178	1	7	47	209712	0	1	29	84.9	31.1	78.3	0	11	15	0	3	0
2372228	2576938845	178	1	7	48	493019	135363	1	30	77.6	12	71.4	0	11	15	0	0	0
2372228	2576938883	178	1	7	51	135363	77318	1	11.7	71	2.7	42.7	0	11	15	0	0	0
2372228	2576938971	178	1	7	54	77318	445087	1	3.4	40.3	41.4	9.5	0	11	15	0	0	0
2372228	2576939011	178	1	8	0	445087	56764	1	58.2	14	65.4	53.3	0	11	15	0	0	0
2372228	2576939021	178	1	8	3	56764	464283	100	65.9	57	72.2	70.1	0	11	15	0	0	0
2372228	2576939121	1450	1	8	8	99005	0	1	30.8	25.9	36.7	37.4	0	12	16	0	0	0
2372228	2576939521	1450	1	8	37	175204	99005	1	23.5	26.7	37.2	7.1	0	12	17	0	0	5
2372228	2576939545	1450	1	8	40	99005	464283	1	37.2	7.1	51.6	4.1	0	12	17	0	0	0
2372228	2576939549	1450	1	8	41	464283	0	0	51.6	4.1	68	-0.8	0	12	17	0	0	0
2372228	2576939661	178	1	8	48	209712	135363	1	23.7	100	21.7	88.4	0	13	18	0	0	0
2372228	2576939719	178	1	8	50	135363	209712	1	21.7	88.4	27.5	94.5	0	13	18	0	0	0
2372228	2576939761	178	1	8	56	209712	0	0	38.8	88.2	88.7	87.8	0	13	18	0	0	0
2372228	2576940145	178	1	9	26	493019	209712	1	87.6	100	88.5	96.2	0	13	19	0	0	0
2372228	2576940159	178	1	9	27	209712	59859	1	91.7	90.9	87	96	0	13	19	0	0	0
2372228	2576945203	178	1	9	27	493019	59859	1	86	97.1	78.3	90.8	0	13	19	0	0	0
2372228	2576940181	178	1	9	29	59859	56764	1	79.2	92.6	92.1	77.3	0	13	19	0	0	0
2372228	2576940211	178	1	9	31	56764	209712	1	91.3	83.9	82.9	86.9	0	13	19	0	0	0
2372228	2576940231	178	1	9	33	209712	0	0	81.1	81.3	88.2	45.4	0	13	19	2	0	0
2372228	2576940303	178	1	9	41	220325	198499	100	65.6	4.4	69.1	16.7	0	13	20	0	0	0
2372228	2576940407	178	1	9	47	135363	78056	1	53.4	35.5	52.1	27.5	0	13	21	0	0	0
2372228	2576940481	178	1	9	50	78056	135363	1	53.4	28.4	47.3	52.4	0	13	21	0	0	0
2372228	2576940495	178	1	9	57	135363	209712	1	56.1	68.4	59.7	62.3	0	13	21	0	0	0
2372228	2576940511	178	1	9	58	209712	220325	1	57.3	60.9	43.8	53.6	0	13	21	0	0	0
2372228	2576940535	178	1	10	1	220325	135363	1	43	52.2	44.9	72.6	0	13	21	0	0	0
2372228	2576940563	178	1	10	5	135363	220325	1	45	69.6	36.6	54	0	13	21	0	0	0
2372228	2576940577	178	1	10	7	220325	445087	1	34.9	48.5	34.6	32.5	0	13	21	0	0	0
2372228	2576940583	178	1	10	9	445087	78056	1	35.3	30.8	39.7	35	0	13	21	0	0	0
2372228	2576940605	178	1	10	10	78056	0	0	39.9	33.7	56.2	14.3	0	13	21	0	0	0
2372228	2576940659	1450	1	10	12	501039	109270	1	41.8	93	55.4	91.4	0	14	22	0	0	0
2372228	2576940671	1450	1	10	14	109270	501039	1	55.4	91.4	58.9	94.7	0	14	22	0	0	0
2372228	2576940695	178	1	10	18	220325	490541	1	23.9	25.1	33	16.1	0	15	23	0	0	0
2372228	2576940703	178	1	10	19	490541	0	1	33	16.1	29.1	9.4	0	15	23	0	0	0
2372228	2576940803	178	1	10	29	490541	220325	1	35.7	8.3	24.7	20	0	15	24	0	0	5
2372228	2576940891	178	1	10	32	220325	209712	1	27.8	25.4	33	53.7	0	15	24	0	0	0
2372228	2576940929	178	1	10	38	209712	78056	1	42.8	61.8	45.5	47.6	0	15	24	0	0	0
2372228	2576940949	178	1	10	42	78056	0	0	55.3	42.1	88.6	46.9	0	15	24	0	0	0
2372228	2576941165	1450	1	11	1	175204	0	0	15	55.8	64	101.4	0	16	25	0	0	0
2372228	2576941349	178	1	11	11	445087	220325	1	33.2	0	22.5	8.9	0	17	26	0	0	0
2372228	2576941363	178	1	11	13	220325	135363	1	22.1	13.9	30.1	52.6	0	17	26	0	0	0
2372228	2576941391	178	1	11	19	135363	56764	1	43.2	54.2	57.1	46.3	0	17	26	0	0	0
2372228	2576941443	1450	1	11	21	112945	0	1	36.3	53	39.6	38	0	18	27	0	0	0
2372228	2576941511	1450	1	11	27	179271	99005	1	33.9	31.6	35.6	6.7	0	18	27	0	0	0
2372228	2576941537	1450	1	11	31	99005	200599	1	38.7	5.2	28.3	11.3	0	18	27	0	0	0
2372228	2576941575	1450	1	11	33	200599	175204	1	28.3	11.3	8.4	40.4	0	18	27	0	0	0
2372228	2576941615	1450	1	11	37	175204	0	0	8.8	40.6	42.8	101.4	0	18	27	0	0	0
2372228	2576941791	178	1	11	49	445087	220325	1	50.4	0	32.1	7.6	0	19	28	0	0	0
2372228	2576941855	178	1	11	52	220325	135363	1	34	12.2	34.9	46	0	19	28	0	0	0
2372228	2576941879	178	1	11	58	135363	59859	1	41.8	67.7	54.2	77.7	0	19	28	0	0	0
2372228	2576941899	178	1	12	0	59859	135363	1	54.2	77.7	41.5	73.2	0	19	28	0	0	0
2372228	2576941917	178	1	12	1	135363	220325	1	39.8	69.3	35.8	50.7	0	19	28	0	0	0
2372228	2576941959	178	1	12	4	220325	78056	1	36.5	49.1	46.8	49.7	0	19	28	0	0	0
2372228	2576942007	178	1	12	7	78056	59859	1	53.5	52.7	57.2	87.2	0	19	28	0	0	0
2372228	2576942041	178	1	12	11	59859	220325	1	55.7	81.6	45.9	47	0	19	28	0	0	0
2372228	2576942067	178	1	12	14	220325	0	0	53.3	39.8	70.2	45.1	0	19	28	0	0	0
2372228	2576942157	1450	1	12	19	149838	109270	1	38.4	71.7	42.2	93	0	20	29	0	0	0
2372228	2576942173	1450	1	12	20	109270	501039	1	42.2	93	41.4	88.1	0	20	29	0	0	0
2372228	2576942239	178	1	12	24	220325	77318	1	30.5	24.7	12.7	39.8	0	21	30	0	0	0
2372228	2576942299	178	1	12	26	77318	135363	1	13.5	41.3	27.8	55.5	0	21	30	0	0	0
2372228	2576942313	178	1	12	29	135363	209712	1	32.6	57.2	43	77.1	0	21	30	0	0	0
2372228	2576942343	178	1	12	33	209712	493019	1	43.7	77.3	67.7	82.7	0	21	30	0	0	0
2372228	2576942699	1450	1	12	58	175204	448179	1	13.1	61.7	58.1	67	0	22	32	0	0	0
2372228	2576942701	1450	1	13	3	448179	0	0	58.1	67	59	68.8	0	22	32	0	3	0
2372228	2576942735	1450	1	13	6	109270	198499	1	62.2	76	57.6	71.5	0	22	33	0	0	0
2372228	2576942781	1450	1	13	8	198499	149838	1	57.5	70.9	52.9	44.6	0	22	33	0	0	0
2372228	2576942839	1450	1	13	10	149838	99005	1	54.2	42.8	65.3	3.7	0	22	33	0	0	0
2372228	2576942869	1450	1	13	13	99005	0	0	65.9	3.7	85.5	48.1	0	22	33	2	0	0
2372228	2576943131	178	1	13	36	220325	135363	1	24.1	33.4	27.5	66	0	23	34	0	0	5
2372228	2576943145	178	1	13	39	135363	59859	1	28.4	67.5	35.3	88.1	0	23	34	0	0	0
2372228	2576943163	178	1	13	41	59859	209712	1	35.3	88.1	34.8	73.7	0	23	34	0	0	0
2372228	2576943199	178	1	13	44	209712	220325	1	36.7	66.5	34.1	48.1	0	23	34	0	0	0
2372228	2576943313	178	1	13	53	220325	135363	1	51.1	41.2	44.1	65.3	0	23	34	0	0	0
2372228	2576943377	178	1	13	56	135363	59859	1	44.8	67.7	58	89.9	0	23	34	0	0	0
2372228	2576943407	178	1	13	59	59859	135363	1	55	85.4	42.4	76.8	0	23	34	0	0	0
2372228	2576943437	178	1	14	2	135363	220325	1	42	71.7	40.4	60	0	23	34	0	0	0
2372228	2576943477	178	1	14	5	220325	445087	1	43.2	54.3	44.6	26.6	0	23	34	0	0	0
2372228	2576943503	178	1	14	7	445087	78056	1	45.9	25.7	52.9	42.1	0	23	34	0	0	0
2372228	2576943521	178	1	14	10	78056	445087	1	53.7	35.6	44.9	28.1	0	23	34	0	0	0
2372228	2576943591	178	1	14	11	445087	135363	1	46.3	28.3	47	70.8	0	23	34	0	0	0
2372228	2576943627	178	1	14	17	135363	59859	1	53.7	75	59	85.1	0	23	34	0	0	0
2372228	2576943665	178	1	14	19	59859	220325	1	54.3	80.7	44.7	60.3	0	23	34	0	0	0
2372228	2576943673	178	1	14	23	220325	445087	1	44.2	57.2	45.3	42.2	0	23	34	0	0	0
2372228	2576943689	178	1	14	25	445087	78056	1	45.9	41.6	53.4	48.1	0	23	34	0	0	0
2372228	2576943713	178	1	14	26	78056	490541	1	54	43	58.6	23.3	0	23	34	0	0	0
2372228	2576943743	178	1	14	28	490541	219961	1	59.9	17	69.7	7	0	23	34	0	0	0
2372228	2576944811	178	1	16	5	59859	209712	1	99.5	99.5	94	77	0	23	36	0	0	6
2372228	2576944819	178	1	16	6	209712	0	0	94	77	88.2	86.9	0	23	36	0	0	0
2372228	2576944891	1450	1	16	7	149838	0	0	11.4	15.5	13.3	14.7	0	24	37	0	0	0
2372228	2576945235	1450	1	16	42	99005	179271	1	53.4	0	59.1	6.8	0	24	38	0	0	0
2372228	2576945275	1450	1	16	43	179271	99005	1	59.1	6.8	53	3.4	0	24	38	0	3	0
2372228	2576945287	1450	1	16	46	99005	179271	1	52.9	3.4	60.1	3.4	0	24	38	0	0	0
2372228	2576945327	1450	1	16	48	179271	109270	1	59.8	3.4	65	51.9	0	24	38	0	0	0
2372228	2576945361	1450	1	16	51	109270	501039	1	64.1	56.9	68.6	88.3	0	24	38	0	0	0
2372228	2576945375	1450	1	16	55	501039	0	0	69.4	88.3	91.3	54.9	0	24	38	2	0	0
2372228	2576945577	1450	1	17	12	99005	0	0	99.5	0.5	90.5	44.8	0	24	39	2	0	6
2372228	2576945621	1450	1	17	16	198499	99005	1	74.9	53.4	87	15.2	0	0	0	0	3	0
2372228	2576945629	1450	1	17	20	99005	0	0	87	15.2	86.4	29.4	0	0	0	0	3	0
2372228	2576945879	178	1	17	45	493019	135363	1	27.6	93.3	30.4	80.9	0	25	40	0	0	5
2372228	2576945911	178	1	17	49	135363	59859	1	34.2	77.4	51.9	86.9	0	25	40	0	0	0
2372228	2576945919	178	1	17	52	59859	135363	1	48.4	87.6	40	80.7	0	25	40	0	0	0
2372228	2576945925	178	1	17	54	135363	59859	1	40	81.3	45.5	92.9	0	25	40	0	0	0
2372228	2576945959	178	1	17	55	59859	135363	1	45.5	92.9	40.9	77.9	0	25	40	0	0	0
2372228	2576945993	178	1	17	58	135363	0	0	42.4	71.6	71.6	-0.7	0	25	40	0	0	0
2372228	2576946271	1450	1	18	26	501039	0	0	30.4	100	56	88	0	26	41	0	0	0
2372228	2576946323	178	1	18	29	209712	0	1	37	29.9	29.9	44.5	0	27	42	0	3	0
2372228	2576946363	178	1	18	31	135363	77318	1	28.6	44.9	9.4	44.8	0	27	42	0	0	0
2372228	2576946411	178	1	18	36	77318	445087	1	8.5	45.1	25.7	6.1	0	27	42	0	0	0
2372228	2576946475	178	1	18	41	445087	135363	1	27.2	26.9	24.3	66.5	0	27	42	0	0	0
2372228	2576946505	178	1	18	50	135363	220325	1	39.5	62.3	37.9	45.1	0	27	42	0	0	0
2372228	2576946515	178	1	18	54	220325	135363	1	44.3	44.3	46.2	71.9	0	27	42	0	0	0
2372228	2576946521	178	1	18	57	135363	59859	1	46.2	71.9	56.2	82.4	0	27	42	0	0	0
2372228	2576946533	178	1	18	58	59859	135363	1	56.2	82.4	44.4	74.4	0	27	42	0	0	0
2372228	2576946545	178	1	19	0	135363	220325	1	43.4	67.2	36.3	49.1	0	27	42	0	0	0
2372228	2576946575	178	1	19	3	220325	59859	1	38.8	49.1	48.5	83.6	0	27	42	0	0	0
2372228	2576946593	178	1	19	7	59859	78056	1	51.5	83.3	53.2	71.4	0	27	42	0	0	0
2372228	2576946615	178	1	19	8	78056	135363	1	53.2	71.4	44.6	73.1	0	27	42	0	0	0
2372228	2576946641	178	1	19	9	135363	220325	1	44.7	72	44.2	49.9	0	27	42	0	0	0
2372228	2576946679	178	1	19	12	220325	445087	1	45.1	44.8	43.9	31	0	27	42	0	0	0
2372228	2576946697	178	1	19	15	445087	220325	1	44.1	27.4	40.7	38.2	0	27	42	0	0	0
2372228	2576946745	178	1	19	18	220325	135363	1	41.7	38.8	44.6	71	0	27	42	0	0	0
2372228	2576946769	178	1	19	21	135363	209712	1	55.4	73.5	68.3	71.9	0	27	42	0	0	0
2372228	2576946783	178	1	19	22	209712	490541	1	68.4	70.1	68.4	47.9	0	27	42	0	0	0
2372228	2576946821	178	1	19	24	490541	78056	1	68.4	47.9	64.8	49.1	0	27	42	0	0	0
2372228	2576946831	178	1	19	27	78056	445087	1	63.6	43.7	59.4	33.7	0	27	42	0	0	0
2372228	2576946885	178	1	19	28	445087	135363	1	59.4	33.7	59.4	69	0	27	42	0	0	0
2372228	2576946901	178	1	19	33	135363	78056	1	65.5	69.8	63.5	63.6	0	27	42	0	0	0
2372228	2576946957	178	1	19	35	78056	59859	1	64.1	62.7	70.3	77.7	0	27	42	0	0	0
2372228	2576946973	178	1	19	40	59859	78056	1	67.3	66	64.9	60.8	0	27	42	0	0	0
2372228	2576946987	178	1	19	40	78056	135363	1	64.9	60.8	64.4	76.1	0	27	42	0	0	0
2372228	2576947017	178	1	19	44	135363	59859	1	66.7	76.1	66.8	66.8	0	27	42	0	0	0
2372228	2576947075	178	1	19	46	59859	493019	1	67.5	72.3	71.1	93.2	0	27	42	0	0	0
2372228	2576947101	178	1	19	49	493019	59859	1	72.4	89.7	66.6	85.4	0	27	42	0	0	0
2372228	2576947149	178	1	19	51	59859	209712	1	67.5	84	91.9	73.1	0	27	42	0	0	0
2372228	2576947191	1450	1	19	57	464283	0	0	12.3	25.9	36.1	32.8	0	28	43	0	0	0
2372228	2576947199	178	1	19	59	135363	0	1	67	75.6	68.6	67.8	0	29	44	0	0	0
2372228	2576947217	178	1	20	0	78056	220325	1	67.7	67.1	53.8	59.6	0	29	44	0	0	0
2372228	2576947231	178	1	20	3	220325	135363	1	53.8	59.6	58.9	71.1	0	29	44	0	0	0
2372228	2576947273	178	1	20	5	135363	59859	1	60.8	73.4	65.1	85.5	0	29	44	0	0	0
2372228	2576947321	178	1	20	8	59859	135363	1	64	85.4	58	73.4	0	29	44	0	0	0
2372228	2576947337	178	1	20	14	135363	493019	1	62.2	75.8	77.1	94.2	0	29	44	0	0	0
2372228	2576947563	1450	1	20	41	99005	200599	1	22	0	11.2	11.1	0	30	45	0	0	0
2372228	2576947593	1450	1	20	42	200599	0	1	14.8	10.4	18.9	4.8	0	30	45	0	0	0
2372228	2576947821	1450	1	21	8	175204	0	0	26.1	7.4	62.6	63.6	0	30	46	0	0	5
2372228	2576947835	178	1	21	11	220325	0	0	33	38.9	45.3	56.4	0	0	0	0	3	0
2372228	2576947883	1450	1	21	13	149838	0	0	55	43.1	69.4	44.7	0	0	0	0	3	0
2372228	2576947887	178	1	21	16	78056	135363	1	30.1	58.8	23.4	61.5	0	31	47	0	0	0
2372228	2576947917	178	1	21	18	135363	220325	1	23.4	61.5	20.6	38.8	0	31	47	0	0	0
2372228	2576947941	178	1	21	22	220325	78056	1	27	35.6	35.8	33.7	0	31	47	0	0	0
2372228	2576947979	178	1	21	23	78056	445087	1	36.9	31.4	29.5	20.5	0	31	47	0	0	0
2372228	2576948001	178	1	21	30	445087	220325	1	33.9	28.6	30.4	47.5	0	31	47	0	0	0
2372228	2576948279	178	1	21	56	135363	59859	1	64.8	77.9	62.4	72.3	0	31	48	0	0	5
2372228	2576948301	178	1	21	59	59859	135363	1	63.2	73.4	66.4	85.8	0	31	48	0	0	0
2372228	2576948307	178	1	22	2	135363	0	0	72.1	91.4	76.8	102	0	31	48	0	0	0
2372228	2576948571	1450	1	22	29	99005	0	0	30.8	0	55.4	5.2	0	32	49	0	0	0
2372228	2576948733	1450	1	22	50	99005	179271	1	64.9	0	71.6	22.1	0	32	50	0	0	0
2372228	2576948751	1450	1	22	52	179271	0	0	71.3	21.2	78.2	10.7	0	32	50	0	0	0
2372228	2576948781	178	1	22	54	493019	0	1	18.7	89.3	30.5	96	0	33	51	0	3	0
2372228	2576948785	178	1	22	55	59859	149838	100	31.9	92.7	37.2	74.8	0	33	51	0	0	0
2372228	2576948831	1450	1	23	0	149838	220325	100	62.7	29.5	84.5	48.2	0	34	52	0	0	0
2372228	2576948927	1450	1	23	8	501039	149838	1	85.1	91.4	74.3	80.9	0	34	54	0	0	0
2372228	2576948933	1450	1	23	10	149838	0	0	74.3	80.9	86.2	62.3	0	34	54	2	0	0
2372228	2576948991	178	1	23	13	59859	0	0	25.4	61.5	62.6	60.3	0	35	55	0	0	0
2372228	2576949067	1450	1	23	17	200599	175204	1	34.3	37.7	9.7	54.6	0	36	56	0	0	0
2372228	2576949095	1450	1	23	22	175204	0	0	14.2	53.3	66.3	88.1	0	36	56	0	0	0
2372228	2576949263	1450	1	23	40	501039	109270	1	72.2	100	80.5	93.9	0	36	57	0	0	0
2372228	2576949281	1450	1	23	43	109270	501039	1	79.9	93.9	80.1	95	0	36	57	0	0	0
2372228	2576949285	1450	1	23	44	501039	0	0	80.1	95	80.8	93.6	0	36	57	2	0	0
2372228	2576949439	1450	1	23	58	501039	0	0	83.4	100	91.4	72.4	0	36	58	0	0	0
2372228	2576949455	1450	1	24	1	448179	0	0	91.2	73.6	90.9	71.5	0	0	0	0	3	0
2372228	2576949765	178	1	24	35	77318	78056	1	14.9	49.1	33.1	65.1	0	37	59	0	0	5
2372228	2576949783	178	1	24	38	78056	135363	1	35.7	65.9	29.5	68.9	0	37	59	0	0	0
2372228	2576949817	178	1	24	40	135363	220325	1	30.8	68	32.1	52.1	0	37	59	0	0	0
2372228	2576949849	178	1	24	44	220325	135363	1	36	44.5	40.4	70.4	0	37	59	0	0	0
2372228	2576949877	178	1	24	47	135363	209712	1	40.4	70.4	43.8	65.9	0	37	59	0	0	0
2372228	2576949887	178	1	24	51	209712	78056	1	44.9	60.2	47	57.5	0	37	59	0	0	0
2372228	2576949917	178	1	24	51	78056	0	0	47.3	57.3	46.6	58.8	0	37	59	0	0	0
2372228	2576949933	178	1	24	55	220325	77318	1	23.6	44.5	10.2	48.7	0	37	60	0	0	0
2372228	2576949997	178	1	24	57	77318	445087	1	10	48.7	18.4	7.9	0	37	60	0	0	0
2372228	2576950049	178	1	25	4	445087	220325	1	23.1	10.9	19.2	26.3	0	37	60	0	0	0
2372228	2576950083	178	1	25	9	220325	209712	1	27.8	38.2	30.4	61.5	0	37	60	0	0	0
2372228	2576950089	178	1	25	12	209712	59859	1	34.9	64.4	46.3	59.1	0	37	60	0	0	0
2372228	2576950117	178	1	25	13	59859	209712	1	46.3	59.1	40.3	65.1	0	37	60	0	0	0
2372228	2576950147	178	1	25	16	209712	135363	1	42.7	72.2	57.1	86.9	0	37	60	0	0	0
2372228	2576950167	178	1	25	17	135363	493019	1	57.1	86.9	66.5	95.7	0	37	60	0	0	0
2372228	2576950199	178	1	25	19	493019	56764	1	67.6	96	69.2	90.5	0	37	60	0	0	0
2372228	2576950215	178	1	25	22	56764	135363	1	66.7	94.8	57.8	94.2	0	37	60	0	0	0
2372228	2576950237	178	1	25	23	135363	209712	1	58	92.7	56.5	79.2	0	37	60	0	0	0
2372228	2576950253	178	1	25	26	209712	220325	1	55.5	76.1	51.7	55.4	0	37	60	0	0	0
2372228	2576950257	178	1	25	29	220325	490541	1	62.5	47.3	68.6	44.2	0	37	60	0	0	0
2372228	2576950291	178	1	25	30	490541	78056	1	68.6	44.2	67.3	57	0	37	60	0	0	0
2372228	2576951771	1450	1	28	26	175204	448179	1	5	56.1	59.1	78.5	0	38	61	0	0	0
2372228	2576951775	1450	1	28	30	448179	0	0	59.1	78.5	68.1	77.5	0	38	61	0	3	0
2372228	2576951787	178	1	28	31	209712	0	0	28.1	29.6	33.5	23.3	0	39	62	0	0	0
2372228	2576951813	178	1	28	34	209712	445087	1	29.4	15.5	29	12.2	0	39	63	0	0	0
2372228	2576951841	178	1	28	37	209712	0	0	38.7	12.8	52.7	13.1	0	39	64	0	0	0
2372228	2576951967	1450	1	28	40	501039	99005	1	44.3	78.7	23.1	27.4	0	40	65	0	0	0
2372228	2576952007	1450	1	28	48	99005	200599	1	31.7	18.8	25	33	0	40	65	0	0	0
2372228	2576952013	1450	1	28	53	200599	99005	1	26.6	32.5	33.2	5.5	0	40	65	0	0	0
2372228	2576952037	1450	1	28	56	99005	464283	1	33.2	5.5	42.2	3.1	0	40	65	0	0	0
2372228	2576952061	1450	1	28	58	464283	99005	1	40	4.7	32.7	3.4	0	40	65	0	0	0
2372228	2576952083	1450	1	29	0	99005	0	0	32.7	3.4	70.2	36.9	0	40	65	0	0	0
2372228	2576952129	1450	1	29	5	179271	109270	1	73.1	54.6	92.2	81.8	0	40	66	0	0	0
2372228	2576952163	1450	1	29	8	109270	179271	1	92.2	81.8	87.1	60.2	0	40	66	0	0	0
2372228	2576952213	1450	1	29	10	179271	464283	1	87	59.9	81.7	50.6	0	40	66	0	0	0
2372228	2576952307	178	1	29	21	77318	135363	1	8.3	52.8	21.6	69.8	0	41	67	0	0	0
2372228	2576952487	178	1	29	35	135363	209712	1	25.1	67.5	44.1	62.6	0	41	68	0	0	0
2372228	2576952569	178	1	29	49	209712	135363	1	57	69.3	55.6	84.6	0	41	69	0	0	0
2372228	2576952575	178	1	29	51	135363	220325	1	55.3	84.3	46.7	60	0	41	69	0	0	0
2372228	2576952627	178	1	29	52	220325	135363	1	46.7	60	55.4	84.8	0	41	69	0	0	0
2372228	2576952639	178	1	29	57	135363	209712	1	66.4	89.7	65.6	81.6	0	41	69	0	0	0
2372228	2576952653	178	1	29	58	209712	135363	1	65.6	81.6	68.6	92.3	0	41	69	0	0	0
2372228	2576952693	178	1	29	59	135363	493019	1	68.6	92.3	73.6	98.3	0	41	69	0	0	0
2372228	2576952729	178	1	30	2	493019	135363	1	71.4	94.8	63.8	91.4	0	41	69	0	0	0
2372228	2576952777	178	1	30	4	135363	220325	1	58.4	84.5	51.6	61.5	0	41	69	0	0	0
2372228	2576952813	178	1	30	8	220325	445087	1	52.8	53.1	53	33.5	0	41	69	0	0	0
2372228	2576952837	178	1	30	12	445087	220325	1	53.3	40.6	53.3	52.7	0	41	69	0	0	0
2372228	2576952901	178	1	30	14	220325	135363	1	53.8	56.3	56	77.9	0	41	69	0	0	0
2372228	2576952937	178	1	30	20	135363	56764	1	61.2	72.5	70.2	67.5	0	41	69	0	0	0
2372228	2576952973	178	1	30	23	490541	78056	1	69.9	44.5	66.5	50.3	0	41	70	0	0	0
2372228	2576952993	178	1	30	25	78056	209712	1	66.9	51.5	72.4	59.4	0	41	70	0	0	0
2372228	2576953029	178	1	30	26	209712	56764	1	72.4	59.4	80.7	48.8	0	41	70	0	0	0
2372228	2576953097	1450	1	30	30	198499	149838	1	20.6	58.1	28.7	50.3	0	42	71	0	0	0
2372228	2576955031	1450	1	33	44	200599	448179	1	42.2	34.5	70.9	82	0	42	72	0	0	5
2372228	2576955081	1450	1	33	50	448179	109270	1	83.3	83.8	82.9	87.7	0	42	72	0	3	0
2372228	2576955123	1450	1	33	52	109270	501039	1	82.9	87.7	77.9	89.6	0	42	72	0	0	0
2372228	2576955321	1450	1	34	8	501039	109270	1	77.1	100	87.2	94.8	0	42	73	0	0	0
2372228	2576955327	1450	1	34	8	109270	501039	1	88	96.9	85.2	97.9	0	42	73	0	0	0
2372228	2576955487	178	1	34	22	77318	135363	1	2.6	43.9	15.1	72.8	0	43	75	0	0	0
2372228	2576955507	178	1	34	24	135363	209712	1	17.5	73.4	26	80.9	0	43	75	0	0	0
2372228	2576955581	178	1	34	32	209712	220325	1	35.3	65.7	33.2	46	0	43	75	0	0	0
2372228	2576955635	178	1	34	34	220325	209712	1	33.6	45.8	37.1	58.8	0	43	75	0	0	0
2372228	2576955657	178	1	34	39	209712	220325	1	44.3	55.1	42.4	37.9	0	43	75	0	0	0
2372228	2576955719	178	1	34	41	220325	209712	1	46.2	32.3	46.8	53.6	0	43	75	0	0	0
2372228	2576955733	178	1	34	48	209712	490541	1	58.9	63	69.5	42.2	0	43	75	0	0	0
2372228	2576955743	178	1	34	49	490541	78056	1	69.5	42.2	66.7	46.3	0	43	75	0	0	0
2372228	2576955783	178	1	34	49	78056	490541	1	66.7	46.3	69.3	38.8	0	43	75	0	0	0
2372228	2576955855	178	1	34	54	490541	493019	1	68	69.2	72.4	93.6	0	43	75	0	0	0
2372228	2576955869	178	1	35	0	493019	78056	1	72.8	69.8	70.9	47.5	0	43	75	0	0	0
2372228	2576955881	178	1	35	2	78056	0	0	70.1	44.2	87.8	38.2	0	43	75	0	0	0
2372228	2576955937	1450	1	35	6	448179	0	0	40.5	64.5	37.3	51.9	0	0	0	0	3	0
2372228	2576955979	178	1	35	9	209712	135363	1	57.3	48.4	39.1	60.3	0	43	76	0	0	0
2372228	2576955999	178	1	35	12	135363	77318	1	37.5	60.3	21.3	50.1	0	43	76	0	0	0
2372228	2576956015	178	1	35	15	77318	220325	1	21.3	50.1	28	35.9	0	43	76	0	0	0
2372228	2576956049	178	1	35	17	220325	78056	1	30.2	32.9	40.3	34.7	0	43	76	0	0	0
2372228	2576956085	178	1	35	18	78056	445087	1	40.3	34.7	39.6	11.3	0	43	76	0	0	0
2372228	2576956129	178	1	35	21	445087	220325	1	39.5	13.7	34.7	32.9	0	43	76	0	0	0
2372228	2576956245	178	1	35	25	220325	209712	1	44.6	38.8	45	59	0	43	76	0	0	0
2372228	2576956267	178	1	35	35	209712	59859	1	61.4	69.2	71.6	71.3	0	43	77	0	0	0
2372228	2576956283	178	1	35	36	59859	56764	1	71.6	71.3	69.2	80.9	0	43	77	0	0	0
2372228	2576956317	178	1	35	38	56764	135363	1	69.2	80.9	60	85.4	0	43	77	0	0	0
2372228	2576956351	178	1	35	40	135363	220325	1	58.8	83	56.2	66.2	0	43	77	0	0	0
2372228	2576956399	178	1	35	42	220325	219961	1	55.2	58.1	93.1	31.3	0	43	77	0	0	0
2372228	2576956761	178	1	36	19	219961	0	0	99.5	0.5	92.3	41.3	0	43	78	2	0	6
2372228	2576956895	178	1	36	25	493019	209712	1	61.5	58.8	57.4	35.2	0	43	79	0	0	0
2372228	2576956921	178	1	36	32	209712	135363	1	61.2	34.1	64.2	69.6	0	43	79	0	0	0
2372228	2576956955	178	1	36	35	135363	445087	1	64.2	69.6	74.4	84.5	0	43	79	0	0	0
2372228	2576956975	178	1	36	39	445087	0	0	73.4	78.2	93.2	40.9	0	43	79	2	0	0
2372228	2576957635	178	1	37	27	445087	220325	1	83.6	0	65.3	8.9	0	45	82	0	0	0
2372228	2576957681	178	1	37	31	220325	135363	1	58.5	16.7	54.3	53.1	0	45	82	0	0	0
2372228	2576957713	178	1	37	36	135363	59859	1	57.5	68.3	62.9	75.2	0	45	82	0	0	0
2372228	2576957725	178	1	37	38	59859	135363	1	61	71.6	52.9	68.9	0	45	82	0	0	0
2372228	2576957747	178	1	37	40	135363	220325	1	51.4	64.8	45.3	45.5	0	45	82	0	0	0
2372228	2576957765	178	1	37	42	220325	78056	1	45.3	45.5	59	39.8	0	45	82	0	0	0
2372228	2576957777	178	1	37	43	78056	59859	1	59	39.7	53.9	51.8	0	45	82	0	0	0
2372228	2576957827	178	1	37	44	59859	445087	1	53.9	51.8	55.1	15.5	0	45	82	0	0	0
2372228	2576957871	178	1	37	48	445087	135363	1	55.9	16.4	56.4	82.1	0	45	82	0	0	0
2372228	2576957921	178	1	37	54	135363	209712	1	63.8	81.3	61.9	76.8	0	45	82	0	0	0
2372228	2576957967	178	1	37	58	209712	220325	1	60.9	68.7	61.2	50.1	0	45	82	0	0	0
2372228	2576958043	178	1	38	6	56764	219961	1	85.5	29.5	92	25.9	0	45	83	0	0	0
2372228	2576958057	178	1	38	8	219961	0	0	97.4	26.3	93.6	33.7	0	45	83	0	0	0
2372228	2576958105	1450	1	38	9	198499	109270	1	4.5	70.3	12.2	88.3	0	46	84	0	0	0
2372228	2576958117	1450	1	38	11	109270	0	0	12.2	88.3	28.9	63.1	0	46	84	0	0	0
2372228	2576958141	178	1	38	13	209712	0	1	67.8	47.9	69	41.3	0	47	85	0	0	0
2372228	2576958215	178	1	38	14	78056	209712	1	68.6	41	63.7	49.7	0	47	85	0	0	0
2372228	2576958277	178	1	38	20	209712	78056	1	61.8	45.5	65	35.6	0	47	85	0	0	0
2372228	2576958307	178	1	38	23	78056	445087	1	68.6	28.1	72.7	7.3	0	47	85	0	0	0
2372228	2576958333	178	1	38	26	445087	490541	1	72.2	6.5	69.6	14.8	0	47	85	0	0	0
2372228	2576958391	178	1	38	27	490541	78056	1	68	17.5	60.5	19	0	47	85	0	0	0
2372228	2576958427	178	1	38	30	78056	135363	1	65.2	27.2	56.4	55.4	0	47	85	0	0	0
2372228	2576958463	178	1	38	34	135363	220325	1	61.1	59	62.5	45.7	0	47	85	0	0	0
2372228	2576958471	178	1	38	36	220325	490541	1	63.6	40.9	71	35.9	0	47	85	0	0	0
2372228	2576958485	178	1	38	37	490541	149838	100	71	35.9	69	49.4	0	47	85	0	0	0
2372228	2576958571	178	1	38	40	135363	209712	1	60.3	63.3	62.3	84.6	0	47	86	0	0	0
2372228	2576958599	178	1	38	45	209712	78056	1	65.5	80.9	64.7	71.6	0	47	86	0	0	0
2372228	2576958607	178	1	38	48	78056	0	0	66.2	65.5	72.9	39.6	0	47	86	0	0	0
2372228	2576958689	1450	1	38	53	112945	0	0	27	52.2	46.9	34.2	0	48	88	0	0	0
2372228	2576958779	178	1	39	0	493019	219961	1	45.9	42.7	68.7	15.4	0	49	90	0	0	0
2372228	2576958805	178	1	39	6	219961	0	0	94.5	30.5	93.5	36.1	0	49	90	0	0	0
2372228	2576959253	178	1	39	45	219961	0	0	99.5	0.5	89.1	36.1	0	49	91	2	0	6
2372228	2576959331	178	1	39	50	209712	0	0	70.2	29.9	95.5	39.8	0	0	0	0	3	0
2372228	2576959605	1450	1	40	17	175204	448179	1	15.4	65.8	72.6	79.4	0	50	92	0	0	0
2372228	2576959619	1450	1	40	21	448179	0	0	72.6	79.4	101.4	72	0	50	92	0	3	0
2372228	2576959725	178	1	40	29	77318	135363	1	4	49	9.7	60.3	0	51	93	0	0	0
2372228	2576959747	178	1	40	33	135363	209712	1	14.3	63.8	26.6	81.8	0	51	93	0	0	0
2372228	2576959821	178	1	40	39	209712	220325	1	38.3	71	33.9	53.4	0	51	93	0	0	0
2372228	2576959835	178	1	40	41	220325	78056	1	36.2	50.4	47.4	46.3	0	51	93	0	0	0
2372228	2576959889	178	1	40	43	78056	209712	1	47.4	46.3	45.5	55.4	0	51	93	0	0	0
2372228	2576961753	1450	1	43	13	175204	0	0	30.6	71.2	70.4	76.1	0	52	94	0	0	5
2372228	2576961783	178	1	43	16	220325	0	0	23.7	25.9	26.6	25.6	0	0	0	0	3	0
2372228	2576961817	178	1	43	17	78056	0	0	27.1	23.3	40.5	21.4	0	53	95	0	0	0
2372228	2576961849	1450	1	43	20	149838	501039	1	60.2	82.6	60.6	95.6	0	54	96	0	0	0
2372228	2576961873	1450	1	43	22	501039	109270	1	60.7	95.9	67.1	94.1	0	54	96	0	0	0
2372228	2576961885	1450	1	43	23	109270	149838	1	67.1	94.1	61.7	81.2	0	54	96	0	0	0
2372228	2576962035	1450	1	43	28	149838	99005	1	48.8	71.1	53.4	12.5	0	54	96	0	0	0
2372228	2576962091	1450	1	43	31	99005	464283	1	54.9	12.2	63.2	4.4	0	54	96	0	0	0
2372228	2576962171	1450	1	43	35	464283	179271	1	64.2	12.2	57.2	23	0	54	96	0	0	0
2372228	2576962199	1450	1	43	37	179271	501039	1	57.1	24.3	64.8	86.3	0	54	96	0	0	0
2372228	2576962215	1450	1	43	41	501039	109270	1	64.8	86.3	72.6	95	0	54	96	0	0	0
2372228	2576962241	1450	1	43	44	109270	149838	1	70.8	94.8	66.5	79.7	0	54	96	0	0	0
2372228	2576962287	1450	1	43	46	149838	448179	1	68.2	78.8	81.7	41.9	0	54	96	2	0	0
2372228	2576962303	1450	1	43	48	448179	0	0	81.7	41.9	81.7	43.1	0	54	96	0	3	0
2372228	2576962403	1450	1	43	53	109270	149838	1	88	91.5	74	81.1	0	54	97	0	0	0
2372228	2576962451	1450	1	43	56	149838	198499	1	72.1	79.4	85.4	56.6	0	54	97	2	0	0
2372228	2576962845	178	1	44	26	77318	135363	1	4.9	47.9	26.3	65.4	0	55	98	0	0	0
2372228	2576965577	178	1	44	27	135363	220325	1	28.2	70.2	42.6	81.5	0	55	98	0	0	0
2372228	2576964407	178	1	44	27	59859	135363	1	41.3	79.1	33.5	74.2	0	55	98	0	0	0
2372228	2576962871	178	1	44	29	135363	220325	1	30.1	63.5	30.3	49.3	0	55	98	0	0	0
2372228	2576962911	178	1	44	31	220325	135363	1	29.5	49	34.8	67.5	0	55	98	0	0	0
2372228	2576962937	178	1	44	33	135363	209712	1	35.3	67.8	49.2	86	0	55	98	0	0	0
2372228	2576962959	178	1	44	36	209712	78056	1	53.6	84.8	52	71.1	0	55	98	0	0	0
2372228	2576962981	178	1	44	37	78056	135363	1	52	71.1	42.5	68.7	0	55	98	0	0	0
2372228	2576963015	178	1	44	39	135363	220325	1	43	67.2	38.9	46.9	0	55	98	0	0	0
2372228	2576963043	178	1	44	43	220325	445087	1	41.2	42.2	40.1	23.8	0	55	98	0	0	0
2372228	2576963079	178	1	44	45	445087	220325	1	40.2	24.5	35	44.3	0	55	98	0	0	0
2372228	2576963129	178	1	44	49	220325	0	1	34.1	55.8	57.8	81.9	0	55	98	0	0	0
2372228	2576963201	1450	1	44	55	179271	448179	1	39.4	24.4	57.7	35.2	0	56	99	0	0	0
2372228	2576963203	1450	1	44	56	448179	0	0	57.7	35.2	54.7	43.3	0	56	99	0	0	0
2372228	2576963223	178	1	44	57	78056	490541	1	46	57.8	55.6	49.4	0	57	100	0	0	0
2372228	2576963253	178	1	45	4	490541	0	0	75.9	59.6	79.5	57	0	57	100	0	0	0
2372228	2576963415	178	1	45	12	135363	0	1	54.7	92.6	23.6	74	0	57	101	0	0	0
2372228	2576963435	178	1	45	15	77318	220325	1	23.5	73.4	33.2	64.8	0	57	101	0	0	0
2372228	2576963479	178	1	45	17	220325	78056	1	33.3	64.7	43.3	47.8	0	57	101	0	0	0
2372228	2576963503	178	1	45	20	78056	135363	1	43.8	47.6	44.2	77.3	0	57	101	0	0	0
2372228	2576963561	178	1	45	23	135363	209712	1	44.1	79.5	56	93.9	0	57	101	0	0	0
2372228	2576963629	178	1	45	27	209712	135363	1	58.5	81.2	55.4	89.9	0	57	101	0	0	0
2372228	2576963673	178	1	45	32	135363	78056	1	58.5	86.6	56.7	76.2	0	57	101	0	0	0
2372228	2576963703	178	1	45	35	78056	135363	1	57.3	74.6	59.9	89.4	0	57	101	0	0	0
2372228	2576963733	178	1	45	37	135363	493019	1	60.2	90.8	65.6	97.2	0	57	101	0	0	0
2372228	2576963743	178	1	45	40	493019	0	0	64.3	89.9	69.8	83.1	0	57	101	0	0	0
2372228	2576963773	1450	1	45	41	99005	0	0	23.9	25.6	33.6	23.7	0	58	102	0	0	0
2372228	2576963839	178	1	45	42	493019	59859	1	64.6	77	59.1	74.6	0	59	103	0	0	0
2372228	2576963875	178	1	45	48	59859	78056	1	61.3	72.6	60.7	66.3	0	59	103	0	0	0
2372228	2576963933	178	1	45	50	78056	59859	1	63.7	71.4	63.1	77	0	59	103	0	0	0
2372228	2576963961	178	1	45	53	59859	220325	1	59.4	71	57.2	53	0	59	103	0	0	0
2372228	2576963983	178	1	45	56	220325	56764	1	62.7	47.8	71.8	52.2	0	59	103	0	0	0
2372228	2576963987	178	1	45	57	56764	99005	100	71.8	52.2	73.3	58.4	0	59	103	0	0	0
2372228	2576964071	1450	1	45	58	149838	179271	1	31.2	47.8	35.3	40.6	0	60	104	0	0	0
2372228	2576964159	1450	1	46	3	179271	501039	1	33.3	50.7	36.5	88.1	0	60	104	0	0	0
2372228	2576964209	1450	1	46	9	501039	179271	1	54	90.8	48.4	78.7	0	60	104	0	0	0
2372228	2576964253	1450	1	46	11	179271	149838	1	48	75.9	48.3	38	0	60	104	0	0	0
2372228	2576964275	1450	1	46	14	149838	99005	1	51.8	37.6	65.3	5.3	0	60	104	0	0	0
2372228	2576964287	1450	1	46	17	99005	149838	1	65.9	6.1	61.7	24.1	0	60	104	0	0	0
2372228	2576964305	1450	1	46	20	149838	179271	1	64.2	25	65.3	40	0	60	104	0	0	0
2372228	2576964329	1450	1	46	21	179271	149838	1	65.1	39.7	61.6	23.3	0	60	104	0	0	0
2372228	2576964367	1450	1	46	24	149838	0	0	64.2	22.2	100.3	25.8	0	60	104	0	0	0
2372228	2576964571	178	1	46	39	77318	209712	1	4.7	53.7	21.6	70.8	0	61	105	0	0	0
2372228	2576964577	178	1	46	42	209712	59859	1	25	71.6	32.8	80.4	0	61	105	0	0	0
2372228	2576964593	178	1	46	44	59859	209712	1	32.8	80.4	29.3	74.1	0	61	105	0	0	0
2372228	2576964599	178	1	46	45	209712	59859	1	29.8	74	37	83.7	0	61	105	0	0	0
2372228	2576964657	178	1	46	46	59859	209712	1	37	83.7	34.2	75	0	61	105	0	0	0
2372228	2576964681	178	1	46	51	209712	220325	1	43.2	65.1	39.5	46.7	0	61	105	0	0	0
2372228	2576964711	178	1	46	55	220325	445087	1	42.9	43.1	42.8	26.5	0	61	105	0	0	0
2372228	2576964739	178	1	46	57	445087	135363	1	44.6	28.1	41.4	65.7	0	61	105	0	0	0
2372228	2576964775	178	1	47	0	135363	59859	1	42.1	68.7	51.8	86.6	0	61	105	0	0	0
2372228	2576964821	178	1	47	2	59859	135363	1	46.5	84.6	41.4	72.9	0	61	105	0	0	0
2372228	2576964847	178	1	47	5	135363	220325	1	42.8	70.2	42.7	54.2	0	61	105	0	0	0
2372228	2576964853	178	1	47	7	220325	448179	100	44.6	51.3	56.2	56.3	0	61	105	0	0	0
2372228	2576965071	178	1	47	24	493019	209712	1	88	100	71.2	94.7	0	61	106	0	0	0
2372228	2576965087	178	1	47	28	209712	135363	1	58.4	85.7	53.9	77.3	0	61	106	0	0	0
2372228	2576965113	178	1	47	30	135363	209712	1	54.9	75.5	58.7	91.1	0	61	106	0	0	0
2372228	2576965161	178	1	47	32	209712	59859	1	60.5	90.8	61.7	81.3	0	61	106	0	0	0
2372228	2576965221	178	1	47	35	59859	0	0	62.1	79.1	71.8	12.5	0	61	106	0	0	0
2372228	2576965885	1450	1	48	42	175204	448179	1	32.6	89	76.2	46.7	0	62	107	0	0	5
2372228	2576965907	1450	1	48	45	448179	0	0	76.2	46.7	85.1	68.7	0	62	107	0	3	0
2372228	2576966163	178	1	49	4	77318	220325	1	4.3	53.4	21.5	38.8	0	63	109	0	0	0
2372228	2576966181	178	1	49	4	220325	135363	1	24.9	39.7	27	64.8	0	63	109	0	0	0
2372228	2576966223	178	1	49	7	135363	209712	1	27.2	65.6	39.2	87.8	0	63	109	0	0	0
2372228	2576966295	178	1	49	17	209712	493019	1	66.8	86.6	74.4	97.2	0	63	109	0	0	0
2372228	2576966311	178	1	49	19	493019	200599	100	76.8	91.5	77.5	78.2	0	63	109	0	0	0
2372228	2576966367	178	1	49	22	493019	490541	1	73.2	66.3	74.8	49.9	0	63	110	0	0	0
2372228	2576966385	178	1	49	24	490541	0	0	75.3	46.3	94.7	60.5	0	63	110	0	0	0
2372228	2576966525	1450	1	49	34	175204	501039	1	15.4	35.8	33	92.3	0	64	111	0	0	0
2372228	2576966631	178	1	49	45	445087	198499	100	93.1	21.4	89.7	39.5	0	65	112	2	0	0
2372228	2576967049	1450	1	50	17	175204	0	0	15.2	51.9	72.9	28.3	0	66	114	0	0	0
2372228	2576967051	178	1	50	20	493019	59859	1	34.3	89.6	37.3	75.2	0	67	115	0	0	0
2372228	2576967083	178	1	50	22	59859	78056	1	39.2	71	42.7	55.1	0	67	115	0	0	0
2372228	2576967091	178	1	50	26	78056	220325	1	44.5	45.2	36.2	35.9	0	67	115	0	0	0
2372228	2576967103	178	1	50	28	220325	135363	1	35.3	37	36.3	61.7	0	67	115	0	0	0
2372228	2576967163	178	1	50	30	135363	209712	1	39.2	63.9	49.1	84	0	67	115	0	0	0
2372228	2576967207	178	1	50	34	209712	220325	1	45.8	74.9	43.4	46.3	0	67	115	0	0	0
2372228	2576967243	178	1	50	40	220325	445087	1	56	33.8	58.8	6.5	0	67	115	0	0	0
2372228	2576967305	178	1	50	43	445087	220325	1	56.3	8.3	51.2	29.2	0	67	115	0	0	0
2372228	2576967365	178	1	50	47	220325	135363	1	54.2	30.7	51.2	55.7	0	67	115	0	0	0
2372228	2576967391	178	1	50	50	135363	209712	1	53.5	58.7	65.4	93.5	0	67	115	0	0	0
2372228	2576967443	178	1	50	53	209712	493019	1	66.9	93.5	73.3	97.2	0	67	115	0	0	0
2372228	2576967467	178	1	50	57	493019	78056	1	72.5	81.6	69.5	71.6	0	67	115	0	0	0
2372228	2576967507	178	1	51	0	78056	220325	1	69.3	62.4	66.8	45.2	0	67	115	0	0	0
2372228	2576967533	178	1	51	2	220325	445087	1	69.8	37.6	70.6	17.3	0	67	115	0	0	0
2372228	2576967549	178	1	51	5	445087	220325	1	67.3	17.5	56.1	36.5	0	67	115	0	0	0
2372228	2576967615	178	1	51	7	220325	135363	1	56.7	36.5	55.2	60.8	0	67	115	0	0	0
2372228	2576967647	178	1	51	11	135363	59859	1	58.6	65.9	66.6	59.9	0	67	115	0	0	0
2372228	2576967697	178	1	51	13	59859	78056	1	68	59.4	67.7	53.1	0	67	115	0	0	0
2372228	2576967715	178	1	51	16	78056	209712	1	69.2	70.4	66.5	87.9	0	67	115	0	0	0
2372228	2576967823	178	1	51	18	209712	493019	1	66.5	87.9	75.2	97.7	0	67	115	0	0	0
2372228	2576968397	1450	1	51	55	175204	0	0	5.2	55.5	78.1	92.6	0	68	116	0	0	0
2372228	2576968453	178	1	52	1	445087	0	1	18.9	10.3	18.3	25.6	0	69	117	0	0	0
2372228	2576968493	178	1	52	5	220325	0	0	18.8	25.6	46.8	26	0	69	117	0	0	0
2372228	2576968531	1450	1	52	8	112945	448179	1	58.5	76.1	75.7	76.3	0	0	0	0	3	0
2372228	2576968561	1450	1	52	10	448179	0	1	75.7	76.3	78.2	96.3	0	70	118	0	3	0
2372228	2576968593	1450	1	52	14	109270	0	0	78	96.3	92.1	46.1	0	70	118	2	0	0
2372228	2576968667	178	1	52	19	59859	0	0	19.3	58.4	47.5	66.8	0	71	119	0	0	0
2372228	2576968753	1450	1	52	22	200599	99005	1	52.3	29.7	65.6	13.4	0	72	120	0	0	0
2372228	2576968809	1450	1	52	26	99005	464283	1	65.6	12.6	75.3	6.1	0	72	120	0	0	0
2372228	2576968861	1450	1	52	30	464283	109270	1	73.3	6.8	78.2	75.3	0	72	120	2	0	0
2372228	2576968897	1450	1	52	33	109270	501039	1	78.1	75.3	70.9	70.2	0	72	120	0	0	0
2372228	2576968907	1450	1	52	35	501039	109270	1	70.6	71.8	74.5	86	0	72	120	0	0	0
2372228	2576968911	1450	1	52	38	109270	0	0	74.5	86	89.5	45.4	0	72	120	2	0	0
2372228	2576969011	1450	1	52	45	99005	179271	1	86.4	5.8	88.2	45.8	0	72	121	2	0	0
2372228	2576969431	178	1	53	25	77318	135363	1	4.3	51	27.7	66.8	0	73	122	0	0	0
2372228	2576969451	178	1	53	25	135363	209712	1	27.7	66.8	46.8	82.2	0	73	122	0	0	0
2372228	2576969553	178	1	53	27	209712	135363	1	52.2	83.3	46.6	72.3	0	73	122	0	0	0
2372228	2576969587	178	1	53	37	135363	0	1	57.4	68.3	72.1	13	0	73	122	0	0	0
2372228	2576970311	178	1	54	37	59859	0	0	75.2	17.2	90.7	64.2	0	73	123	2	0	5
2372228	2576970453	178	1	54	50	77318	56764	1	34.6	68.4	82.8	40.6	0	73	124	0	0	0
2372228	2576970533	178	1	54	59	56764	0	0	98	28.3	95.1	45.7	0	73	125	0	0	0
2372228	2576983291	1450	2	45	0	448179	0	1	50.1	50.3	53.4	52.4	0	75	127	0	0	0
2372228	2576983323	1450	2	45	2	198499	200599	1	53.4	52.4	34.7	28.9	0	75	128	0	0	0
2372228	2576983363	1450	2	45	4	200599	501039	1	34.7	28.9	34.9	63.7	0	75	128	0	0	0
2372228	2576983409	1450	2	45	8	501039	464283	1	36.6	68.2	51.3	97.2	0	75	128	0	0	0
2372228	2576983433	1450	2	45	11	464283	501039	1	46.1	93	36.4	73.2	0	75	128	0	0	0
2372228	2576983455	1450	2	45	14	501039	200599	1	37.3	70.2	36.1	31.3	0	75	128	0	0	0
2372228	2576983499	1450	2	45	20	200599	501039	1	37.7	27	31.4	51.5	0	75	128	0	0	0
2372228	2576983547	1450	2	45	23	501039	149838	1	31.6	51.5	44.5	44	0	75	128	0	0	0
2372228	2576983581	1450	2	45	27	149838	179271	1	51.2	33.7	51.6	29.2	0	75	128	0	0	0
2372228	2576983649	1450	2	45	29	179271	198499	1	48.4	40.1	49.2	72.9	0	75	128	0	0	0
2372228	2576983667	1450	2	45	33	198499	109270	1	57.5	77.5	67.7	95.9	0	75	128	0	0	0
2372228	2576983703	1450	2	45	37	109270	0	0	67.5	90.5	87.3	46.9	0	75	128	2	0	0
2372228	2576983753	178	2	45	41	59859	0	0	26.2	55.1	35.3	101.4	0	76	129	0	0	0
2372228	2576983883	1450	2	45	50	99005	179271	1	62.8	0	57.4	7.4	0	77	130	0	0	0
2372228	2576983909	1450	2	45	53	179271	149838	1	57.5	14.9	54.9	34	0	77	130	0	0	0
2372228	2576983937	1450	2	45	57	149838	179271	1	58.4	31	56.7	25.3	0	77	130	0	0	0
2372228	2576983949	1450	2	45	59	179271	99005	1	57.8	23.7	62	5.9	0	77	130	0	0	0
2372228	2576983969	1450	2	46	1	99005	88550	1	62.3	4.6	69.1	3.8	0	77	130	0	0	0
2372228	2576983971	1450	2	46	3	88550	0	0	69.1	3.8	70.7	4.1	0	77	130	0	0	0
2372228	2576984087	1450	2	46	9	99005	88550	1	68.4	0	94.2	24.1	0	77	131	0	0	0
2372228	2576984115	178	2	46	16	209712	0	0	6.4	81.6	11.2	81	0	78	132	0	0	0
2372228	2576984161	178	2	46	18	493019	59859	1	12.3	74.6	24.1	63.3	0	78	133	0	0	0
2372228	2576984223	178	2	46	21	220325	78056	1	21	52.8	20.9	60.5	0	78	134	0	0	0
2372228	2576984235	178	2	46	25	78056	493019	1	32.9	67.2	31.4	82.8	0	78	134	0	0	0
2372228	2576984299	178	2	46	27	493019	59859	1	30.8	82.5	28.2	58.4	0	78	134	0	0	0
2372228	2576984325	178	2	46	32	59859	220325	1	33.5	51.2	37.6	35.9	0	78	134	0	0	0
2372228	2576984423	178	2	46	34	220325	500745	1	40.1	36.2	75.9	94.5	0	78	134	0	0	0
2372228	2576984751	1450	2	46	51	175204	149838	1	9.2	44.8	26.7	48.7	0	79	135	0	0	0
2372228	2576984823	1450	2	47	1	149838	501039	1	37.5	51.8	32.3	73.3	0	79	136	0	0	0
2372228	2576984855	1450	2	47	3	501039	198499	1	32.6	74.2	46.5	90.3	0	79	136	0	0	0
2372228	2576984897	1450	2	47	7	198499	501039	1	46.1	87.8	37.3	65.5	0	79	136	0	0	0
2372228	2576984915	1450	2	47	10	501039	200599	1	37.3	65.5	36.7	34.9	0	79	136	0	0	0
2372228	2576984953	1450	2	47	13	200599	99005	1	39.3	31.2	42.2	3.7	0	79	136	0	0	0
2372228	2576984973	1450	2	47	16	99005	88550	1	43.9	3.1	58.8	2	0	79	136	0	0	0
2372228	2576985001	1450	2	47	18	88550	179271	1	58.8	2	71.1	7.4	0	79	136	0	0	0
2372228	2576985069	178	2	47	22	209712	77318	1	14.6	89.6	4.1	65.6	0	80	137	0	0	0
2372228	2576985119	178	2	47	24	77318	56764	1	5.2	66.3	46.5	74.3	0	80	137	0	0	0
2372228	2576985207	1450	2	47	31	501039	198499	1	46.6	55.5	55.6	81.7	0	81	138	0	0	0
2372228	2576985225	1450	2	47	35	198499	464283	1	59.5	89	68.8	95.9	0	81	138	0	0	0
2372228	2576985257	1450	2	47	37	464283	109270	1	69.5	95.9	77.5	95.1	0	81	138	0	0	0
2372228	2576985309	1450	2	47	39	109270	198499	1	73.6	96.5	64.3	93.3	0	81	138	0	0	0
2372228	2576985359	1450	2	47	42	198499	501039	1	57.1	83	47.4	66.1	0	81	138	0	0	0
2372228	2576985395	1450	2	47	45	501039	200599	1	48.4	57	47.9	29.7	0	81	138	0	0	0
2372228	2576985431	1450	2	47	48	200599	99005	1	53.3	22.5	57.5	4.9	0	81	138	0	0	0
2372228	2576985457	1450	2	47	51	99005	88550	1	62.9	4.6	70.2	4.1	0	81	138	0	0	0
2372228	2576985477	1450	2	47	52	88550	99005	1	70.2	4.1	66.1	5.8	0	81	138	0	0	0
2372228	2576985517	1450	2	47	53	99005	0	0	66.1	5.8	85.8	5.8	0	81	138	0	0	0
2372228	2576985553	178	2	47	57	209712	59859	1	14.2	86.9	23.5	75	0	82	139	0	0	0
2372228	2576985617	178	2	47	59	59859	220325	1	23.9	71.7	17.9	48.8	0	82	139	0	0	0
2372228	2576985637	178	2	48	5	220325	78056	1	30.9	33.5	31.3	40.3	0	82	139	0	0	0
2372228	2576985699	178	2	48	7	78056	209712	1	31.3	48.4	31.9	64.8	0	82	139	0	0	0
2372228	2576985747	178	2	48	13	209712	220325	1	35.4	73.4	35.2	47.6	0	82	139	0	0	0
2372228	2576985771	178	2	48	17	220325	78056	1	41.2	37.3	42.7	25	0	82	139	0	0	0
2372228	2576985805	178	2	48	20	78056	209712	1	41.3	34.4	34.6	62.6	0	82	139	0	0	0
2372228	2576985925	178	2	48	23	209712	220325	1	36.2	62.4	37.2	43.7	0	82	139	0	0	0
2372228	2576985955	178	2	48	31	220325	490541	1	65.2	37	70.4	39.8	0	82	139	0	0	0
2372228	2576985989	178	2	48	34	490541	493019	1	69.3	54	67	74	0	82	139	0	0	0
2372228	2576986017	178	2	48	36	493019	500745	1	67.6	76.4	75.7	91.1	0	82	139	0	0	0
2372228	2576986023	178	2	48	40	500745	198499	100	76.5	90	81.3	73.5	0	82	139	2	0	0
2372228	2576986193	1450	2	48	48	149838	0	0	29.8	85.9	62.9	101.1	0	83	140	0	0	0
2372228	2576986325	178	2	48	57	445087	220325	1	42.9	0	32.9	7.9	0	84	141	0	0	0
2372228	2576986361	178	2	49	2	220325	209712	1	35.7	20.3	35.2	56	0	84	141	0	0	0
2372228	2576986417	178	2	49	12	209712	59859	1	40.7	71	48.6	64.7	0	84	142	0	0	0
2372228	2576986431	178	2	49	13	59859	209712	1	48.6	64.7	40.6	71.9	0	84	142	0	0	0
2372228	2576986475	178	2	49	15	209712	220325	1	38.5	70.2	43.3	46	0	84	142	0	0	0
2372228	2576986521	178	2	49	19	220325	445087	1	64.1	29.2	69.7	4	0	84	142	0	0	0
2372228	2576986555	178	2	49	23	445087	78056	1	65.8	9.7	58.9	22.1	0	84	142	0	0	0
2372228	2576986591	178	2	49	26	78056	209712	1	57.1	27.4	54	53.6	0	84	142	0	0	0
2372228	2576986607	178	2	49	32	209712	59859	1	63.6	65.6	66.6	57.6	0	84	142	0	0	0
2372228	2576986619	178	2	49	33	59859	78056	1	66.7	56.6	56	47.3	0	84	142	0	0	0
2372228	2576986635	178	2	49	35	78056	220325	1	55.8	46.6	59.6	33.7	0	84	142	0	0	0
2372228	2576986641	178	2	49	36	220325	59859	1	60	33.5	65.3	42.7	0	84	142	0	0	0
2372228	2576986691	178	2	49	37	59859	445087	1	65.3	42.7	70.5	4.7	0	84	142	0	0	0
2372228	2576986705	178	2	49	44	445087	78056	1	72	29.6	68.9	33.2	0	84	142	0	0	0
2372228	2576986725	178	2	49	45	78056	209712	1	68.1	34.9	63.1	49.1	0	84	142	0	0	0
2372228	2576986759	178	2	49	49	209712	78056	1	62.4	49.1	68	31.1	0	84	142	0	0	0
2372228	2576986797	178	2	49	51	78056	0	0	72	27.8	100.7	27.1	0	84	142	0	0	0
2372228	2576987031	1450	2	50	11	501039	175204	1	4.3	57.6	4.3	51.5	0	85	143	0	0	0
2372228	2576987057	1450	2	50	13	175204	0	0	4.3	51.5	57.5	53.4	0	85	143	0	0	0
2372228	2576987081	178	2	50	16	209712	56764	1	42.6	43.3	67	27.9	0	0	0	0	3	0
2372228	2576987115	178	2	50	19	56764	490541	1	60.2	34.7	61.2	38.3	0	86	144	0	3	0
2372228	2576987125	178	2	50	20	490541	0	1	61.2	38.3	56.1	43.9	0	86	144	0	3	0
2372228	2576987179	178	2	50	21	59859	0	0	56.6	44.6	100.9	20.2	0	86	144	0	0	0
2372228	2576987611	1450	2	50	55	175204	448179	1	4.5	56.4	63.4	90.5	0	87	145	0	0	0
2372228	2576987649	1450	2	50	58	448179	109270	1	63.4	90.5	70.4	95.9	0	87	145	0	3	0
2372228	2576987659	1450	2	51	0	109270	0	0	70.4	95.9	75.1	76.9	0	87	145	0	0	0
2372228	2576987651	178	2	51	2	220325	0	0	26.7	19	32.1	33.7	0	0	0	0	3	0
2372228	2576987691	1450	2	51	3	88550	179271	1	70.9	70.3	72.7	72.4	0	87	146	0	0	0
2372228	2576987715	1450	2	51	4	179271	448179	1	72.7	72.4	74.8	50.7	0	87	146	0	0	0
2372228	2576987801	178	2	51	8	500745	0	1	27.4	66.9	24.5	59.9	0	0	0	0	3	0
2372228	2576987979	178	2	51	26	77318	209712	1	14.7	46.9	19.8	57.5	0	88	147	0	0	5
2372228	2576988021	178	2	51	30	209712	220325	1	23.1	55.4	24.4	32.6	0	88	147	0	0	0
2372228	2576988097	178	2	51	33	220325	209712	1	25	35	22.6	63	0	88	147	0	0	0
2372228	2576988119	178	2	51	39	209712	59859	1	37.7	76.2	37.4	67.5	0	88	147	0	0	0
2372228	2576988163	178	2	51	42	59859	78056	1	37.9	64.5	46.1	32.8	0	88	147	0	0	0
2372228	2576988187	178	2	51	47	78056	220325	1	46.2	32.2	45.1	43	0	88	147	0	0	0
2372228	2576988251	178	2	51	49	220325	209712	1	45.6	45.5	43.5	65	0	88	147	0	0	0
2372228	2576988285	178	2	51	54	209712	490541	1	47.9	66.6	54.3	59.9	0	88	147	0	0	0
2372228	2576988349	178	2	51	56	490541	209712	1	53.1	62.4	44.4	69.8	0	88	147	0	0	0
2372228	2576988371	178	2	52	0	209712	490541	1	47.6	68.7	53.9	59.1	0	88	147	0	0	0
2372228	2576988377	178	2	52	2	490541	59859	1	53.9	59.1	62.2	65.1	0	88	147	0	0	0
2372228	2576988401	178	2	52	3	59859	0	0	62.2	65.1	70.4	45.5	0	88	147	0	0	0
2372228	2576988423	1450	2	52	4	501039	198499	1	29.6	45.5	31.5	43.9	0	89	148	0	0	0
2372228	2576988465	178	2	52	7	78056	445087	1	61.4	36.1	70.1	14	0	90	149	0	0	0
2372228	2576988517	178	2	52	11	445087	490541	1	71	11.6	70	25.3	0	90	149	0	0	0
2372228	2576988577	178	2	52	14	490541	500745	1	72.7	33.8	92.2	61.8	0	90	149	0	0	0
2372228	2576989005	1450	2	52	49	175204	448179	1	4.2	56.3	56.1	67.9	0	91	150	0	0	0
2372228	2576989027	1450	2	52	52	448179	0	0	56.1	67.9	69.4	43.7	0	91	150	0	3	0
2372228	2576989039	178	2	52	53	493019	0	1	32.8	51.5	37.3	56.6	0	92	151	0	0	0
2372228	2576989047	178	2	52	55	500745	448179	100	37.7	57.6	33.7	48.4	0	92	151	0	0	0
2372228	2576989103	1450	2	52	59	448179	88550	1	72.9	47.5	87	24.9	0	93	152	0	0	0
2372228	2576989109	1450	2	53	2	88550	0	0	87.1	24.9	84.7	40.4	0	93	152	0	0	0
2372228	2576989141	178	2	53	4	59859	500745	1	15.2	56.7	20.5	69.5	0	94	153	0	0	0
2372228	2576989197	1450	2	53	7	88550	179271	1	72.8	29.2	74	30.7	0	95	154	0	0	0
2372228	2576989209	1450	2	53	8	179271	149838	1	74	30.7	67.2	35.7	0	95	154	0	0	0
2372228	2576989241	1450	2	53	11	149838	99005	1	67.7	32.4	72.3	5	0	95	154	0	0	0
2372228	2576989413	178	2	53	28	493019	59859	1	25.9	100	25.9	88.2	0	96	155	0	0	0
2372228	2576989425	178	2	53	28	59859	493019	1	25.9	88.2	22.6	95	0	96	155	0	0	0
2372228	2576989459	178	2	53	29	493019	445087	1	22.6	95	31.4	18.5	0	96	155	0	0	0
2372228	2576989483	178	2	53	34	445087	490541	1	31.4	18.5	37	26.8	0	96	155	0	3	0
2372228	2576989525	178	2	53	35	490541	445087	1	37.1	26.9	43.4	5	0	96	155	0	0	0
2372228	2576989779	1450	2	54	2	464283	149838	1	47	100	44.6	57.8	0	97	156	0	0	0
2372228	2576989803	1450	2	54	5	149838	99005	1	44.6	57.8	39.7	6.1	0	97	156	0	0	0
2372228	2576989849	1450	2	54	8	99005	200599	1	39.7	6.1	28.7	29.5	0	97	156	0	0	0
2372228	2576989865	1450	2	54	13	200599	99005	1	32.1	27.7	35.6	5.3	0	97	156	0	0	0
2372228	2576989885	1450	2	54	16	99005	88550	1	36	4.6	58.7	2.8	0	97	156	0	0	0
2372228	2576989893	1450	2	54	17	88550	179271	1	58.7	2.8	65	8.6	0	97	156	0	0	0
2372228	2576990013	1450	2	54	21	179271	198499	1	63.9	12.6	66.3	68.4	0	97	156	0	0	0
2372228	2576990029	1450	2	54	27	198499	464283	1	79.2	75.9	89.2	85.1	0	97	156	0	0	0
2372228	2576990055	1450	2	54	30	464283	0	0	89.8	84.2	91.7	52.1	0	97	156	2	0	0
2372228	2576990109	1450	2	54	39	99005	0	0	97.5	10.7	97.4	41.5	0	97	157	2	0	0
2372228	2576990471	1450	2	55	9	179271	198499	1	99.5	0.5	89.7	60.3	0	97	158	2	0	6
2372228	2576990477	1450	2	55	11	198499	0	1	89.6	61.6	96.4	48	0	97	158	0	3	0
2372228	2576990673	178	2	55	34	77318	209712	1	4.5	51.9	9.6	62.6	0	98	159	0	0	5
2372228	2576990747	178	2	55	38	209712	77318	1	9.6	62.6	7.7	50.7	0	98	159	0	0	0
2372228	2576990769	178	2	55	46	77318	490541	1	15.2	48.7	44.2	49.6	0	98	159	0	0	0
2372228	2576990779	178	2	55	49	490541	56764	1	44.5	50.4	43.2	66.8	0	98	159	0	0	0
2372228	2576990791	178	2	55	50	56764	59859	1	43.2	66.8	35.5	53.6	0	98	159	0	0	0
2372228	2576990807	178	2	55	51	59859	78056	1	35.5	53.6	36.4	36.7	0	98	159	0	0	0
2372228	2576990841	178	2	55	54	78056	445087	1	38	34.3	53.8	6.7	0	98	159	0	0	0
2372228	2576990885	178	2	55	56	445087	78056	1	53	6.4	44.9	16.1	0	98	159	0	0	0
2372228	2576990895	178	2	56	0	78056	490541	1	46	23.2	56.7	33.1	0	98	159	0	0	0
2372228	2576990915	178	2	56	1	490541	220325	1	56.7	33.1	41.9	32.5	0	98	159	0	0	0
2372228	2576990967	178	2	56	4	220325	209712	1	41.9	37.9	36.3	62.9	0	98	159	0	0	0
2372228	2576990981	178	2	56	10	209712	78056	1	48.5	43.9	45	23.5	0	98	159	0	0	0
2372228	2576990997	178	2	56	11	78056	445087	1	46	22.4	59.7	4.1	0	98	159	0	0	0
2372228	2576991049	178	2	56	14	445087	78056	1	59.7	4.1	30.9	22.7	0	98	159	0	0	0
2372228	2576991079	178	2	56	18	78056	220325	1	29.5	24.8	32.3	46	0	98	159	0	0	0
2372228	2576991091	178	2	56	22	220325	209712	1	34.9	50.1	45.7	42.2	0	98	159	0	0	0
2372228	2576991103	178	2	56	24	209712	59859	1	46.4	41.8	58.8	39.5	0	98	159	0	0	0
2372228	2576991115	178	2	56	24	59859	490541	1	58.8	39.5	59.1	27.8	0	98	159	0	0	0
2372228	2576991145	178	2	56	26	490541	0	1	59.1	27.8	72.5	12.8	0	98	159	0	0	0
2372228	2576991881	178	2	57	53	59859	0	0	75.9	11.5	91.2	51	0	98	160	2	0	5
2372228	2576991955	178	2	58	1	209712	490541	1	76.7	93	72.8	72.2	0	98	161	0	0	0
2372228	2576991979	178	2	58	3	490541	0	0	73.5	68.7	101.5	37	0	98	161	0	0	0
2372228	2576992261	1450	2	58	40	175204	0	0	4.5	43.1	60.9	19.7	0	99	162	0	0	0
2372228	2576992335	1450	2	58	50	200599	175204	1	15.6	8.3	5.9	31.2	0	101	164	0	0	0
2372228	2576992355	1450	2	58	54	175204	448179	1	9	24.1	63	22.5	0	101	164	0	0	0
2372228	2576992365	1450	2	58	57	448179	0	0	63	22.5	71.9	24.9	0	101	164	0	3	0
2372228	2576992381	178	2	58	59	220325	78056	1	28.5	69.5	36.8	66.5	0	0	0	0	3	0
2372228	2576992397	178	2	59	1	78056	0	1	36.8	66.5	37.9	62.3	0	102	165	0	3	0
2372228	2576992429	178	2	59	2	59859	490541	1	37.9	62.3	44.3	53	0	102	165	0	0	0
2372228	2576992455	178	2	59	9	490541	493019	1	48.8	71	57.9	87.2	0	102	165	0	0	0
2372228	2576992501	178	2	59	15	500745	490541	1	71.4	90.2	68.8	75.5	0	102	166	0	0	0
2372228	2576992525	178	2	59	17	490541	59859	1	69.4	72.6	72.4	44.6	0	102	166	0	0	0
2372228	2576992543	178	2	59	20	59859	445087	1	73.6	38.5	77.8	17.5	0	102	166	0	0	0
2372228	2576992563	178	2	59	23	445087	78056	1	76.6	20	69.8	32	0	102	166	0	0	0
2372228	2576992569	178	2	59	25	78056	59859	1	69.2	31.4	70.7	22.4	0	102	166	0	0	0
2372228	2576992595	178	2	59	27	59859	220325	1	68.8	26.5	65.7	35.8	0	102	166	0	0	0
2372228	2576992625	178	2	59	30	220325	209712	1	70.1	39.8	69.8	70.8	0	102	166	0	0	0
2372228	2576992841	178	2	60	12	493019	209712	1	67.5	100	68.3	88.8	0	102	167	0	0	0
2372228	2576992857	178	2	60	13	209712	220325	1	67	84.9	63.3	54.9	0	102	167	0	0	0
2372228	2576992875	178	2	60	15	220325	490541	1	64	51.2	69.9	31.6	0	102	167	0	0	0
2372228	2576992891	178	2	60	19	490541	209712	1	68.9	33.7	65.3	67.4	0	102	167	0	0	0
2372228	2576992921	178	2	60	25	209712	220325	1	62.4	75.8	54.3	64.2	0	102	167	0	0	0
2372228	2576992951	178	2	60	27	220325	493019	1	54.5	68.6	58.1	90.9	0	102	167	0	0	0
2372228	2576992965	178	2	60	29	493019	500745	1	58.1	90.9	66.7	93.6	0	102	167	0	0	0
2372228	2576992989	178	2	60	30	500745	493019	1	65.3	93.5	55.3	93	0	102	167	0	0	0
2372228	2576993007	178	2	60	34	493019	209712	1	51.7	75.5	47.9	52.7	0	102	167	0	0	0
2372228	2576993031	178	2	60	37	209712	445087	1	48.4	41.6	58.5	15.7	0	102	167	0	0	0
2372228	2576993053	178	2	60	40	445087	209712	1	58.9	14.8	55.7	30.8	0	102	167	0	0	0
2372228	2576993091	178	2	60	42	209712	220325	1	57.1	34.4	57.9	62.6	0	102	167	0	0	0
2372228	2576993131	178	2	60	45	220325	500745	1	62.4	69	78.3	91.4	0	102	167	0	0	0
2372228	2576993157	178	2	60	49	500745	0	0	81.9	90.2	90.4	47.2	0	102	167	2	0	0
2372228	2576993183	178	2	60	52	78056	490541	1	86.2	62	87.1	50.4	0	102	168	0	3	0
2372228	2576993309	178	2	61	11	209712	78056	1	61.4	44.2	63.6	33.8	0	102	169	0	0	5
2372228	2576993413	178	2	61	13	78056	209712	1	63.3	33.8	55.6	52.4	0	102	169	0	0	0
2372228	2576993429	178	2	61	28	209712	220325	1	62	61.8	55.7	44.3	0	102	170	0	0	0
2372228	2576993445	178	2	61	30	220325	445087	1	56.1	38.5	69.7	3.8	0	102	170	0	0	0
2372228	2576993461	178	2	61	34	445087	220325	1	67.4	5.6	53	29.2	0	102	170	0	0	0
2372228	2576993471	178	2	61	37	220325	209712	1	52.6	31.4	47.8	45.5	0	102	170	0	0	0
2372228	2576993497	178	2	61	40	209712	59859	1	52.8	50.3	64.9	55.7	0	102	170	0	0	0
2372228	2576993515	178	2	61	43	59859	445087	1	73	42.4	95.1	14.2	0	102	170	0	0	0
2372228	2576993533	178	2	61	47	445087	56764	1	96.8	14.8	98.4	53.9	0	102	170	2	0	0
2372228	2576993575	178	2	61	52	493019	500745	1	88	64.1	92.2	68	0	102	171	0	3	0
2372228	2576993595	178	2	61	53	500745	0	0	91.4	67.5	88.1	48.2	0	102	171	0	0	0
2372228	2576993881	1450	2	62	44	175204	448179	1	3.7	56.4	62	69	0	103	173	0	0	0
2372228	2576993885	1450	2	62	48	448179	0	0	62	69	70.5	72.3	0	103	173	0	3	0
2372228	2576993889	178	2	62	49	220325	0	1	33	21.4	38	21.7	0	104	174	0	3	0
2372228	2576993919	178	2	62	51	78056	445087	1	37.5	20.6	37.5	7	0	104	174	0	0	0
2372228	2576993953	178	2	62	57	445087	220325	1	29.5	5.2	19.4	9.8	0	106	176	0	0	0
2372228	2576993969	178	2	62	59	220325	490541	1	19.2	9.8	34.6	9.7	0	106	176	0	0	0
2372228	2576993987	178	2	63	1	490541	78056	1	34.4	10.9	33.9	19.1	0	106	176	0	0	0
2372228	2576993997	178	2	63	3	78056	59859	1	36.7	21.2	34.5	32	0	106	176	0	0	0
2372228	2576994007	178	2	63	5	59859	209712	1	33.3	34.7	32.2	53.4	0	106	176	0	0	0
2372228	2576994031	178	2	63	7	209712	493019	1	32.1	57.8	41.6	88.2	0	106	176	0	0	0
2372228	2576994037	178	2	63	13	493019	59859	1	43	73.5	44.8	66.3	0	106	176	0	0	0
2372228	2576994059	178	2	63	13	59859	209712	1	44.8	66.3	39.3	70.5	0	106	176	0	0	0
2372228	2576994063	178	2	63	19	209712	56764	1	54.4	68.9	69.9	73.4	0	106	176	0	0	0
2372228	2576994087	178	2	63	21	56764	493019	1	72.4	75.6	78.2	90.6	0	106	176	0	0	0
2372228	2576994111	178	2	63	24	493019	500745	1	78.7	90	72.8	84.5	0	106	176	0	0	0
2372228	2576994121	1450	2	63	28	99005	0	0	17.4	10	18.9	9.7	0	107	177	0	0	0
2372228	2576994617	1450	2	64	29	99005	149838	1	26	0	32.8	11.3	0	107	178	0	0	0
2372228	2576994627	1450	2	64	32	149838	99005	1	29.6	11	21.7	4.6	0	107	178	0	0	0
2372228	2576994657	1450	2	64	33	99005	464283	1	21.7	4.6	35.2	82.3	0	107	178	0	0	0
2372228	2576994839	178	2	64	58	220325	209712	1	30.2	21.1	27.2	44.9	0	108	179	0	0	5
2372228	2576994863	178	2	65	6	209712	220325	1	38.5	68	37.6	42.4	0	108	179	0	0	0
2372228	2576994885	178	2	65	10	220325	0	0	40.1	40	74.1	83.7	0	108	179	0	0	0
2372228	2576994893	1450	2	65	12	99005	0	1	27.8	14.9	36.5	24.7	0	109	180	0	3	0
2372228	2576994909	1450	2	65	15	88550	104448	1	36.5	24.7	53.8	33.7	0	109	180	0	0	0
2372228	2576994915	1450	2	65	17	104448	0	0	53.9	33.6	54.3	31.8	0	109	180	0	0	0
2372228	2576994937	178	2	65	18	493019	0	1	43.4	69.6	34.7	61.5	0	110	181	0	0	0
2372228	2576994947	178	2	65	20	220325	78056	1	31.8	57.8	36.4	64.4	0	110	181	0	0	0
2372228	2576994987	178	2	65	21	78056	445087	1	36.6	63.2	36.6	33.1	0	110	181	0	0	0
2372228	2576995007	178	2	65	26	445087	78056	1	43.7	30.1	43.9	38.5	0	110	181	0	0	0
2372228	2576995037	178	2	65	29	78056	209712	1	45.9	41.5	45.8	67.5	0	110	181	0	0	0
2372228	2576995053	178	2	65	34	209712	78056	1	53.7	73.1	55.9	62.6	0	110	181	0	0	0
2372228	2576995067	178	2	65	35	78056	209712	1	55.9	63.9	54.8	77.4	0	110	181	0	0	0
2372228	2576995071	178	2	65	38	209712	78056	1	55.2	77	62.2	68	0	110	181	0	0	0
2372228	2576995101	178	2	65	39	78056	59859	1	62.2	68	71.6	65.9	0	110	181	0	0	0
2372228	2576995111	178	2	65	44	59859	493019	1	70.7	53.6	73.4	77.7	0	110	181	0	0	0
2372228	2576995127	178	2	65	47	493019	0	0	75.8	77.7	87.1	45.4	0	110	181	2	0	0
2372228	2576995205	1450	2	65	55	149838	88550	1	33.9	18.9	57.5	4.9	0	111	183	0	0	0
2372228	2576995211	1450	2	66	3	88550	199248	1	71.9	19.8	72.6	34	0	111	183	0	0	0
2372228	2576995213	1450	2	66	3	199248	0	0	72.6	34	73.7	33.3	0	111	183	0	0	0
2372228	2576995281	178	2	66	8	220325	500745	1	43.5	64.2	61.7	98.6	0	112	184	0	0	0
2372228	2576995287	178	2	66	17	500745	0	0	95.8	72.8	89	47	0	112	184	0	0	0
2372228	2576995383	178	2	66	28	59859	78056	1	72	86.3	68.8	69	0	112	185	0	0	0
2372228	2576995413	178	2	66	31	78056	220325	1	68.1	65	63.8	37.4	0	112	185	0	0	0
2372228	2576995453	178	2	66	35	220325	445087	1	70.7	29.3	76.1	1.1	0	112	185	0	0	0
2372228	2576995753	1450	2	67	20	175204	104448	1	21.9	81.8	87.4	95.6	0	113	186	0	0	5
2372228	2576995875	178	2	67	39	220325	78056	1	20.8	16.6	27.8	45.4	0	114	187	0	0	5
2372228	2576995891	178	2	67	41	78056	493019	1	34.4	52.7	41.8	88.5	0	114	187	0	0	0
2372228	2576995939	178	2	67	46	493019	78056	1	54	94.7	53.5	69.5	0	114	187	0	0	0
2372228	2576995955	178	2	67	51	78056	209712	1	54.8	74.3	46.6	74	0	114	187	0	0	0
2372228	2576996005	178	2	67	52	209712	220325	1	46.6	74	48.6	49.6	0	114	187	0	0	0
2372228	2576996021	178	2	67	57	220325	78056	1	55.2	46	62.7	53.6	0	114	187	0	0	0
2372228	2576996029	178	2	67	58	78056	220325	1	62.7	53.6	54.7	47.6	0	114	187	0	0	0
2372228	2576996065	178	2	67	59	220325	209712	1	54.7	47.8	55.1	72.2	0	114	187	0	0	0
2372228	2576996093	178	2	68	3	209712	493019	1	58	79.8	63	93.3	0	114	187	0	0	0
2372228	2576996107	178	2	68	5	493019	59859	1	62.7	91.8	65.9	80.4	0	114	187	0	0	0
2372228	2576996123	178	2	68	8	59859	78056	1	66.1	76.7	63	61.5	0	114	187	0	0	0
2372228	2576996133	178	2	68	11	78056	490541	1	64.7	54.2	70	43.3	0	114	187	0	0	0
2372228	2576996143	178	2	68	11	490541	0	0	70	43.3	76.2	54	0	114	187	0	0	0
2372228	2576996389	1450	2	68	46	175204	104448	1	22.6	51.5	72	29.7	0	115	188	0	0	5
2372228	2576996409	1450	2	68	49	104448	0	0	72	29.7	87	-1	0	115	188	0	3	0
2372228	2576996443	178	2	68	55	493019	59859	1	17.7	100	25.7	84.8	0	116	189	0	0	0
2372228	2576996467	178	2	68	57	59859	209712	1	25.7	84.8	12.4	90.5	0	116	189	0	0	0
2372228	2576996483	178	2	68	58	209712	493019	1	11.7	90.9	13.7	95.6	0	116	189	0	0	0
2372228	2576996493	178	2	69	0	493019	500745	1	14.5	94.4	36.2	75	0	116	189	0	0	0
2372228	2576996511	178	2	69	3	500745	78056	1	34.1	72.5	28.4	68.7	0	116	189	0	0	0
2372228	2576996545	178	2	69	5	78056	220325	1	28.1	62.7	28.6	49.9	0	116	189	0	0	0
2372228	2576996575	178	2	69	11	220325	500745	1	39	43.9	70.6	60	0	116	189	0	0	0
2372228	2576996625	1450	2	69	18	175204	464283	1	22.5	55.5	25.5	74.4	0	117	190	0	0	0
2372228	2576996649	1450	2	69	20	464283	0	0	25.5	74.4	78.5	95.6	0	117	190	0	0	0
2372228	2576996757	178	2	69	27	220325	0	1	33.2	15.2	41.3	34.1	0	118	191	0	0	0
2372228	2576998493	178	2	73	21	220325	209712	1	40.9	37.6	45.8	65.6	0	118	192	0	0	0
2372228	2576998505	178	2	73	26	209712	78056	1	57	68.7	58.2	48.4	0	118	192	0	0	0
2372228	2576998523	178	2	73	28	78056	490541	1	58.2	48.4	66.9	25.1	0	118	192	0	0	0
2372228	2576998543	178	2	73	32	490541	220325	1	68.3	23.6	58.5	22.6	0	118	192	0	0	0
2372228	2576998555	178	2	73	34	220325	209712	1	57.9	27.5	55.7	56.6	0	118	192	0	0	0
2372228	2576998583	178	2	73	37	209712	493019	1	57.4	64.4	60.8	84.6	0	118	192	0	0	0
2372228	2576998615	178	2	73	39	493019	0	0	63.7	88.4	100.9	75.9	0	118	192	0	0	0
2372228	2576998797	1450	2	74	9	175204	0	0	4.3	42.1	58.7	25.5	0	119	193	0	0	0
2372228	2576998829	178	2	74	14	59859	220325	1	40.9	78.2	32.8	54.5	0	120	194	0	0	0
2372228	2576998865	178	2	74	19	220325	56764	1	45.3	45.1	64.5	49.9	0	120	194	0	0	0
2372228	2576998875	178	2	74	20	56764	78056	1	64.5	49.9	46.6	54.2	0	120	194	0	0	0
2372228	2576998915	178	2	74	22	78056	493019	1	48.8	58.8	59.8	89.3	0	120	194	0	0	0
2372228	2576998925	178	2	74	26	493019	500745	1	65.5	91.8	70.9	93.2	0	120	194	0	0	0
2372228	2576998937	178	2	74	27	500745	493019	1	70.9	93.2	61.5	92.1	0	120	194	0	0	0
2372228	2576998963	178	2	74	29	493019	209712	1	60.4	92.1	52.8	87.3	0	120	194	0	0	0
2372228	2576999011	178	2	74	30	209712	220325	1	52.8	84.3	47.1	44.6	0	120	194	0	0	0
2372228	2576999023	178	2	74	35	220325	56764	1	58.3	33.8	69.5	39.5	0	120	194	0	0	0
2372228	2576999035	178	2	74	37	56764	78056	1	69.6	40.9	62	44.3	0	120	194	0	0	0
2372228	2576999061	178	2	74	38	78056	209712	1	62	44.6	62.2	64.7	0	120	194	0	0	0
2372228	2576999073	178	2	74	41	209712	59859	1	66.3	65.3	70.5	49.1	0	120	194	0	0	0
2372228	2576999097	178	2	74	43	59859	220325	1	70.2	48.1	69.1	32.2	0	120	194	0	0	0
2372228	2576999117	178	2	74	45	220325	445087	1	70.3	28.3	81.1	4.1	0	120	194	0	0	0
2372228	2576999143	178	2	74	47	445087	220325	1	78.4	5.8	68.4	20.6	0	120	194	0	0	0
2372228	2576999163	178	2	74	50	220325	490541	1	68.4	20.6	71.9	43	0	120	194	0	0	0
2372228	2576999189	178	2	74	52	490541	500745	1	74.7	50.6	90.5	69	0	120	194	0	0	0
2372228	2576999475	1450	2	75	29	175204	0	0	4.6	42.8	59.9	29.4	0	121	195	0	0	0
2372228	2576999489	178	2	75	32	209712	0	0	37.9	68.3	54.7	66.6	0	0	0	0	3	0
2372228	2576999503	1450	2	75	34	149838	0	0	43.1	31.5	74	18.8	0	121	196	0	0	0
2372228	2576999511	178	2	75	36	493019	0	0	27.3	72	32.3	64.8	0	0	0	0	3	0
2372228	2576999535	1450	2	75	40	199248	149838	1	63.5	32.5	57.5	30.4	0	121	197	0	0	0
2372228	2576999557	1450	2	75	44	149838	501039	1	60.7	45.8	51.7	60.8	0	121	197	0	0	0
2372228	2576999579	1450	2	75	47	501039	464283	1	54.3	70.6	86.9	82.1	0	121	197	0	0	0
2372228	2576999597	178	2	75	53	593109	445087	1	11.1	15.2	9.2	22.6	0	122	198	0	0	0
2372228	2576999645	178	2	75	54	445087	490541	1	9.2	22.6	34.1	4.9	0	122	198	0	0	0
2372228	2576999651	178	2	76	3	490541	59859	1	63.7	10.4	62.5	28	0	122	198	0	0	0
2372228	2576999661	178	2	76	4	59859	209712	1	62.5	28	54	43	0	122	198	0	0	0
2372228	2576999689	178	2	76	6	209712	493019	1	53.8	44.3	59.9	71.4	0	122	198	0	0	0
2372228	2576999719	178	2	76	10	493019	500745	1	72.9	78.3	78.7	87	0	122	198	0	0	0
2372228	2576999731	178	2	76	12	500745	59859	1	84.9	85.7	90.2	69	0	122	198	0	0	0
2372228	2576999745	178	2	76	15	59859	493019	1	97.4	72.2	94.2	82.7	0	122	198	0	0	0
2372228	2576999759	178	2	76	17	493019	209712	1	92	84.6	74.5	78.5	0	122	198	0	0	0
2372228	2576999769	178	2	76	19	209712	220325	1	72.8	77	71.1	60.2	0	122	198	0	0	0
2372228	2576999783	178	2	76	21	220325	490541	1	71.5	56	72.6	39.5	0	122	198	0	0	0
2372228	2577000015	1450	2	76	58	175204	0	0	17.1	56.3	72.9	25.6	0	123	199	0	0	5
2372228	2577000023	178	2	77	1	493019	500745	1	29.1	70.3	36.5	72.1	0	124	200	0	3	0
2372228	2577000035	178	2	77	2	500745	0	1	35.9	72.8	36.7	62	0	124	200	0	3	0
2372228	2577000053	178	2	77	4	59859	445087	1	31.3	58.1	25.9	29.8	0	124	200	0	0	0
2372228	2577000075	178	2	77	7	445087	593109	1	27.9	25.6	43.4	7.1	0	124	200	0	0	0
2372228	2577000085	178	2	77	11	593109	490541	1	50.3	12.1	67.9	24.5	0	124	200	0	0	0
2372228	2577000171	1450	2	77	22	175204	200599	1	14.7	53.3	22	36.9	0	125	201	0	0	0
2372228	2577000205	1450	2	77	30	200599	464283	1	35.8	26.5	65.6	85.6	0	125	201	0	0	0
2372228	2577000241	1450	2	77	35	464283	501039	1	63.7	82	46.2	83.5	0	125	201	0	0	0
2372228	2577000267	1450	2	77	38	501039	198499	1	46.2	83.5	55.4	73.5	0	125	201	0	0	0
2372228	2577000281	1450	2	77	42	198499	464283	1	60.3	75.4	68.9	95.6	0	125	201	0	0	0
2372228	2577000307	1450	2	77	45	464283	198499	1	69	95.6	64.1	82.1	0	125	201	0	0	0
2372228	2577000331	1450	2	77	48	198499	501039	1	63.8	80.9	47.4	73	0	125	201	0	0	0
2372228	2577000345	1450	2	77	52	501039	199248	1	47.5	67.5	54.4	57.2	0	125	201	0	0	0
2372228	2577000369	1450	2	77	55	199248	200599	1	48.9	66.4	43.9	33.4	0	125	201	0	0	0
2372228	2577000701	178	2	78	50	77318	220325	1	17.7	54.3	32	63	0	126	202	0	0	5
2372228	2577000715	178	2	78	56	220325	493019	1	33.6	62.4	37.8	82.2	0	126	202	0	0	0
2372228	2577000741	178	2	78	59	493019	0	1	39.2	82.8	53	95.1	0	126	202	0	0	0
2372228	2577000829	178	2	79	8	493019	220325	1	46.6	87.5	42.7	62.7	0	126	203	0	0	5
2372228	2577000861	178	2	79	13	220325	593109	1	53.9	47	76.2	5.5	0	126	203	0	0	0
2372228	2577000883	178	2	79	19	593109	465607	1	77.5	19.4	89.5	43.9	0	126	203	0	0	0
2372228	2577001151	1450	2	79	54	175204	199248	1	3.3	46.4	62	39.6	0	127	204	0	0	0
2372228	2577001417	1450	2	79	57	199248	0	0	59.9	39.4	72.9	29.5	0	127	204	0	3	0
2372228	2577001167	178	2	79	59	220325	0	1	29.7	60.9	37.9	66.5	0	128	205	0	3	0
2372228	2577001229	178	2	80	10	209712	493019	1	36.9	64.5	43.6	82.1	0	128	206	0	0	5
2372228	2577001261	178	2	80	15	493019	209712	1	53.6	78.6	47.5	72	0	128	206	0	0	0
2372228	2577001283	178	2	80	18	209712	0	1	51.4	69	47.4	49	0	128	206	0	0	0
2372228	2577001349	178	2	80	31	500046	209712	1	61.1	28.7	56.3	51.8	0	128	207	0	0	5
2372228	2577001375	178	2	80	34	209712	493019	1	57.6	57.3	61.2	82.8	0	128	207	0	0	0
2372228	2577001387	178	2	80	37	493019	500745	1	63.3	85.2	68.6	90	0	128	207	0	0	0
2372228	2577001395	178	2	80	40	500745	493019	1	67	89.7	58.9	89.1	0	128	207	0	0	0
2372228	2577001429	178	2	80	41	493019	209712	1	58.7	88.2	56.1	81.2	0	128	207	0	0	0
2372228	2577001455	178	2	80	44	209712	56764	1	58.1	80.9	66.9	62.7	0	128	207	0	0	0
2372228	2577001501	178	2	80	48	56764	593109	1	65.9	47.2	78.8	7	0	128	207	0	0	0
2372228	2577001725	1450	2	81	28	175204	0	0	4.8	47.5	72	19.7	0	129	208	0	0	0
2372228	2577001727	178	2	81	33	493019	0	0	27.2	71	35.4	67.1	0	0	0	0	3	0
2372228	2577001733	1450	2	81	35	104448	0	0	66.4	27.6	68.3	25.8	0	0	0	0	3	0
2372228	2577001779	178	2	81	37	209712	445087	1	30.2	66.9	29.4	34.3	0	130	209	0	0	0
2372228	2577001805	178	2	81	42	445087	493019	1	27.9	45.4	31.2	83.1	0	130	209	0	0	0
2372228	2577001845	178	2	81	45	493019	0	1	32.2	84.3	41	90.6	0	130	209	0	0	0
2372228	2577001941	178	2	81	58	209712	220325	1	38.2	80.4	43.3	61.5	0	130	210	0	0	5
2372228	2577001953	178	2	82	2	220325	209712	1	43.4	60.9	44.2	74.3	0	130	210	0	0	0
2372228	2577001981	178	2	82	5	209712	465607	1	56.8	71.9	63.1	62.1	0	130	210	0	0	0
2372228	2577001995	178	2	82	9	465607	445087	1	67	42.5	67.9	19.1	0	130	210	0	0	0
2372228	2577002001	178	2	82	12	445087	593109	1	68.8	18.7	76.6	5.8	0	130	210	0	0	0
2372228	2577002015	178	2	82	14	593109	445087	1	77.2	5.8	68.8	11	0	130	210	0	0	0
2372228	2577002027	178	2	82	16	445087	500046	1	63.3	16.9	61.3	25.9	0	130	210	0	0	0
2372228	2577002039	178	2	82	18	500046	220325	1	63.2	29.8	62.3	57.5	0	130	210	0	0	0
2372228	2577002071	178	2	82	20	220325	500745	1	65.5	61.5	75.9	95.4	0	130	210	0	0	0
2372228	2577002339	1450	2	83	6	175204	0	0	4.7	41.5	82.8	27.3	0	131	211	0	0	0
2372228	2577002351	178	2	83	13	493019	77318	1	14.6	70.5	5.1	53.4	0	132	212	0	0	0
2372228	2577002371	178	2	83	15	77318	593109	1	4.9	52.7	37.2	2.3	0	132	212	0	0	0
2372228	2577002421	178	2	83	20	593109	0	1	38.6	2.6	58.5	2.5	0	132	212	0	0	0
2372228	2577002571	178	2	83	46	445087	220325	1	54.8	8.6	48.2	41.9	0	132	213	0	0	5
2372228	2577002583	178	2	83	49	220325	209712	1	48.2	41.9	49.2	61.1	0	132	213	0	0	0
2372228	2577002599	178	2	83	56	209712	220325	1	56.6	65.4	54.5	48.8	0	132	213	0	0	0
2372228	2577002627	178	2	83	58	220325	445087	1	53.7	43.7	60.2	19.9	0	132	213	0	0	0
2372228	2577002641	178	2	84	2	445087	220325	1	60.2	19.9	55.5	36.7	0	132	213	0	0	0
2372228	2577002653	178	2	84	4	220325	209712	1	55.9	37	58.6	62.4	0	132	213	0	0	0
2372228	2577002665	178	2	84	7	209712	99005	100	64.1	69	81.9	67.8	0	132	213	0	0	0
2372228	2577002695	1450	2	84	10	99005	0	0	22.9	29.1	59	24.3	0	133	214	0	0	0
2372228	2577002725	178	2	84	16	220325	77318	1	23.8	88.5	11	55.2	0	134	215	0	0	0
2372228	2577002757	178	2	84	20	77318	209712	1	12.7	52.4	27	50	0	134	215	0	0	0
2372228	2577002775	178	2	84	24	209712	56764	1	37.2	53	73.5	84.2	0	134	215	0	0	0
2372228	2577002789	178	2	84	27	56764	465607	1	72.5	83.1	70.7	67.1	0	134	215	0	3	0
2372228	2577002805	178	2	84	30	465607	56764	1	71.4	67.1	72.4	52.8	0	134	215	0	0	0
2372228	2577002815	178	2	84	33	56764	0	0	74.6	58.1	92.2	60.8	0	134	215	0	0	0
2372228	2577002907	1450	2	84	52	175204	0	0	15.5	29.1	69.2	35.2	0	135	216	0	0	0
2372228	2577002983	178	2	85	6	209712	220325	1	28.7	70.1	31	58.7	0	136	217	0	0	5
2372228	2577003009	178	2	85	9	220325	209712	1	33	59.4	36.3	71.4	0	136	217	0	0	0
2372228	2577003019	178	2	85	15	209712	56764	1	53.7	75.9	56.7	67.7	0	136	217	0	0	0
2372228	2577003021	178	2	85	16	56764	209712	1	56.7	67.7	51.9	76.4	0	136	217	0	0	0
2372228	2577003033	178	2	85	20	209712	56764	1	53.6	73.5	62.3	61.4	0	136	217	0	0	0
2372228	2577003041	178	2	85	21	56764	209712	1	62.3	61.4	57.4	73.1	0	136	217	0	0	0
2372228	2577003055	178	2	85	22	209712	500745	1	60.4	76.8	74.2	94.7	0	136	217	0	0	0
2372228	2577003063	178	2	85	27	500745	0	0	76.8	90.8	78	64.5	0	136	217	0	0	0
2372228	2577003103	1450	2	85	29	198499	149838	1	21.7	35.2	28.7	30.9	0	137	218	0	0	0
2372228	2577003111	1450	2	85	30	149838	0	0	28.7	30.9	40.2	35.4	0	137	218	0	0	0
2372228	2577003109	178	2	85	32	220325	0	0	57.7	67.8	60.1	65	0	0	0	0	3	0
2372228	2577003225	178	2	85	51	209712	220325	1	68	72.6	65.7	52.2	0	138	219	0	0	5
2372228	2577003245	178	2	85	53	220325	593109	1	66.6	47.9	72.6	12.8	0	138	219	0	0	0
2372228	2577003263	178	2	85	56	593109	0	0	76.2	16.4	93	74.7	0	138	219	2	0	0
2372228	2577003473	178	2	86	31	500745	0	0	99.5	99.5	96.1	56.7	0	138	220	2	0	6
2372228	2577003539	178	2	86	42	209712	493019	1	83.5	100	66.9	90.5	0	138	221	0	0	0
2372228	2577003553	178	2	86	45	493019	220325	1	62.9	86.6	59	60.5	0	138	221	0	0	0
2372228	2577003583	178	2	86	48	220325	209712	1	59.5	60.9	65.6	75.6	0	138	221	0	0	0
2372228	2577003609	178	2	86	53	209712	493019	1	69	73.1	80.9	91.4	0	138	221	0	0	0
2372228	2577003641	178	2	86	57	493019	500745	1	86	93.3	83.7	89.6	0	138	221	0	0	0
2372228	2577003653	178	2	87	1	500745	209712	1	75.7	91.5	63.7	85.7	0	138	221	0	0	0
2372228	2577003669	178	2	87	3	209712	220325	1	62.4	84.6	62.4	56.4	0	138	221	0	0	0
2372228	2577003689	178	2	87	5	220325	465607	1	62.4	54	69.6	42.5	0	138	221	0	0	0
2372228	2577003837	1450	2	87	32	175204	0	0	3.9	52.7	61.6	41.9	0	139	222	0	0	0
2372228	2577003847	178	2	87	35	500046	0	1	38.9	57.3	54.5	50.9	0	140	223	0	3	0
2372228	2577003899	178	2	87	37	56764	500745	1	54.3	51.3	80.7	89	0	140	223	0	0	0
2372228	2577003949	178	2	87	48	500745	209712	1	90.5	75.2	76.7	69.6	0	140	223	0	0	0
2372228	2577003959	178	2	87	49	209712	493019	1	75.9	69.5	78.4	76.8	0	140	223	0	0	0
2372228	2577004389	1450	2	88	52	99005	199248	1	26.9	0	43.8	20.1	0	141	225	0	0	0
2372228	2577004395	1450	2	88	54	199248	198499	1	43.8	20.1	45.8	18.5	0	141	225	0	3	0
2372228	2577004411	1450	2	88	55	198499	104448	1	45.8	18.5	57.5	38.9	0	141	225	0	3	0
2372228	2577004451	178	2	89	1	209712	593109	1	55.8	50	61.3	18.4	0	142	226	0	0	0
2372228	2577004487	178	2	89	6	593109	445087	1	64.7	24.7	54.8	42.8	0	142	226	0	0	0
2372228	2577004517	178	2	89	9	445087	493019	1	58.4	48.8	62.9	82.5	0	142	226	0	0	0
2372228	2577004553	178	2	89	14	493019	220325	1	65.4	85.5	62.1	72.5	0	142	226	0	0	0
2372228	2577004565	178	2	89	20	220325	445087	1	63	60	56.4	42.7	0	142	226	0	0	0
2372228	2577004597	178	2	89	21	445087	500046	1	56.4	42.7	60.1	23.3	0	142	226	0	0	0
2372228	2577004605	178	2	89	25	500046	593109	1	63.3	16.1	65.5	6.7	0	142	226	0	0	0
2372228	2577004631	178	2	89	26	593109	445087	1	65.5	6.5	54.3	40.4	0	142	226	0	0	0
2372228	2577004639	178	2	89	31	445087	209712	1	58.3	41	66.3	42.2	0	142	226	0	0	0
2372228	2577004647	178	2	89	32	209712	445087	1	65.9	44.3	55.2	44.2	0	142	226	0	0	0
2372228	2577004653	178	2	89	34	445087	220325	1	55.2	46.6	59.3	65.3	0	142	226	0	0	0
2372228	2577004661	178	2	89	35	220325	445087	1	55.9	63.9	47.2	40.7	0	142	226	0	0	0
2372228	2577004671	178	2	89	37	445087	500046	1	47.2	40.7	55.2	25	0	142	226	0	0	0
2372228	2577004687	178	2	89	39	500046	209712	1	57.5	24.5	63.7	32.8	0	142	226	0	0	0
2372228	2577004691	178	2	89	42	209712	56764	1	73.9	31	77.2	38.2	0	142	226	0	0	0
2372228	2577004701	178	2	89	43	56764	0	0	77.2	38.2	87.8	41	0	142	226	0	0	0
2372228	2577005025	1450	2	90	29	175204	199248	1	31.4	62.1	78.6	39.8	0	143	227	0	0	5
2372228	2577005083	1450	2	90	35	149838	88550	1	75.8	38	77.7	26.2	0	145	229	0	0	0
2372228	2577005113	178	2	90	42	493019	465607	1	27.4	68.6	36.9	68.4	0	146	230	0	0	0
2372228	2577005117	178	2	90	47	465607	0	0	55.4	44.8	65.5	26.2	0	146	230	0	0	0
2372228	2577005369	1450	2	91	41	175204	0	0	33	71.7	77.3	35.4	0	147	232	0	0	5
2372228	2577005365	178	2	91	44	209712	0	0	24.1	68.1	25.6	68	0	0	0	0	3	0
2372228	2577005379	178	2	91	45	209712	220325	1	21.8	68.6	15.4	59	0	148	233	0	0	0
2372228	2577005391	178	2	91	46	220325	0	0	15.4	58.8	45.8	63.8	0	148	233	0	0	0
2372228	2577005405	1450	2	91	49	200599	0	0	55.6	31.2	78.7	-2	0	149	234	0	0	0
2372228	2577005469	178	2	91	55	493019	209712	1	22.6	100	12.5	81.2	0	150	235	0	0	0
2372228	2577005505	178	2	92	8	209712	220325	1	39.6	68.4	31.2	49	0	150	236	0	0	0
2372228	2577005531	178	2	92	10	220325	445087	1	31.3	47	36.3	25.4	0	150	236	0	0	0
2372228	2577005571	178	2	92	13	445087	493019	1	42.8	32.2	48.5	90.2	0	150	236	0	0	0
2372228	2577005587	178	2	92	19	493019	465607	1	65.6	81.9	71.8	59.6	0	150	236	0	0	0
2372228	2577005609	178	2	92	22	465607	593109	1	73.4	51.8	89	30.8	0	150	236	0	0	0
2372228	2577005909	1450	2	93	10	175204	198499	1	4.8	45.8	55.7	48.1	0	151	237	0	0	0
2372228	2577005913	1450	2	93	13	198499	0	0	55.7	48.1	68	36.1	0	151	237	0	3	0
2372228	2577005921	178	2	93	15	209712	0	1	30.5	67.8	28.1	89.3	0	152	238	0	3	0
2372228	2577005951	178	2	93	19	493019	500745	1	30.6	90.8	42.1	89.9	0	152	238	0	0	0
2372228	2577005955	178	2	93	21	500745	0	0	42.1	89.9	38.5	86.9	0	152	238	0	0	0
2372228	2577005991	178	2	93	23	209712	465607	1	32.6	73.5	43	67.7	0	152	239	0	0	0
2372228	2577006035	178	2	93	27	465607	593109	1	47.8	53.6	65.1	11	0	152	239	0	0	0
2372228	2577006083	178	2	93	32	593109	445087	1	66.4	15.5	58.7	26.9	0	152	239	0	0	0
2372228	2577006109	178	2	93	36	445087	220325	1	61.9	34.9	61.9	56.1	0	152	239	0	0	0
2372228	2577006123	178	2	93	38	220325	493019	1	64.4	60.2	67.7	81.9	0	152	239	0	0	0
2372228	2577006169	178	2	93	41	493019	500745	1	70	83.7	79.5	92.3	0	152	239	0	0	0
2372228	2577006223	178	2	93	46	500745	493019	1	84.4	91.8	77.4	85.4	0	152	239	0	0	0
2372228	2577006243	178	2	93	51	493019	445087	1	74.9	72	66.3	36.4	0	152	239	0	0	0
2372228	2577006259	178	2	93	55	445087	209712	1	67.7	34.7	68.3	50.1	0	152	239	0	0	0
2372228	2577006275	178	2	93	58	209712	445087	1	69.1	47.9	72	33.1	0	152	239	0	0	0
2372228	2577006299	178	2	94	0	445087	0	0	73	35.5	94.2	101.7	0	152	239	0	0	0
2372228	2577006531	1450	2	94	30	99005	0	0	9.7	0	26.2	5.9	0	153	240	0	0	0
2372228	2577006551	178	2	94	32	500046	0	0	60.2	86	81.8	87.6	0	0	0	0	3	0
2372228	2577006577	1450	2	94	34	99005	0	0	19.8	4.1	28	8.3	0	153	0	0	3	0
2372228	2577006589	178	2	94	35	209712	0	0	61.8	89.1	64.4	66.9	0	0	0	0	3	0
2372228	2577006643	1450	2	94	44	149838	199248	1	69.4	56.6	77.8	25.9	0	153	241	0	0	0
2372228	2577006739	178	2	94	56	493019	500745	1	70.1	73.7	81.1	76.7	0	154	242	0	0	0
2372228	2577006751	178	2	94	57	500745	198499	100	81.1	76.7	78.7	64.5	0	154	242	0	0	0
2372228	2577006805	178	2	95	3	500745	0	0	75.3	72.5	81.7	69.5	0	0	0	0	3	0
2372228	2577007539	178	2	96	55	445087	209712	1	61.5	36.2	63.4	42.2	0	156	244	0	0	5
2372228	2577007549	178	2	97	1	209712	465607	1	71.3	32.8	71.8	49.3	0	156	244	0	0	0
2372228	2577007561	178	2	97	3	465607	209712	1	69.7	44.2	72.3	32	0	156	244	0	0	0
2372228	2577007577	178	2	97	5	209712	465607	1	73.6	31.9	73.9	43.1	0	156	244	0	0	0
2372228	2577007633	178	2	97	8	465607	593109	1	72.4	34.3	81.2	13.6	0	156	244	0	0	0
2372228	2577007651	178	2	97	11	593109	465607	1	78.3	14.5	76.1	25	0	156	244	0	0	0
2372228	2577007655	178	2	97	14	465607	198499	100	78.5	28.3	79.9	32.8	0	156	244	0	0	0
2372228	2577007819	178	2	97	26	465607	209712	1	57.3	0	51.5	16.6	0	156	245	0	0	0
2372228	2577007859	178	2	97	30	209712	493019	1	55.6	30.5	57.8	66.6	0	156	245	0	0	0
2372228	2577007885	178	2	97	33	493019	500745	1	63.3	75.6	68.9	92	0	156	245	0	0	0
2372228	2577007911	178	2	97	38	500745	0	0	78.2	90.5	86.5	28.7	0	156	245	2	0	0
2372228	2577007929	1450	2	97	41	104448	0	1	15	68.7	25.9	56	0	157	246	0	3	0
2372228	2577007977	1450	2	97	45	149838	0	1	34.2	52.5	41.3	47	0	157	246	0	0	0
2372228	2577008001	178	2	97	49	493019	0	0	61.5	56.1	71.4	60.2	0	158	247	0	0	0
2372228	2577008021	1450	2	97	50	200599	0	0	30.9	43.1	38.7	-1.3	0	159	248	0	0	0
2372228	2577008141	178	2	97	56	500745	209712	1	57.3	100	55.8	77.6	0	160	249	0	0	0
2372228	2577008259	1450	2	98	14	88550	104448	1	75.5	34.2	99	31.5	0	161	250	0	0	0
2372228	2577008399	178	2	98	31	77318	220325	1	4.7	50.7	20.9	27.8	0	162	251	0	0	0
2372228	2577008423	178	2	98	36	220325	209712	1	34.3	37.1	43.7	84.6	0	162	251	0	0	0
2372228	2577008431	178	2	98	44	209712	465607	1	57.3	82.2	61.1	56.1	0	162	251	0	0	0
2372228	2577008433	178	2	98	46	465607	198499	100	62.9	49.7	75.1	36.8	0	162	251	0	0	0
2372228	2577008449	178	2	98	49	465607	220325	1	64.4	38.2	62.4	32	0	162	252	0	3	0
2372228	2577008451	178	2	98	50	220325	465607	1	61.5	29.5	65.4	24.4	0	162	252	0	0	0
2372228	2577008489	178	2	98	51	465607	220325	1	65.4	24.4	60.7	30.2	0	162	252	0	3	0
2372228	2577008505	178	2	98	57	220325	209712	1	67.1	32.5	70	49.3	0	162	252	0	0	0
2372228	2577008527	178	2	98	59	209712	0	0	76.1	63.3	78.2	76.2	0	162	252	0	0	0
2372228	2577008539	1450	2	99	1	99005	0	0	20.7	16.8	48.1	-1	0	163	253	0	0	0
2372228	2577008597	178	2	99	9	493019	77318	1	53.9	100	43.9	80.6	0	164	254	0	0	0
2372228	2577008605	178	2	99	16	77318	220325	1	47.1	64.4	54.9	44.2	0	164	254	0	0	0
2372228	2577008619	178	2	99	19	220325	593109	1	55.9	42.8	74.5	10.1	0	164	254	0	0	0
2372228	2577008641	178	2	99	22	593109	0	0	75.8	14.6	89.1	45.4	0	164	254	2	0	0
2372228	2577008737	178	2	99	33	220325	209712	1	54	0	51	40.3	0	164	255	0	0	0
2372228	2577008761	178	2	99	39	209712	493019	1	64.8	50	66.9	74.9	0	164	255	0	0	0
2372228	2577008773	178	2	99	43	493019	500046	1	71.8	60.5	73.6	33.8	0	164	255	0	0	0
2372228	2577008787	178	2	99	46	500046	220325	1	74.2	32.2	68.9	28.3	0	164	255	0	0	0
2372228	2577008793	178	2	99	47	220325	593109	1	72	25.9	79.6	8.6	0	164	255	0	0	0
2372228	2577008803	178	2	99	51	593109	0	0	78.5	15.4	88.6	41.3	0	164	255	2	0	0
2372228	2577010427	1450	2	104	4	175204	0	0	8.7	65.8	61.7	76	0	165	256	0	0	5
2372228	2577010441	178	2	104	8	445087	0	0	36	16.1	54.6	35.5	0	0	0	0	3	0
2372228	2577010485	1450	2	104	11	501039	149838	1	43.5	65.5	47.8	57.3	0	165	257	0	3	0
2372228	2577010509	1450	2	104	12	149838	199248	1	47.8	57.3	85.6	64.2	0	165	257	0	0	0
2372228	2577010539	1450	2	104	19	199248	88550	1	86	62.7	93.9	29.5	0	165	257	0	0	0
2372228	2577010543	1450	2	104	21	88550	0	0	93.9	29.5	93.3	30.4	0	165	257	0	0	0
2372228	2577010965	1450	2	105	17	88550	104448	1	99.4	0.8	92.3	41.8	0	165	258	2	0	6
