match_id	id	team_id	period_id	min	sec	player_id_1	player_id_2	outcome	start_x	start_y	end_x	end_y	offside	possession	sequence	extra_1	extra_2	extra_3
2372231	2577321669	1737	1	0	0	109702	130025	1	50.1	50	29.5	37.1	0	1	1	0	0	0
2372231	2577321685	1737	1	0	2	130025	442838	1	30.1	37.3	64	92.3	0	1	1	0	0	0
2372231	2577321709	1737	1	0	5	442838	109702	1	63.7	92.1	66	81.9	0	1	1	0	3	0
2372231	2577321737	1737	1	0	7	109702	111133	1	66	81.9	61.4	84	0	1	1	0	0	0
2372231	2577321757	1737	1	0	12	463163	0	0	65.5	93.2	78.2	96	0	1	2	0	0	0
2372231	2577322025	1737	1	0	42	130025	0	0	85.2	100	87.2	60	0	1	3	0	0	0
2372231	2577322073	1737	1	0	48	178092	0	0	66.1	19.3	69.7	23	0	0	0	0	3	0
2372231	2577322079	173	1	0	49	431644	0	0	25.9	63	33.4	69.6	0	2	4	0	0	0
2372231	2577322101	1737	1	0	50	96771	0	1	63.4	16.1	68.6	23.5	0	3	5	0	3	0
2372231	2577322109	1737	1	0	52	109702	0	0	70.5	27.5	92.3	46.3	0	3	5	0	0	0
2372231	2577322203	173	1	0	58	176245	0	0	15.6	51	51.7	75	0	4	6	0	0	0
2372231	2577322225	1737	1	1	2	96771	0	0	43.7	21.7	63.6	32.3	0	0	0	0	3	0
2372231	2577322251	173	1	1	4	488040	0	1	41.6	68.2	46.1	68.4	0	4	7	0	3	0
2372231	2577322259	173	1	1	6	431644	437465	1	46.1	68.4	41	58.1	0	4	7	0	0	0
2372231	2577322323	1737	1	1	11	111313	0	0	42.1	29	77.2	16	0	5	9	0	0	0
2372231	2577322343	173	1	1	14	488040	434941	1	21.8	88.9	34.9	88.9	0	6	10	0	0	0
2372231	2577322369	173	1	1	16	434941	431644	1	34.9	88.9	32.9	76.7	0	6	10	0	0	0
2372231	2577322391	1737	1	1	19	178092	96771	1	59.8	25.6	55	37.9	0	7	11	0	0	0
2372231	2577322423	1737	1	1	22	96771	213118	1	46.7	44.2	35.8	40.3	0	7	11	0	0	0
2372231	2577322443	1737	1	1	25	213118	130025	1	34.5	38.9	29.5	15.4	0	7	11	0	0	0
2372231	2577322461	1737	1	1	27	130025	111313	1	29.5	15.4	36.7	4.6	0	7	11	0	0	0
2372231	2577322477	1737	1	1	29	111313	0	0	37.3	4.6	87.6	15.5	0	7	11	0	0	0
2372231	2577322511	173	1	1	33	488040	176245	1	7.8	84.5	3.2	66.1	0	8	12	0	0	0
2372231	2577322525	173	1	1	35	176245	0	1	3.2	66.1	39.9	76.9	0	8	12	0	0	0
2372231	2577322683	173	1	2	0	488040	215792	1	42.5	77.3	36.3	65.5	0	8	13	0	0	5
2372231	2577322717	173	1	2	5	215792	463001	1	36.9	60.2	46.4	18.5	0	8	13	0	0	0
2372231	2577322791	173	1	2	9	463001	434941	1	53.2	19.2	81.9	94.7	0	8	13	0	0	0
2372231	2577322811	173	1	2	18	434941	0	0	86.9	89.9	101.3	75.9	0	8	13	0	0	0
2372231	2577323009	1737	1	2	46	167210	0	0	4.5	40.6	68	26.6	0	9	14	0	0	0
2372231	2577323059	173	1	2	49	488040	434941	1	36	67.9	44.2	76.1	0	0	0	0	3	0
2372231	2577323071	173	1	2	50	434941	0	1	44.2	76.1	49.9	72.9	0	10	15	0	3	0
2372231	2577323081	173	1	2	52	442157	0	0	48.8	72.7	45.9	64.9	0	10	15	0	0	0
2372231	2577323099	1737	1	2	54	96771	213118	1	54	28.9	40	34	0	11	16	0	0	0
2372231	2577323125	1737	1	2	56	213118	0	0	40	34	77.5	101	0	11	16	0	0	0
2372231	2577323297	173	1	3	16	235227	488040	1	30.3	0	20	37	0	12	17	0	0	0
2372231	2577323333	173	1	3	19	488040	126119	1	20.6	37	29.6	81.8	0	12	17	0	0	0
2372231	2577323363	173	1	3	25	126119	431644	1	44	90.3	42.4	79.7	0	12	17	0	0	0
2372231	2577323401	173	1	3	29	431644	0	0	44.5	90.3	91.6	73.6	0	12	17	0	0	0
2372231	2577323487	1737	1	3	36	167210	213118	1	11.4	34.4	22	59.6	0	13	18	0	0	0
2372231	2577323499	1737	1	3	40	213118	96771	1	26.7	59.6	34.9	64.2	0	13	18	0	0	0
2372231	2577323525	1737	1	3	42	96771	213118	1	34.9	64.1	25.5	61.4	0	13	18	0	0	0
2372231	2577323547	1737	1	3	44	213118	96771	1	27.3	60	32.7	71.6	0	13	18	0	0	0
2372231	2577323591	1737	1	3	47	96771	0	0	31.2	70.7	89.7	41.3	0	13	18	0	0	0
2372231	2577323709	173	1	4	2	176245	126119	1	24.2	49	69.5	83	0	14	19	0	0	0
2372231	2577323723	173	1	4	7	126119	431644	1	68.7	80	63.3	77.8	0	14	19	0	0	0
2372231	2577323731	173	1	4	8	431644	437465	1	63.3	77.8	60	65.8	0	14	19	0	0	0
2372231	2577323767	173	1	4	9	437465	488040	1	60	65.8	54.6	84.4	0	14	19	0	0	0
2372231	2577323777	173	1	4	12	488040	0	0	54.4	84.5	54.7	81.1	0	14	19	0	0	0
2372231	2577323827	1737	1	4	18	109702	0	0	89.1	19.6	91	46.6	0	15	20	0	0	0
2372231	2577323911	1737	1	4	25	109702	179926	1	89.5	12.2	85.3	5.6	0	15	21	0	0	0
2372231	2577323933	1737	1	4	27	179926	0	0	85.3	5.6	86.4	39.5	0	15	21	2	0	0
2372231	2577324025	1737	1	4	30	178092	213118	1	68.7	28.7	44.3	67.4	0	15	22	0	0	0
2372231	2577324037	1737	1	4	41	213118	111133	1	54.9	71	61.1	75	0	15	23	0	0	0
2372231	2577324039	1737	1	4	43	111133	437465	100	60.7	77	60.9	71.6	0	15	23	0	0	0
2372231	2577324085	1737	1	4	46	96771	178092	1	58	66	53.3	56.4	0	15	24	0	0	0
2372231	2577324095	1737	1	4	48	178092	111313	1	53.3	55.2	49.8	17.5	0	15	24	0	0	0
2372231	2577324133	1737	1	4	52	111313	178092	1	52.6	11.3	53.1	30.1	0	15	24	0	0	0
2372231	2577324189	1737	1	4	54	178092	213118	1	52.5	30.7	42.1	66.6	0	15	24	0	0	0
2372231	2577324215	1737	1	5	0	213118	111133	1	54.3	69.8	62.8	94.1	0	15	24	0	0	0
2372231	2577324239	1737	1	5	4	111133	178092	1	62.4	93.8	60.2	83.7	0	15	24	0	0	0
2372231	2577324251	1737	1	5	6	178092	109702	1	55.8	72.5	65.8	60.3	0	15	24	0	0	0
2372231	2577324261	1737	1	5	7	109702	0	0	65.9	60.3	76.7	69.2	0	15	24	0	0	0
2372231	2577324273	173	1	5	9	463001	176245	1	20.6	30.1	7.7	48.5	0	16	25	0	0	0
2372231	2577324345	173	1	5	11	176245	0	0	7.7	48.5	65.5	50.7	0	16	25	0	0	0
2372231	2577324355	1737	1	5	15	130025	0	1	31.2	38.2	34.6	29.5	0	17	26	0	3	0
2372231	2577324403	1737	1	5	18	111313	167210	1	32.2	28.9	9.5	47	0	17	26	0	0	0
2372231	2577324449	1737	1	5	23	167210	130025	1	14.7	46.6	24.2	26	0	17	26	0	0	0
2372231	2577324473	1737	1	5	31	130025	442838	1	38.2	29.5	55.7	63.3	0	17	26	0	0	0
2372231	2577324489	1737	1	5	34	442838	213118	1	53.9	60.8	36.8	61.8	0	17	26	0	0	0
2372231	2577324503	1737	1	5	37	213118	130025	1	37.4	61.4	34.8	34.9	0	17	26	0	0	0
2372231	2577324521	1737	1	5	40	130025	96771	1	35.9	31.3	42	9.8	0	17	26	0	0	0
2372231	2577324583	1737	1	5	42	96771	0	0	43.3	8	93.6	17.5	0	17	26	0	0	0
2372231	2577325101	1737	1	6	44	463163	178092	1	98.1	15.1	97.3	41	0	17	27	2	0	5
2372231	2577325595	173	1	7	53	442157	437465	1	50.1	50.1	38	47.9	0	18	28	0	0	0
2372231	2577325609	173	1	7	55	437465	463001	1	38	46.9	36.8	21.6	0	18	28	0	0	0
2372231	2577325655	173	1	7	59	463001	0	0	41.3	20.3	76.5	1.3	0	18	28	0	0	0
2372231	2577325879	173	1	8	26	235227	442157	1	77.9	0	88.8	28.5	0	18	29	0	0	0
2372231	2577325963	1737	1	8	29	178092	0	1	13.2	70.7	30.7	95	0	19	30	0	0	0
2372231	2577326215	173	1	8	59	235227	0	1	67.5	0	68.4	7.1	0	20	32	0	0	0
2372231	2577326221	173	1	9	2	201178	488040	1	61.1	20.9	56.4	37	0	20	32	0	0	0
2372231	2577326249	173	1	9	4	488040	235227	1	56.4	37	90.7	12.8	0	20	32	0	0	0
2372231	2577326263	173	1	9	8	235227	0	0	91.7	12.8	93	51.2	0	20	32	2	0	0
2372231	2577326315	173	1	9	11	431644	0	1	78.3	73.2	78.2	95.3	0	20	33	0	0	0
2372231	2577326335	173	1	9	16	126119	431644	1	69.7	94.2	68.5	83.6	0	20	33	0	0	0
2372231	2577326377	173	1	9	19	431644	126119	1	72.2	85.9	73.5	91.1	0	20	33	0	0	0
2372231	2577326545	1737	1	9	42	167210	213118	1	9.6	44.8	22.1	74.7	0	21	34	0	0	0
2372231	2577326607	1737	1	9	49	213118	0	0	34.3	74.7	87.4	83.9	0	21	34	0	0	0
2372231	2577326635	173	1	9	52	215792	0	1	22.4	21.5	23.7	15.9	0	22	35	0	3	0
2372231	2577326655	173	1	9	53	235227	463001	1	23.7	15.9	18.3	33.4	0	22	35	0	0	0
2372231	2577326667	173	1	9	55	463001	437465	1	18.3	33.4	28.1	21.5	0	22	35	0	0	0
2372231	2577326673	173	1	9	56	437465	235227	1	28.1	21.5	26.7	6.7	0	22	35	0	0	0
2372231	2577326691	173	1	9	58	235227	437465	1	26.7	6.7	30.5	18.2	0	22	35	0	0	0
2372231	2577326763	173	1	10	1	437465	126119	1	32.1	25.3	43.8	92.1	0	22	35	0	0	0
2372231	2577326791	173	1	10	9	126119	434941	1	69.5	91.1	78.1	94.7	0	22	35	0	0	0
2372231	2577326831	173	1	10	13	434941	126119	1	77.7	92.1	78.2	97.1	0	22	35	0	0	0
2372231	2577326841	173	1	10	16	126119	0	0	78.9	97.1	80.8	91.5	0	22	35	0	0	0
2372231	2577326855	1737	1	10	18	111313	0	1	15.5	24.8	25	17.6	0	23	36	0	3	0
2372231	2577326865	1737	1	10	19	178092	111313	1	26.3	16.9	24.1	22.1	0	23	36	0	0	0
2372231	2577326885	1737	1	10	21	111313	0	1	23.7	25	30.6	30.2	0	23	36	0	0	0
2372231	2577326917	1737	1	10	22	96771	0	1	26.8	35.3	26.1	27.4	0	23	36	0	0	0
2372231	2577326947	1737	1	10	26	111313	442838	1	21.3	16.1	33.7	4.7	0	23	36	0	0	0
2372231	2577326983	173	1	10	32	126119	431644	1	70.2	90.6	73.4	83.8	0	24	37	0	0	0
2372231	2577327007	173	1	10	34	431644	0	0	74.5	88.7	96.8	77	0	24	37	0	0	0
2372231	2577327185	1737	1	10	51	167210	213118	1	9.4	42.4	19.2	73.1	0	25	38	0	0	0
2372231	2577327217	1737	1	10	59	213118	178092	1	39.7	71.3	40.3	55.8	0	25	38	0	0	0
2372231	2577327241	1737	1	11	2	178092	111313	1	41.9	51.2	44.1	11.8	0	25	38	0	0	0
2372231	2577327273	1737	1	11	5	111313	0	1	44.1	11.8	60	3.2	0	25	38	0	0	0
2372231	2577327693	1737	1	11	46	111313	442838	1	58.3	6.5	96.9	17	0	25	39	0	0	5
2372231	2577327737	1737	1	11	57	442838	109702	1	99.8	23.2	91.3	50.6	0	25	39	0	0	0
2372231	2577327875	173	1	12	11	176245	463001	1	14.5	40.9	24.9	16.5	0	26	40	0	0	0
2372231	2577327885	173	1	12	13	463001	437465	1	27.4	14.7	35	27.7	0	26	40	0	0	0
2372231	2577327895	173	1	12	14	437465	0	0	35.6	27.1	54.6	-2	0	26	40	0	0	0
2372231	2577328075	1737	1	12	38	463163	0	0	53.8	100	70.6	94.2	0	27	41	0	0	0
2372231	2577328115	173	1	12	42	235227	0	0	20.7	6.5	47.5	-1.3	0	28	42	0	0	0
2372231	2577328227	1737	1	13	2	463163	0	0	60.6	100	84.5	93.2	0	29	43	0	0	0
2372231	2577328517	173	1	13	35	176245	0	0	27.3	18.9	71	54	0	30	44	0	0	5
2372231	2577328521	1737	1	13	39	96771	0	0	25	42.7	33.1	26.2	0	0	0	0	3	0
2372231	2577328567	173	1	13	40	126119	431644	1	64.8	67.3	62.2	55.8	0	30	45	0	0	0
2372231	2577328595	173	1	13	42	431644	215792	1	61	55.5	46.6	50.9	0	30	45	0	0	0
2372231	2577328619	173	1	13	45	215792	488040	1	48.7	52.5	45.8	76.3	0	30	45	0	0	0
2372231	2577328631	173	1	13	47	488040	126119	1	46.7	80	63.5	98.3	0	30	45	0	0	0
2372231	2577328643	173	1	13	48	126119	431644	1	63.5	98.3	56.1	93.8	0	30	45	0	0	0
2372231	2577328647	173	1	13	50	431644	0	0	56.1	93.8	75.1	88.6	0	30	45	0	0	0
2372231	2577328657	1737	1	13	52	111313	0	0	18.4	8.6	30.2	11.9	0	31	46	0	0	0
2372231	2577328697	1737	1	13	56	111313	96771	1	20.3	12.2	26.7	27.8	0	33	48	0	0	0
2372231	2577328765	173	1	13	58	126119	434941	1	69.1	88.3	90.3	97.4	0	34	49	0	0	0
2372231	2577328773	173	1	14	4	434941	0	0	98.9	90.9	94.2	59.9	0	34	49	2	0	0
2372231	2577328977	1737	1	14	27	111313	130025	1	25.3	0	24.5	14.6	0	35	50	0	0	0
2372231	2577329005	1737	1	14	28	130025	215792	100	24.4	14.6	62.8	33.1	0	35	50	0	0	0
2372231	2577329027	173	1	14	33	437465	0	1	41.8	64.9	43.5	46	0	36	51	0	3	0
2372231	2577329035	173	1	14	36	235227	431644	1	43.7	45.7	46.1	51.2	0	36	51	0	0	0
2372231	2577329063	173	1	14	36	431644	463001	1	46.1	51.2	37.5	41.8	0	36	51	0	0	0
2372231	2577329079	173	1	14	39	463001	235227	1	41	32.1	54.1	3.2	0	36	51	0	0	0
2372231	2577329083	173	1	14	43	235227	431644	1	56.6	3.4	60.1	17.7	0	36	51	0	0	0
2372231	2577329093	173	1	14	45	431644	235227	1	60.1	17.7	53	3.7	0	36	51	0	0	0
2372231	2577329113	173	1	14	46	235227	463001	1	53	3.7	38.2	21	0	36	51	0	0	0
2372231	2577329143	173	1	14	48	463001	488040	1	40	27.1	44	80.5	0	36	51	0	0	0
2372231	2577329163	173	1	14	54	488040	434941	1	63.2	85.1	74	73	0	36	51	0	0	0
2372231	2577329177	173	1	14	56	434941	0	0	75.3	67	81.6	68.5	0	36	51	0	0	0
2372231	2577329221	1737	1	14	58	130025	111313	1	21.8	31.1	31	20.2	0	37	52	0	0	0
2372231	2577329231	1737	1	15	2	111313	213118	1	28.5	35.3	21.2	55.5	0	37	52	0	0	0
2372231	2577329265	1737	1	15	4	213118	463163	1	21.6	57.5	33	82.4	0	37	52	0	0	0
2372231	2577329359	1737	1	15	10	463163	0	1	61.7	88.1	69.7	96.2	0	37	52	0	0	0
2372231	2577329387	1737	1	15	20	111133	111313	1	60.9	34.9	57.7	16.9	0	37	53	0	0	0
2372231	2577329415	1737	1	15	24	111313	178092	1	56.5	21.4	55.5	49.7	0	37	53	0	0	0
2372231	2577329421	1737	1	15	25	178092	213118	1	55.5	49.7	41.8	60.6	0	37	53	0	0	0
2372231	2577329477	1737	1	15	27	213118	96771	1	41.8	60.3	52.2	78.9	0	37	53	0	0	0
2372231	2577329491	1737	1	15	32	96771	109702	1	59	87	67.2	93.6	0	37	53	0	0	0
2372231	2577329509	1737	1	15	34	109702	96771	1	66.4	93.8	55.3	95.3	0	37	53	0	0	0
2372231	2577329527	1737	1	15	37	96771	178092	1	55.3	95.4	52.7	78.6	0	37	53	0	0	0
2372231	2577329557	1737	1	15	38	178092	213118	1	50.7	77.6	44.1	74.1	0	37	53	0	0	0
2372231	2577329569	1737	1	15	41	213118	178092	1	39	74.4	47	75.8	0	37	53	0	0	0
2372231	2577477205	1737	1	15	44	178092	109702	1	54.8	74.3	67.9	79	0	37	53	0	0	0
2372231	2577329599	1737	1	15	45	109702	96771	1	66.9	83.3	60.2	93.8	0	37	53	0	0	0
2372231	2577329607	1737	1	15	48	96771	178092	1	60.2	93.8	60.3	82.2	0	37	53	0	0	0
2372231	2577329625	1737	1	15	49	178092	96771	1	60.3	82.2	54.8	88.7	0	37	53	0	0	0
2372231	2577329651	1737	1	15	51	96771	213118	1	54.8	88.7	44.2	63.3	0	37	53	0	0	0
2372231	2577329661	1737	1	15	55	213118	0	0	53.2	58.2	77.4	58.8	0	37	53	0	0	0
2372231	2577329689	173	1	15	57	215792	0	1	21.4	40	35	37	0	38	54	0	3	0
2372231	2577329697	173	1	15	58	431644	442157	1	35	37	43.4	48.1	0	38	54	0	0	0
2372231	2577329707	173	1	15	59	442157	201178	1	43.4	48.1	42.5	32.2	0	38	54	0	0	0
2372231	2577329723	173	1	16	1	201178	431644	1	42.5	32.2	36.7	34	0	38	54	0	3	0
2372231	2577329747	173	1	16	2	431644	235227	1	36.7	34	44	6.4	0	38	54	0	0	0
2372231	2577329801	173	1	16	8	235227	201178	1	55.9	6.1	59.1	20.1	0	38	54	0	0	0
2372231	2577329829	173	1	16	11	201178	463001	1	55	13.4	40.8	13.7	0	38	54	0	0	0
2372231	2577329879	173	1	16	14	463001	215792	1	39.7	24.6	38.4	50.3	0	38	54	0	0	0
2372231	2577329967	173	1	16	18	215792	488040	1	42.1	52.2	48.9	82	0	38	54	0	0	0
2372231	2577330009	173	1	16	27	488040	201178	1	57.6	84.2	70.4	57.9	0	38	54	0	0	0
2372231	2577330019	173	1	16	29	201178	126119	1	73.6	62.7	73.5	81.5	0	38	54	0	0	0
2372231	2577330041	173	1	16	31	126119	434941	1	73.5	81.5	76	97.5	0	38	54	0	0	0
2372231	2577330049	173	1	16	33	434941	0	1	76	97.5	75.2	84.4	0	38	54	0	0	0
2372231	2577331519	173	1	16	39	437465	431644	1	62.9	75.6	65.4	56.6	0	38	55	0	0	0
2372231	2577330143	173	1	16	45	431644	201178	1	67.3	66	79.5	64.6	0	38	55	0	0	0
2372231	2577330161	173	1	16	46	201178	0	0	79.5	64.6	70.8	46	0	38	55	0	0	0
2372231	2577330195	1737	1	16	52	463163	109702	1	33.9	52.8	43.4	30.8	0	39	56	0	0	0
2372231	2577330211	1737	1	16	53	109702	111313	1	43.5	31.6	38.3	11.2	0	39	56	0	0	0
2372231	2577330247	1737	1	16	56	111313	0	0	45.9	5.2	88.5	20.5	0	39	56	0	0	0
2372231	2577330269	173	1	17	0	126119	176245	1	17.1	77.2	4.5	62.3	0	40	57	0	0	0
2372231	2577330291	173	1	17	1	176245	0	0	4.5	62.3	59.9	66.9	0	40	57	0	0	0
2372231	2577330307	1737	1	17	7	130025	463163	1	38.8	33.5	44.7	78.3	0	41	58	0	0	0
2372231	2577330329	1737	1	17	12	463163	213118	1	52.7	89.7	43.3	68.3	0	41	58	0	0	0
2372231	2577330341	1737	1	17	15	213118	130025	1	44.6	66.3	42.7	39.7	0	41	58	0	0	0
2372231	2577330355	1737	1	17	17	130025	96771	1	42.7	38.5	45.1	14.5	0	41	58	0	0	0
2372231	2577330381	1737	1	17	20	96771	109702	1	45.1	12.8	65.1	23.2	0	41	58	0	0	0
2372231	2577330399	1737	1	17	22	109702	111313	1	65.1	23.2	75.3	4.9	0	41	58	0	0	0
2372231	2577330411	1737	1	17	24	111313	126119	100	75.3	4.9	82	6.4	0	41	58	0	0	0
2372231	2577330859	1737	1	18	14	130025	0	0	84.1	0	95.5	43.6	0	41	59	0	0	0
2372231	2577330957	173	1	18	28	176245	463001	1	15.1	50	30.9	10	0	42	60	0	0	0
2372231	2577330997	173	1	18	32	463001	201178	1	36	7.4	59	22.1	0	42	60	0	0	0
2372231	2577331013	1737	1	18	35	178092	0	0	46.9	80.4	46.9	83.7	0	43	61	0	0	0
2372231	2577331061	173	1	18	39	463001	215792	1	39.7	23.9	34	44.8	0	44	62	0	0	0
2372231	2577331065	173	1	18	41	215792	488040	1	34.9	50.1	40.2	73.8	0	44	62	0	0	0
2372231	2577331085	173	1	18	43	488040	126119	1	43	75	60.9	96.5	0	44	62	0	0	0
2372231	2577331099	173	1	18	47	126119	431644	1	56.8	92.3	53.2	72	0	44	62	0	0	0
2372231	2577331113	173	1	18	49	431644	215792	1	53.2	72	39.2	60.2	0	44	62	0	0	0
2372231	2577331155	173	1	18	51	215792	176245	1	38.3	66.6	18.3	52.2	0	44	62	0	0	0
2372231	2577331189	173	1	19	0	176245	0	0	32.3	33.9	82.4	25.3	0	44	62	0	0	0
2372231	2577331211	1737	1	19	5	463163	167210	1	15.4	73.7	7.4	55.8	0	45	63	0	3	0
2372231	2577331301	1737	1	19	17	167210	130025	1	13.3	47.6	19.5	27.2	0	45	63	0	0	0
2372231	2577331335	1737	1	19	21	130025	167210	1	20.9	26	7.8	49.6	0	45	63	0	0	0
2372231	2577331361	1737	1	19	25	167210	130025	1	9.6	45.7	19.2	19.3	0	45	63	0	0	0
2372231	2577331367	1737	1	19	32	130025	178092	1	33.7	18.8	36.2	47	0	45	63	0	0	0
2372231	2577331385	1737	1	19	34	178092	213118	1	36.6	47.3	35.4	71.6	0	45	63	0	0	0
2372231	2577331441	1737	1	19	37	213118	178092	1	35.4	71.7	34.6	56.4	0	45	63	0	0	0
2372231	2577331469	1737	1	19	43	178092	213118	1	45	50	43	72.5	0	45	63	0	0	0
2372231	2577331481	1737	1	19	46	213118	130025	1	43.3	70.2	34.7	34	0	45	63	0	0	0
2372231	2577331495	1737	1	19	48	130025	96771	1	34.7	34	41.4	7.7	0	45	63	0	0	0
2372231	2577331515	1737	1	19	50	96771	130025	1	41.4	7.7	33.2	24.2	0	45	63	0	0	0
2372231	2577331551	1737	1	19	53	130025	167210	1	29.6	31.4	13.5	46.1	0	45	63	0	0	0
2372231	2577331557	1737	1	19	57	167210	0	0	14.4	49.4	37.5	35.3	0	45	63	0	0	0
2372231	2577331815	1737	1	20	23	178092	96771	1	55.2	28.3	48.4	16.1	0	45	64	0	0	5
2372231	2577331831	1737	1	20	28	96771	130025	1	47.6	14.6	33.7	32	0	45	64	0	0	0
2372231	2577331865	1737	1	20	30	130025	213118	1	36	32.2	35.4	69.9	0	45	64	0	0	0
2372231	2577331883	1737	1	20	34	213118	178092	1	36	67.7	39.4	48.4	0	45	64	0	0	0
2372231	2577331899	1737	1	20	35	178092	130025	1	38.8	47	30.2	20.9	0	45	64	0	0	0
2372231	2577331901	1737	1	20	38	130025	0	0	30.2	20.9	54.7	14.8	0	45	64	0	0	0
2372231	2577331931	173	1	20	39	126119	0	0	40.7	87.7	76	78.5	0	46	65	0	0	0
2372231	2577331983	1737	1	20	46	130025	213118	1	23.3	17.6	25.2	64.8	0	47	66	0	0	0
2372231	2577332001	1737	1	20	51	213118	178092	1	28.7	65.9	36.7	55.8	0	47	66	0	0	0
2372231	2577332013	1737	1	20	55	178092	463163	1	45.5	59.6	59.6	75.5	0	47	66	0	0	0
2372231	2577332035	1737	1	20	58	463163	111133	1	63.8	82.5	74.8	96.2	0	47	66	0	0	0
2372231	2577332051	1737	1	21	2	111133	0	0	76	94.4	87.1	62.4	0	47	66	2	0	0
2372231	2577332123	1737	1	21	7	96771	178092	1	70.2	39.5	62.9	57.5	0	49	68	0	0	0
2372231	2577332171	1737	1	21	10	178092	130025	1	62.5	63.2	31.7	36.8	0	49	68	0	0	0
2372231	2577332183	1737	1	21	15	130025	167210	1	31	36.7	15	50.4	0	49	68	0	0	0
2372231	2577332213	1737	1	21	16	167210	130025	1	13.9	49.4	14.7	13.1	0	49	68	0	0	0
2372231	2577332245	1737	1	21	23	130025	0	0	22.1	8.6	79.4	16.3	0	49	68	0	0	0
2372231	2577332511	1737	1	22	4	130025	109702	1	87.4	0	89	41.2	0	49	69	0	0	0
2372231	2577332543	173	1	22	8	434941	201178	1	14.9	63.4	39.1	30.7	0	50	70	0	0	0
2372231	2577332557	173	1	22	13	201178	0	0	39.7	28.8	64.1	21.8	0	50	70	0	0	0
2372231	2577332763	1737	1	22	43	463163	109702	1	34.7	100	55.1	78.9	0	51	71	0	0	0
2372231	2577332769	1737	1	22	44	109702	96771	1	55.6	78.3	54.5	66.9	0	51	71	0	0	0
2372231	2577332779	1737	1	22	46	96771	111313	1	54.5	66.9	55.4	34.7	0	51	71	0	0	0
2372231	2577332793	1737	1	22	50	111313	179926	1	55.8	32.8	61.7	5.5	0	51	71	0	0	0
2372231	2577332837	1737	1	22	57	179926	0	0	81.8	8	81.9	47.9	0	51	71	2	0	0
2372231	2577332853	173	1	22	58	437465	0	0	19.2	52.5	27.4	77	0	52	72	0	0	0
2372231	2577333127	1737	1	23	54	463163	0	0	67.1	20.8	96.9	56.6	0	53	73	2	0	5
2372231	2577333171	173	1	23	59	176245	0	0	14.5	27.4	54	3.2	0	54	74	0	0	0
2372231	2577333221	1737	1	24	3	96771	167210	1	43.3	94.7	10	59.6	0	55	75	0	0	0
2372231	2577333229	1737	1	24	8	167210	0	0	10	57	42.9	63.6	0	55	75	0	0	0
2372231	2577333261	173	1	24	14	437465	235227	1	66	26.2	65.9	9.7	0	56	76	0	0	0
2372231	2577333271	173	1	24	15	235227	437465	1	65.9	9.7	60.8	23.3	0	56	76	0	0	0
2372231	2577333279	173	1	24	17	437465	431644	1	60.6	24.7	65.6	36.7	0	56	76	0	0	0
2372231	2577333309	173	1	24	18	431644	235227	1	65.1	36.3	66	4.1	0	56	76	0	0	0
2372231	2577333311	173	1	24	23	235227	431644	1	66	4.1	66	24.9	0	56	76	0	0	0
2372231	2577333351	173	1	24	24	431644	235227	1	66	24.9	86.6	2.9	0	56	76	0	0	0
2372231	2577333437	1737	1	24	47	463163	213118	1	10.6	100	7.7	88.7	0	57	77	0	0	0
2372231	2577333441	1737	1	24	48	213118	96771	1	7.7	88.5	24.1	83	0	57	77	0	0	0
2372231	2577333479	1737	1	24	49	96771	167210	1	24.1	83	3.9	56.1	0	57	77	0	3	0
2372231	2577333501	1737	1	24	58	167210	130025	1	7.6	47.6	19.7	30.4	0	57	77	0	0	0
2372231	2577333515	1737	1	25	1	130025	109702	1	22.9	27.4	45.6	32.9	0	57	77	0	0	0
2372231	2577333527	1737	1	25	2	109702	111313	1	45.6	32.9	53.3	6.8	0	57	77	0	0	0
2372231	2577333535	1737	1	25	5	111313	0	0	53.3	6.8	82.8	11.5	0	57	77	0	0	0
2372231	2577333541	173	1	25	8	126119	0	0	17.8	93.9	23.3	101.4	0	0	0	0	3	0
2372231	2577333683	1737	1	25	37	130025	0	0	81.2	0	90.6	31.6	0	57	78	0	0	0
2372231	2577333797	173	1	25	56	176245	215792	1	15.6	49.4	18.5	51.5	0	58	79	0	0	0
2372231	2577333829	173	1	25	58	215792	488040	1	20.5	55.2	26	84.8	0	58	79	0	0	0
2372231	2577333851	173	1	26	4	488040	431644	1	30.9	82.4	33.7	56.7	0	58	79	0	0	0
2372231	2577333867	173	1	26	10	431644	437465	1	52.2	44.2	53.5	9.2	0	58	79	0	0	0
2372231	2577333877	173	1	26	14	437465	431644	1	53	12.5	52.6	28.8	0	58	79	0	0	0
2372231	2577333885	173	1	26	18	431644	437465	1	48.5	32.5	53.2	9.5	0	58	79	0	0	0
2372231	2577333901	173	1	26	20	437465	0	0	53.5	6.2	81	5.3	0	58	79	0	0	0
2372231	2577333911	1737	1	26	23	463163	0	0	21.2	92.1	28.6	87.5	0	0	0	0	3	0
2372231	2577333927	173	1	26	25	201178	235227	1	81.1	9.4	82.4	2.8	0	58	80	0	0	0
2372231	2577333939	173	1	26	28	235227	201178	1	82.4	3.5	94.4	9.7	0	58	80	0	0	0
2372231	2577333943	173	1	26	32	201178	437465	1	86.7	3.5	69.5	10.6	0	58	80	0	0	0
2372231	2577333947	173	1	26	33	437465	109702	100	69.5	10.6	72.5	20.7	0	58	80	0	0	0
2372231	2577333967	1737	1	26	36	109702	111133	1	26	83.7	33.4	88.5	0	59	81	0	0	0
2372231	2577333973	1737	1	26	37	111133	442838	1	33.4	88.5	35.6	69.6	0	59	81	0	0	0
2372231	2577334003	1737	1	26	39	442838	96771	1	35.6	69.6	37.4	53	0	59	81	0	0	0
2372231	2577334019	1737	1	26	44	96771	437465	100	55.3	34	61	27.1	0	59	81	0	0	0
2372231	2577334023	1737	1	26	47	111313	0	0	64.2	33.2	71.1	72.9	0	59	82	0	0	0
2372231	2577334073	173	1	26	51	235227	431644	1	32.4	23.6	33.2	30.7	0	60	83	0	0	0
2372231	2577334077	173	1	26	58	431644	0	0	46.5	40.3	42.5	33.4	0	60	83	0	0	0
2372231	2577334149	173	1	27	12	431644	215792	1	7.4	85.7	10.7	79.6	0	62	85	0	0	0
2372231	2577334157	173	1	27	13	215792	442157	1	10.7	79.7	47.4	71.7	0	62	85	0	0	0
2372231	2577334363	173	1	27	15	442157	0	0	36.4	84.2	55.6	76.4	0	62	85	0	3	0
2372231	2577334181	1737	1	27	20	130025	178092	1	40	27.8	51.4	42.7	0	63	86	0	0	0
2372231	2577334187	1737	1	27	22	178092	463163	1	51.4	42.7	55.7	70.4	0	63	86	0	0	0
2372231	2577334225	1737	1	27	31	463163	109702	1	77.9	77.1	71.5	81.8	0	63	86	0	0	0
2372231	2577334413	1737	1	28	21	111133	463163	1	99.5	99.5	69.8	85.7	0	63	87	0	0	6
2372231	2577334579	173	1	28	57	176245	0	0	4.8	49	60.5	17.9	0	64	88	0	0	0
2372231	2577334595	1737	1	29	0	463163	96771	1	35	86.7	55.9	76.8	0	0	0	0	3	0
2372231	2577334603	1737	1	29	1	96771	463001	100	55.8	76.8	64.8	81.8	0	0	0	0	3	0
2372231	2577334647	1737	1	29	4	96771	463163	1	59.3	84.8	63.6	93.6	0	65	89	0	0	0
2372231	2577334669	1737	1	29	12	463163	0	0	88.5	96.5	94.7	48.2	0	65	89	2	0	0
2372231	2577334881	1737	1	29	45	130025	0	0	91.2	0	91.3	43.6	0	65	90	0	0	0
2372231	2577336375	173	1	32	40	176245	0	0	5.3	48.4	52.5	90.2	0	66	92	0	0	0
2372231	2577336395	1737	1	32	43	111313	0	0	45.7	7	54.2	-0.8	0	0	0	0	3	0
2372231	2577336561	173	1	32	58	126119	0	1	59.8	100	72	92	0	66	93	0	0	0
2372231	2577337233	173	1	34	7	126119	215792	1	71.2	93.2	87	48.5	0	66	94	2	0	5
2372231	2577337471	1737	1	34	35	167210	0	0	4	42.2	65.7	51.9	0	67	95	0	0	0
2372231	2577337519	173	1	34	39	215792	0	1	33.8	48.5	38.8	58.5	0	68	96	0	3	0
2372231	2577337533	173	1	34	41	431644	201178	1	38.8	58.5	66.5	68.7	0	68	96	0	0	0
2372231	2577337553	173	1	34	47	201178	0	0	76.1	72.7	80.7	73.8	0	68	96	0	0	0
2372231	2577337749	173	1	35	3	126119	0	1	80.5	100	84	89.1	0	68	97	0	0	0
2372231	2577337775	173	1	35	5	434941	126119	1	83.5	91.1	85.7	95.6	0	68	97	0	0	0
2372231	2577337803	173	1	35	7	126119	434941	1	88.2	95.4	88	84.7	0	68	97	0	0	0
2372231	2577337821	173	1	35	8	434941	0	0	91.9	85.1	91.5	58.4	0	68	97	2	0	0
2372231	2577338273	1737	1	35	45	167210	0	0	24.7	35.3	75.9	32	0	69	98	0	0	5
2372231	2577338307	173	1	35	47	215792	488040	1	27.9	64.3	13.4	69	0	0	0	0	3	0
2372231	2577338331	173	1	35	49	488040	176245	1	13.4	69	5.4	56.6	0	70	99	0	3	0
2372231	2577338411	173	1	35	53	176245	463001	1	9.6	48.2	20.6	25.5	0	70	99	0	0	0
2372231	2577338477	173	1	35	59	463001	431644	1	27.6	21.6	34.6	47.9	0	70	99	0	0	0
2372231	2577338507	173	1	36	7	431644	0	0	64.9	51.5	75.8	22.2	0	70	99	0	0	0
2372231	2577338609	173	1	36	16	437465	201178	1	64.1	7.1	69.9	22.4	0	70	100	0	0	0
2372231	2577338639	173	1	36	19	201178	0	1	57	25	45.9	48.5	0	70	100	0	0	0
2372231	2577338717	173	1	36	23	215792	488040	1	48.9	44.5	55.1	76	0	70	100	0	0	0
2372231	2577338745	173	1	36	27	488040	126119	1	65.7	79.1	78.1	96.3	0	70	100	0	0	0
2372231	2577338793	173	1	36	30	126119	0	1	71.5	92.3	66.5	73.6	0	70	100	0	0	0
2372231	2577339305	173	1	37	12	126119	0	0	65.5	75.4	88.4	41	0	70	101	0	0	5
2372231	2577339349	1737	1	37	20	111133	235227	100	32	90.6	41.5	66.6	0	71	102	0	0	0
2372231	2577339411	173	1	37	25	463001	215792	1	55.1	28.8	45.6	16.1	0	72	103	0	0	0
2372231	2577339481	173	1	37	26	215792	0	1	45.6	16.1	64.3	3.7	0	72	103	0	0	0
2372231	2577339691	173	1	37	44	434941	201178	1	65.4	11	97.5	18	0	72	104	0	0	5
2372231	2577339701	173	1	37	47	201178	0	0	97.5	18	95.3	37.1	0	72	104	2	0	0
2372231	2577339753	173	1	37	50	201178	434941	1	94.6	14.4	84.1	13.5	0	72	105	0	0	0
2372231	2577340241	1737	1	38	38	167210	0	0	13.6	91.1	70	84.6	0	73	106	0	0	5
2372231	2577341025	173	1	38	42	463001	0	1	27.3	18.2	38.4	7	0	74	107	0	3	0
2372231	2577341227	173	1	38	43	235227	111133	100	28.9	7.7	32.8	7.3	0	74	107	0	0	0
2372231	2577341817	173	1	38	45	201178	0	0	39.9	12	40.8	15.3	0	74	108	0	0	0
2372231	2577477117	1737	1	38	47	179926	0	0	58.4	68.6	43.2	70.3	0	75	109	0	0	0
2372231	2577340353	1737	1	38	49	213118	0	1	40.1	69.6	53	69.2	0	75	110	0	3	0
2372231	2577340369	1737	1	38	51	96771	111313	1	52.7	68.9	43.4	31.6	0	75	110	0	0	0
2372231	2577340383	1737	1	38	54	111313	130025	1	43.4	31.6	30.8	41.9	0	75	110	0	0	0
2372231	2577340409	1737	1	38	55	130025	178092	1	29.4	38.2	40.2	39.4	0	75	110	0	0	0
2372231	2577340417	1737	1	38	56	178092	0	1	40.2	39.4	35.2	25.4	0	75	110	0	0	0
2372231	2577340479	1737	1	39	2	111313	213118	1	38.6	26.8	33.7	56.9	0	75	110	0	0	0
2372231	2577340507	1737	1	39	3	213118	130025	1	30.9	59.1	23.2	35.9	0	75	110	0	0	0
2372231	2577340527	1737	1	39	6	130025	178092	1	23.2	35.9	25.7	10	0	75	110	0	0	0
2372231	2577340563	1737	1	39	8	178092	109702	1	26	8.6	53.9	18.4	0	75	110	0	0	0
2372231	2577340575	1737	1	39	10	109702	126119	100	53.9	18.4	54.8	8.6	0	75	110	0	0	0
2372231	2577340621	173	1	39	12	488040	126119	1	46.7	80.8	60.2	95.1	0	76	111	0	0	0
2372231	2577340637	173	1	39	15	126119	0	0	65.3	94.4	73.3	56.1	0	76	111	0	0	0
2372231	2577340653	1737	1	39	16	213118	0	0	24.9	53.6	35.5	73.7	0	0	0	0	3	0
2372231	2577340691	173	1	39	20	235227	437465	1	65.2	26.8	62.5	49	0	76	112	0	0	0
2372231	2577340725	173	1	39	22	437465	0	1	62.4	49	66.1	59	0	76	112	0	0	0
2372231	2577340777	173	1	39	24	431644	437465	1	66.1	59.1	58.7	59.3	0	76	112	0	0	0
2372231	2577340815	173	1	39	26	437465	126119	1	60.8	59	80	95.3	0	76	112	0	0	0
2372231	2577340845	173	1	39	29	126119	434941	1	78.5	93.2	79.3	84.2	0	76	112	0	0	0
2372231	2577341291	1737	1	40	7	167210	442838	1	3.6	56.1	61.5	86	0	77	113	0	0	0
2372231	2577341435	173	1	40	27	235227	431644	1	37.5	0	35.6	10.3	0	78	114	0	0	0
2372231	2577341469	173	1	40	28	431644	434941	1	35.6	10.3	55.4	34	0	78	114	0	0	0
2372231	2577341513	173	1	40	31	434941	201178	1	56.5	33.9	66.3	29.4	0	78	114	0	3	0
2372231	2577341579	173	1	40	36	201178	126119	1	76.4	60.9	89.2	73.6	0	78	114	0	0	0
2372231	2577341587	173	1	40	38	126119	0	0	88.6	75.6	96.4	51.3	0	78	114	2	0	0
2372231	2577342473	173	1	41	58	434941	431644	1	99.6	0.5	85	30.1	0	78	115	0	0	6
2372231	2577342479	173	1	42	0	431644	434941	1	85.1	31.8	93.1	20.7	0	78	115	0	0	0
2372231	2577342863	1737	1	42	32	167210	442838	1	7.5	42.5	69.2	40.6	0	79	116	0	0	5
2372231	2577342867	1737	1	42	34	442838	0	0	67.1	40.4	73	43.4	0	79	116	0	3	0
2372231	2577342903	173	1	42	35	215792	201178	1	31.5	62.1	42.2	51.9	0	0	0	0	3	0
2372231	2577342933	173	1	42	37	201178	0	0	42.2	51.9	47	78.4	0	0	0	0	3	0
2372231	2577342943	1737	1	42	39	111313	0	0	55.1	27.4	70.4	33.7	0	79	0	0	3	0
2372231	2577342977	173	1	42	41	488040	0	0	38.7	73.3	60	73.8	0	0	0	0	3	0
2372231	2577343025	1737	1	42	43	130025	442838	1	36	23.6	60.7	23.2	0	79	117	0	0	0
2372231	2577343049	1737	1	42	45	442838	179926	1	62.2	22.9	58.9	12.2	0	79	117	0	0	0
2372231	2577343069	1737	1	42	47	179926	0	0	58.8	10.9	70.9	18.7	0	79	117	0	0	0
2372231	2577343137	173	1	42	50	488040	0	1	35.6	73.8	38.2	57.3	0	80	118	0	0	0
2372231	2577343321	173	1	43	5	215792	437465	1	37.2	54.8	47.9	43	0	80	119	0	0	5
2372231	2577343351	173	1	43	7	437465	488040	1	47.9	43	46.6	83.3	0	80	119	0	0	0
2372231	2577343363	173	1	43	10	488040	126119	1	46.6	83.3	60.3	94.5	0	80	119	0	0	0
2372231	2577343383	173	1	43	13	126119	431644	1	60.3	94.5	58	76.3	0	80	119	0	0	0
2372231	2577343469	173	1	43	18	431644	235227	1	67.2	47.6	78.7	4.3	0	80	119	0	0	0
2372231	2577343503	173	1	43	23	235227	437465	1	74.7	9.1	66.1	19.8	0	80	119	0	0	0
2372231	2577343535	173	1	43	25	437465	201178	1	66.1	19.8	90.3	8.3	0	80	119	0	0	0
2372231	2577343575	173	1	43	28	201178	235227	1	90.3	8.3	81.3	6.1	0	80	119	0	0	0
2372231	2577343621	173	1	43	31	235227	201178	1	80.5	6.4	86.8	4.4	0	80	119	0	0	0
2372231	2577343651	173	1	43	35	201178	437465	1	80.1	13.5	72.9	35.4	0	80	119	0	0	0
2372231	2577343655	173	1	43	37	437465	431644	1	72.9	35.4	79.8	33.4	0	80	119	0	0	0
2372231	2577343659	173	1	43	37	431644	437465	1	79.8	33.4	77.3	46.3	0	80	119	0	0	0
2372231	2577343667	173	1	43	39	437465	0	0	77.3	46.3	80.4	46	0	80	119	0	0	0
2372231	2577343757	1737	1	43	44	109702	0	0	40.9	36.1	53.4	34.9	0	0	0	0	3	0
2372231	2577344119	173	1	44	18	488040	431644	1	39.5	88.1	43.7	51.9	0	80	121	0	0	5
2372231	2577344173	173	1	44	22	431644	201178	1	47.5	44	67.1	36.6	0	80	121	0	0	0
2372231	2577344207	173	1	44	26	201178	434941	1	71.5	59.7	73.5	87.8	0	80	121	0	0	0
2372231	2577344227	173	1	44	29	434941	0	0	74.6	88.1	87.1	54	0	80	121	2	0	0
2372231	2577344305	173	1	44	35	434941	0	0	89.4	89.9	91.5	79.1	0	82	123	2	0	0
2372231	2577344469	1737	1	44	46	96771	0	1	35.4	9.5	51.8	40.9	0	83	124	0	0	0
2372231	2577345373	1737	1	46	20	96771	178092	1	55.3	49.4	59.1	40	0	83	125	0	0	5
2372231	2577345387	1737	1	46	21	178092	96771	1	59.3	38.6	55	48.4	0	83	125	0	0	0
2372231	2577345421	1737	1	46	23	96771	213118	1	52.1	47	52.4	72	0	83	125	0	0	0
2372231	2577345443	1737	1	46	26	213118	96771	1	53.9	70.1	52	57	0	83	125	0	0	0
2372231	2577345469	1737	1	46	28	96771	130025	1	52.4	55.1	55.1	29.3	0	83	125	0	0	0
2372231	2577345497	1737	1	46	31	130025	179926	1	54.9	29.6	66.3	5.2	0	83	125	0	0	0
2372231	2577345505	1737	1	46	34	179926	109702	1	68	5.6	80.5	41.9	0	83	125	2	0	0
2372231	2577345535	173	1	46	37	463001	431644	1	20.3	52.4	30.8	67.8	0	84	126	0	0	0
2372231	2577345549	173	1	46	39	431644	0	0	30.3	64.9	47.8	50	0	84	126	0	0	0
2372231	2577345593	1737	1	46	43	96771	463163	1	58.9	59.9	60.7	72.6	0	85	127	0	0	0
2372231	2577345609	1737	1	46	46	463163	96771	1	60.7	72.6	55.6	67.1	0	85	127	0	0	0
2372231	2577345663	1737	1	46	48	96771	178092	1	55	65.6	54.9	49	0	85	127	0	0	0
2372231	2577345705	1737	1	46	51	178092	96771	1	64.2	49.6	59.7	67.7	0	85	127	0	0	0
2372231	2577345745	1737	1	46	53	96771	109702	1	59.7	67.8	69.5	81.8	0	85	127	0	0	0
2372231	2577345767	1737	1	46	56	109702	96771	1	67.6	82.8	60.5	71.1	0	85	127	0	0	0
2372231	2577345811	1737	1	46	59	96771	178092	1	58.7	68.9	58.1	60	0	85	127	0	0	0
2372231	2577346155	173	1	47	34	176245	0	0	24.7	63.7	73	71.1	0	86	128	0	0	5
2372231	2577346171	1737	1	47	37	178092	0	0	22.7	34.1	31.9	36.7	0	0	0	0	3	0
2372231	2577346185	173	1	47	39	437465	178092	100	69.5	70.9	75.6	73.5	0	86	0	0	3	0
2372231	2577346455	173	1	47	41	442157	0	0	78.7	82	79.5	86.3	0	86	129	0	0	0
2372231	2577346227	173	1	47	42	126119	434941	1	71	89.4	83.4	94.2	0	86	130	0	0	0
2372231	2577346235	173	1	47	44	434941	0	0	85.1	94.2	81.5	76.4	0	86	130	0	0	0
2372231	2577346269	1737	1	47	47	130025	0	0	21.5	18.1	78.9	-1.7	0	87	131	0	0	0
2372231	2577346423	173	1	48	5	488040	437465	1	32.1	100	34.6	89.3	0	88	132	0	0	0
2372231	2577346459	1737	1	48	8	111133	109702	1	69.2	9.4	74.2	13.9	0	89	133	0	0	0
2372231	2577346503	1737	1	48	10	109702	111133	1	74.3	13.9	90.7	11.8	0	89	133	0	0	0
2372231	2577346529	1737	1	48	14	111133	109702	1	93	27.5	87.5	32.6	0	89	133	0	0	0
2372231	2577346963	1737	1	48	53	111133	96771	1	99.5	0.8	92.5	33.7	0	89	134	2	0	6
2372231	2577347323	1737	1	49	32	96771	463163	1	61.8	34.9	65.7	54	0	89	135	0	0	5
2372231	2577347337	1737	1	49	34	463163	111133	1	65.7	54	63.2	65.6	0	89	135	0	0	0
2372231	2577347357	1737	1	49	36	111133	0	0	63.2	64.8	88.1	33.4	0	89	135	0	0	0
2372231	2577347425	173	1	49	40	442157	0	0	21.5	62.1	70.5	89.1	0	90	136	0	0	0
2372231	2577347505	1737	1	49	50	96771	0	0	29.4	8.5	93.4	51.9	0	91	137	0	0	0
2372231	2577347649	173	1	50	4	176245	442157	1	26.3	43.4	68.4	45.2	0	92	138	0	0	0
2372231	2577347661	173	1	50	8	442157	0	0	68.4	45.2	73.3	52.1	0	92	138	0	0	0
2372231	2577347693	1737	1	50	9	96771	167210	1	25.9	38.9	5.4	41.9	0	93	139	0	0	0
2372231	2577347721	1737	1	50	12	167210	0	0	5.6	41.9	27.6	-1.7	0	93	139	0	0	0
2372231	2577348039	173	1	50	45	126119	215792	1	71.9	100	66	69.3	0	94	140	0	0	0
2372231	2577348079	173	1	50	50	215792	235227	1	66.8	53.6	70.9	26.8	0	94	140	0	0	0
2372231	2577348121	173	1	50	51	235227	431644	1	70.9	26.8	71.1	45.8	0	94	140	0	0	0
2372231	2577357179	173	2	45	0	442157	437465	1	49.8	50	35.7	51	0	95	141	0	0	0
2372231	2577357219	173	2	45	2	437465	463001	1	35.2	50.7	26.2	21.6	0	95	141	0	0	0
2372231	2577357249	173	2	45	7	463001	0	0	29.6	20.6	93	47.5	0	95	141	0	0	0
2372231	2577357405	1737	2	45	26	167210	179926	1	16.6	33.1	67.5	16.1	0	96	142	0	0	0
2372231	2577357425	1737	2	45	29	179926	0	0	64.6	17.5	62.6	24.4	0	96	142	0	3	0
2372231	2577357453	173	2	45	33	126119	0	0	40.5	84.5	60.1	82.9	0	97	143	0	0	0
2372231	2577357479	1737	2	45	36	130025	178092	1	29	24.5	38.5	24.1	0	98	144	0	0	0
2372231	2577357489	1737	2	45	36	178092	442838	1	38.5	24.1	55	25.1	0	98	144	0	3	0
2372231	2577357531	173	2	45	42	431644	442157	1	44.5	90.2	58.7	80.8	0	99	145	0	0	0
2372231	2577357571	173	2	45	45	442157	0	1	56.6	76	56.5	70.8	0	99	145	0	0	0
2372231	2577357581	1737	2	45	48	111313	213118	1	31.9	26.9	28.5	41.9	0	100	146	0	0	0
2372231	2577357587	1737	2	45	50	213118	0	0	28.5	41.9	47	39.2	0	100	146	0	0	0
2372231	2577357599	173	2	45	51	215792	0	0	55.2	64.6	66	59.6	0	0	0	0	3	0
2372231	2577357623	1737	2	45	52	111133	488040	100	41.1	44.5	48.1	29.6	0	100	147	0	0	0
2372231	2577357651	173	2	45	56	488040	0	1	53.2	79.6	59.9	83.6	0	101	148	0	0	0
2372231	2577358043	173	2	46	37	431644	235227	1	64.9	86	61.9	64.8	0	101	149	0	0	5
2372231	2577358095	173	2	46	39	235227	488040	1	61.9	64.8	87.4	30	0	101	149	0	0	0
2372231	2577358103	173	2	46	42	488040	437465	1	86.9	26.6	80.5	39.8	0	101	149	0	3	0
2372231	2577358419	1737	2	47	20	167210	442838	1	23.5	44	70.7	69.5	0	102	150	0	0	5
2372231	2577358473	1737	2	47	24	442838	0	0	70.7	69.5	80.8	61.8	0	102	150	0	3	0
2372231	2577359437	173	2	49	14	176245	463001	1	4.9	44.2	5.4	29.1	0	103	152	0	0	0
2372231	2577359471	173	2	49	16	463001	0	0	5.4	29.1	51	49.4	0	103	152	0	0	0
2372231	2577359493	1737	2	49	18	130025	0	1	55.6	50.4	69.4	35.9	0	104	153	0	3	0
2372231	2577359833	173	2	49	49	176245	0	0	5	43.9	60.7	43.9	0	105	154	0	0	0
2372231	2577359867	1737	2	49	52	178092	0	1	37.7	57.2	52.9	70.1	0	106	155	0	3	0
2372231	2577359881	1737	2	49	53	111133	96771	1	55	70.8	46.6	70.2	0	106	155	0	0	0
2372231	2577359891	1737	2	49	56	96771	178092	1	46.6	70.2	44.6	66.3	0	106	155	0	0	0
2372231	2577359893	1737	2	49	57	178092	235227	100	44.4	66	44.7	70.7	0	106	155	0	0	0
2372231	2577360471	1737	2	50	45	167210	0	0	25.7	48.4	69	60.8	0	108	158	0	0	5
2372231	2577360485	173	2	50	48	215792	0	0	29.4	35.2	41.2	28.5	0	0	0	0	3	0
2372231	2577360495	1737	2	50	49	178092	0	0	64.3	66.8	75	75.5	0	0	0	0	3	0
2372231	2577360539	173	2	50	52	235227	0	0	30.1	21.5	52.3	34	0	109	159	0	0	0
2372231	2577360553	1737	2	50	54	213118	0	0	41.6	64.1	71.3	29.9	0	0	0	0	3	0
2372231	2577360599	173	2	50	57	126119	201178	1	27.7	70.3	51.9	75.9	0	109	160	0	0	0
2372231	2577360609	173	2	50	59	201178	0	0	51.9	75.9	61.6	69	0	109	160	0	3	0
2372231	2577360621	1737	2	51	0	130025	0	0	37.3	34	55	44.3	0	110	161	0	0	0
2372231	2577360633	173	2	51	1	437465	0	0	47.2	53.3	68.8	63.7	0	111	162	0	0	0
2372231	2577360667	1737	2	51	3	130025	0	1	35.1	32.5	39.9	15.7	0	112	163	0	3	0
2372231	2577360719	1737	2	51	7	111313	179926	1	41.8	13.4	56.5	4.7	0	112	163	0	0	0
2372231	2577360733	1737	2	51	9	179926	178092	1	56.5	4.7	45.3	19.1	0	112	163	0	0	0
2372231	2577360749	1737	2	51	10	178092	111313	1	45.3	19.1	39.3	5.2	0	112	163	0	0	0
2372231	2577360791	1737	2	51	12	111313	167210	1	39.3	5.2	11.9	33.5	0	112	163	0	0	0
2372231	2577360835	1737	2	51	15	167210	0	0	11.9	33.5	66.6	50	0	112	163	0	0	0
2372231	2577360903	173	2	51	19	215792	235227	1	38.2	55.7	40.6	39	0	113	164	0	3	0
2372231	2577360921	173	2	51	20	235227	0	0	40.9	40	40.7	102	0	113	164	0	0	0
2372231	2577361187	1737	2	51	43	111313	442838	1	56.6	0	63.6	5.2	0	114	165	0	0	0
2372231	2577361239	1737	2	51	46	111313	0	0	59	5.6	81.2	7.5	0	114	166	0	0	0
2372231	2577361841	1737	2	52	35	111133	109702	1	77.9	10	92.9	43.6	0	114	167	2	0	5
2372231	2577362203	173	2	53	10	176245	0	0	5.1	46	57.8	41.8	0	115	168	0	0	0
2372231	2577362225	1737	2	53	13	178092	0	1	37.4	57	45.2	48.5	0	116	169	0	3	0
2372231	2577362241	1737	2	53	15	179926	0	0	45.2	48.5	62.6	75.3	0	116	169	0	0	0
2372231	2577362251	173	2	53	17	463001	0	1	42	25.9	44.7	7.1	0	117	170	0	3	0
2372231	2577362281	173	2	53	19	434941	0	0	44.6	7.1	27.8	-0.7	0	117	170	0	0	0
2372231	2577362339	1737	2	53	26	111133	96771	1	74.3	100	65.4	84.9	0	118	171	0	0	0
2372231	2577362353	1737	2	53	27	96771	463163	1	65.6	84.9	65.6	93.3	0	118	171	0	0	0
2372231	2577362393	1737	2	53	30	463163	213118	1	60.8	93	41.7	87.8	0	118	171	0	0	0
2372231	2577362433	1737	2	53	34	213118	0	0	43.2	86.7	78.9	85.7	0	118	171	0	0	0
2372231	2577362451	173	2	53	36	463001	0	0	13.9	12.9	21.8	6.1	0	0	0	0	3	0
2372231	2577362617	173	2	53	47	235227	431644	1	23.9	0	24.5	13.5	0	119	173	0	0	0
2372231	2577362693	173	2	53	48	431644	0	0	24.5	13.5	58.6	16.7	0	119	173	0	0	0
2372231	2577363005	173	2	54	18	437465	431644	1	58.7	18.9	60.2	34	0	119	174	0	0	5
2372231	2577363011	173	2	54	19	431644	437465	1	60.2	34	55.3	17.1	0	119	174	0	0	0
2372231	2577363029	173	2	54	21	437465	463001	1	55.3	17.1	44.1	17.4	0	119	174	0	0	0
2372231	2577363069	173	2	54	23	463001	176245	1	44.1	17.7	23.2	40.1	0	119	174	0	0	0
2372231	2577363119	173	2	54	27	176245	0	0	24.2	34	86.7	36.6	0	119	174	0	0	0
2372231	2577363211	1737	2	54	38	167210	130025	1	11.2	62.1	22.1	28.1	0	120	175	0	0	0
2372231	2577363227	1737	2	54	39	130025	111313	1	22.1	28	37	6.5	0	120	175	0	0	0
2372231	2577363237	1737	2	54	43	111313	130025	1	37.3	6.5	26.7	22.7	0	120	175	0	0	0
2372231	2577363285	1737	2	54	44	130025	167210	1	26.7	22.7	9.5	48.1	0	120	175	0	0	0
2372231	2577363307	1737	2	54	47	167210	0	0	8.6	47	59.4	61.5	0	120	175	0	0	0
2372231	2577363333	173	2	54	49	215792	213118	100	43.3	34.6	58.4	30.7	0	0	0	0	3	0
2372231	2577363437	1737	2	54	57	111133	178092	1	40.4	86.7	39	68.7	0	120	176	0	0	0
2372231	2577363475	1737	2	55	0	178092	179926	1	39	68.7	52.6	45.7	0	120	176	0	0	0
2372231	2577363523	1737	2	55	1	179926	111313	1	52.6	45.7	38.8	2.3	0	120	176	0	0	0
2372231	2577363651	173	2	55	20	126119	201178	1	66.1	100	67.4	94.8	0	121	177	0	0	0
2372231	2577363663	173	2	55	21	201178	126119	1	67.4	94.8	67.7	97.7	0	121	177	0	0	0
2372231	2577363689	173	2	55	21	126119	201178	1	67.7	97.7	61.9	94.8	0	121	177	0	0	0
2372231	2577363747	173	2	55	24	201178	215792	1	57.1	98.1	52.7	67.8	0	121	177	0	0	0
2372231	2577363765	173	2	55	27	215792	235227	1	56.2	50.6	67.2	7.1	0	121	177	0	0	0
2372231	2577363815	173	2	55	32	235227	434941	1	71.5	11.1	80.4	4.9	0	121	177	0	0	0
2372231	2577363827	173	2	55	36	434941	0	0	80.2	10.9	82.9	22.4	0	121	177	2	0	0
2372231	2577363883	173	2	55	41	488040	126119	1	72.6	63.1	82.2	85.6	0	121	178	0	0	0
2372231	2577363907	173	2	55	44	126119	0	0	87.3	83.9	91.7	50.3	0	121	178	2	0	0
2372231	2577363935	173	2	55	46	126119	0	0	79.4	83.2	86.1	58.1	0	0	0	0	3	0
2372231	2577363965	1737	2	55	49	111313	109702	1	14.1	28.1	36.2	24.7	0	122	179	0	0	0
2372231	2577364003	1737	2	55	50	109702	179926	1	36.2	24.7	30.5	5.8	0	122	179	0	0	0
2372231	2577364023	1737	2	55	56	179926	0	0	42.7	4.7	78.1	19.7	0	122	179	0	0	0
2372231	2577364509	1737	2	56	54	111313	0	1	69.8	0	87.9	18.4	0	124	181	0	0	0
2372231	2577364583	173	2	57	1	126119	0	0	5.1	96.3	49.2	101.3	0	125	182	0	0	0
2372231	2577364729	1737	2	57	19	111313	0	0	59.6	0	73.9	4.9	0	126	183	0	0	0
2372231	2577364983	173	2	57	49	176245	0	0	27.8	92.9	69.9	74.7	0	127	184	0	0	5
2372231	2577364995	1737	2	57	53	130025	0	0	21.8	19.6	42.9	13.2	0	128	185	0	0	0
2372231	2577365205	1737	2	58	19	111313	178092	1	36	0	34.2	6.4	0	128	186	0	0	0
2372231	2577365231	1737	2	58	20	178092	0	0	34.3	7.4	71.8	32	0	128	186	0	0	0
2372231	2577365241	173	2	58	24	215792	126119	1	30.3	70.8	32.3	83.9	0	129	187	0	0	0
2372231	2577365257	173	2	58	25	126119	0	0	32.3	83.9	39.1	79.6	0	129	187	0	3	0
2372231	2577365269	1737	2	58	27	178092	179926	1	55.6	17.8	61.9	11.5	0	130	188	0	3	0
2372231	2577365279	1737	2	58	28	179926	442838	1	61.9	11.5	68.4	17	0	130	188	0	3	0
2372231	2577365323	1737	2	58	31	442838	179926	1	69.5	17	77.3	11.3	0	130	188	0	0	0
2372231	2577365333	1737	2	58	34	179926	0	0	93.3	11.3	101.1	49.4	0	130	188	2	0	0
2372231	2577365577	173	2	58	58	176245	488040	1	4.5	45.1	9.5	77	0	131	189	0	0	0
2372231	2577365583	173	2	59	0	488040	0	0	9	77.2	14.7	79.3	0	131	189	0	0	0
2372231	2577365607	1737	2	59	5	179926	0	0	75	16.1	79.9	22.1	0	0	0	0	3	0
2372231	2577365685	173	2	59	6	488040	0	1	18.1	76.1	51.9	74.5	0	131	190	0	0	0
2372231	2577365757	173	2	59	19	437465	126119	1	52.7	76.4	59.5	97.5	0	131	191	0	0	5
2372231	2577365775	173	2	59	21	126119	434941	1	59.5	97.5	85.6	95.4	0	131	191	0	0	0
2372231	2577365809	173	2	59	24	434941	61597	1	90	93.8	97.3	40.4	0	131	191	2	0	0
2372231	2577366235	173	2	60	22	126119	0	0	72.4	16.1	87.8	45.4	0	131	192	2	0	5
2372231	2577366283	173	2	60	26	126119	431644	1	67	27.1	73.3	33.7	0	131	193	0	3	0
2372231	2577366315	1737	2	60	28	463163	0	1	25.4	80.3	37.8	65.3	0	132	194	0	0	0
2372231	2577366327	1737	2	60	32	109702	96771	1	29.9	55.1	41.5	44.3	0	132	194	0	0	0
2372231	2577366339	1737	2	60	34	96771	0	0	41.9	44.3	53.1	40.4	0	132	194	0	3	0
2372231	2577366371	173	2	60	37	235227	0	1	47	59.4	48.3	52.7	0	133	195	0	0	0
2372231	2577366405	1737	2	60	43	96771	179926	1	45.9	50	45.2	26.5	0	134	196	0	0	0
2372231	2577366451	1737	2	60	49	96771	0	1	67.7	15.1	45.1	7.9	0	134	197	0	0	0
2372231	2577366465	1737	2	60	55	111313	130025	1	42.9	11.9	33	28.9	0	134	197	0	0	0
2372231	2577366475	1737	2	60	57	130025	213118	1	32.9	29.2	27.6	63.5	0	134	197	0	0	0
2372231	2577366495	1737	2	60	59	213118	463163	1	29.1	65.3	32.7	90.2	0	134	197	0	0	0
2372231	2577366509	1737	2	61	2	463163	0	1	33.2	90.2	53.8	79.4	0	134	197	0	0	0
2372231	2577366547	173	2	61	7	463001	0	1	35.7	22.7	40.5	10.6	0	135	198	0	0	0
2372231	2577366667	173	2	61	26	235227	215792	1	42.3	12	33.2	62.1	0	135	199	0	0	5
2372231	2577366677	173	2	61	27	215792	126119	1	33.2	62.1	40.4	95	0	135	199	0	0	0
2372231	2577366683	173	2	61	28	126119	0	0	40.4	95	43.1	93.6	0	135	199	0	0	0
2372231	2577366705	173	2	61	35	126119	215792	1	43.9	100	32.4	84.1	0	135	200	0	0	0
2372231	2577366737	173	2	61	40	215792	437465	1	35.7	74.5	45.4	92	0	135	200	0	0	0
2372231	2577366753	173	2	61	48	437465	488040	1	57.5	92.7	39.5	85	0	135	200	0	0	0
2372231	2577366765	173	2	61	51	488040	463001	1	34.5	75.4	42.3	18	0	135	200	0	0	0
2372231	2577366781	173	2	61	54	463001	0	0	42.8	14.3	82.9	10.1	0	135	200	0	0	0
2372231	2577366799	1737	2	61	59	213118	111133	1	11.7	90.3	44.9	97.7	0	136	201	0	0	0
2372231	2577366843	173	2	62	13	235227	437465	1	57.5	0	56.8	9.7	0	137	202	0	0	0
2372231	2577366859	173	2	62	14	437465	235227	1	56.6	9.2	54.7	3.5	0	137	202	0	0	0
2372231	2577366875	173	2	62	17	235227	463001	1	51.5	11.4	43.3	4.6	0	137	202	0	0	0
2372231	2577366891	173	2	62	20	463001	61597	1	46	3.1	72.8	9.7	0	137	202	0	0	0
2372231	2577366905	173	2	62	23	61597	437465	1	73.1	7.9	66.7	4.3	0	137	202	0	0	0
2372231	2577366911	173	2	62	24	437465	201178	1	66.7	4.3	79.6	27	0	137	202	0	0	0
2372231	2577366921	173	2	62	26	201178	61597	1	79.6	27	75.6	31.6	0	137	202	0	0	0
2372231	2577367351	1737	2	63	53	167210	0	0	22.6	67.5	72.2	66.8	0	138	203	0	0	5
2372231	2577367365	173	2	63	56	431644	61597	1	29.8	32.6	45.4	26	0	139	204	0	3	0
2372231	2577367403	1737	2	64	1	130025	0	0	40.6	58.8	44.9	31.3	0	0	0	0	3	0
2372231	2577367687	1737	2	65	13	111313	178092	1	35.2	0	36.4	9.7	0	140	206	0	0	0
2372231	2577367699	1737	2	65	13	178092	442838	1	36.4	9.7	63.6	12.5	0	140	206	0	0	0
2372231	2577367705	1737	2	65	16	442838	0	1	62.6	12.5	54.8	32	0	140	206	0	3	0
2372231	2577367757	173	2	65	24	244707	61597	1	70.5	45.4	89.1	27.6	0	141	207	0	0	0
2372231	2577367761	173	2	65	26	61597	0	0	92.4	25	97.7	49.9	0	141	207	0	0	0
2372231	2577367855	1737	2	65	49	167210	0	0	16.5	35.5	68	34	0	142	208	0	0	0
2372231	2577367869	173	2	65	53	488040	244707	1	30.1	62.3	38.5	61.8	0	0	0	0	3	0
2372231	2577367881	173	2	65	55	244707	0	0	36.7	61.5	46.6	72.6	0	0	0	0	3	0
2372231	2577367929	1737	2	65	58	111313	442838	1	55.6	16.1	90.8	17.2	0	142	209	0	0	0
2372231	2577367937	1737	2	66	5	442838	0	0	98.9	38.6	94.6	48.2	0	142	209	0	0	0
2372231	2577367967	173	2	66	10	488040	484406	1	9.4	76.4	13.1	97.4	0	143	210	0	0	0
2372231	2577367997	173	2	66	12	484406	0	1	13.3	99	52.5	83.9	0	143	210	0	0	0
2372231	2577368211	173	2	66	58	488040	0	0	53.9	86.6	75.6	16.8	0	143	211	0	0	5
2372231	2577368229	1737	2	67	1	111133	0	0	22.9	83.4	38.3	83.6	0	0	0	0	3	0
2372231	2577368235	173	2	67	4	244707	0	0	59.3	18.9	63.6	-1	0	0	0	0	3	0
2372231	2577368319	1737	2	67	19	549329	442838	1	34.2	100	55.9	96.9	0	144	212	0	0	0
2372231	2577368335	1737	2	67	21	442838	549329	1	55.9	96.9	40.3	95.7	0	144	212	0	0	0
2372231	2577368353	1737	2	67	23	549329	0	0	40.4	95.7	45.2	67.2	0	144	212	0	0	0
2372231	2577368363	173	2	67	25	431644	201178	1	51.5	25	55.4	34.2	0	145	213	0	3	0
2372231	2577368369	173	2	67	26	201178	0	1	55.4	34.2	48	51.3	0	145	213	0	3	0
2372231	2577368395	173	2	67	29	586866	484406	1	48.4	53.4	54.9	79.4	0	145	213	0	0	0
2372231	2577368401	173	2	67	33	484406	0	0	77.7	90.2	90	62.7	0	145	213	2	0	0
2372231	2577368561	173	2	68	2	431644	434941	1	99.5	99.5	86.2	50.7	0	145	214	0	0	6
2372231	2577368643	173	2	68	10	235227	176245	1	49	67.5	29.5	47.6	0	145	215	0	0	0
2372231	2577368687	173	2	68	19	176245	61597	1	30.5	31.3	66.7	76.7	0	145	215	0	0	0
2372231	2577368691	173	2	68	22	61597	0	0	66.7	76.7	64.9	78.7	0	145	215	0	3	0
2372231	2577368727	1737	2	68	25	111313	0	0	33.6	5.2	72.5	7.9	0	146	216	0	0	0
2372231	2577368751	173	2	68	30	488040	176245	1	27.7	89.1	9.9	53	0	147	217	0	0	0
2372231	2577368769	173	2	68	34	176245	463001	1	13.6	48.2	20.2	29.4	0	147	217	0	0	0
2372231	2577368791	173	2	68	39	463001	488040	1	26.5	33.1	27.6	73.3	0	147	217	0	0	0
2372231	2577368799	173	2	68	42	488040	431644	1	27.6	73.3	34.7	84.8	0	147	217	0	0	0
2372231	2577368807	173	2	68	48	431644	586866	1	54.3	86.8	63.3	86	0	147	217	0	0	0
2372231	2577368825	173	2	68	50	586866	484406	1	65.9	86.6	71.6	96.5	0	147	217	0	0	0
2372231	2577368833	173	2	68	53	484406	0	0	77.1	97.2	86.5	51.3	0	147	217	2	0	0
2372231	2577368853	173	2	68	58	244707	484406	1	71.6	74.5	67.7	96.3	0	147	218	0	0	0
2372231	2577368855	173	2	69	0	484406	431644	1	67.4	94.7	64.7	84.2	0	147	218	0	0	0
2372231	2577368865	173	2	69	1	431644	244707	1	64.3	83.9	75.7	92.1	0	147	218	0	0	0
2372231	2577368871	173	2	69	4	244707	431644	1	74.6	91.2	66.6	72.4	0	147	218	0	0	0
2372231	2577368897	173	2	69	7	431644	235227	1	69.4	61.5	76.7	23.3	0	147	218	0	0	0
2372231	2577368919	173	2	69	11	235227	434941	1	87	15	87.1	5.9	0	147	218	0	0	0
2372231	2577368943	173	2	69	13	434941	431644	1	82	7.1	76.4	30.3	0	147	218	0	0	0
2372231	2577368967	1737	2	69	17	442838	0	0	27.4	54	35.5	66	0	0	0	0	3	0
2372231	2577368981	173	2	69	20	463001	488040	1	62.2	38.5	58.4	62.1	0	147	219	0	0	0
2372231	2577368995	173	2	69	23	488040	484406	1	59.1	64	62.5	91.7	0	147	219	0	0	0
2372231	2577369017	173	2	69	26	484406	201178	1	62.5	91.7	93.6	73.2	0	147	219	0	0	0
2372231	2577369019	173	2	69	29	201178	0	0	93.6	73.8	101.7	38.9	0	147	219	2	0	0
2372231	2577369315	1737	2	70	30	167210	0	0	5.1	38.6	70.2	46.4	0	148	220	0	0	0
2372231	2577369369	173	2	70	35	235227	176245	1	27.9	37.3	6.9	48.8	0	149	221	0	0	0
2372231	2577369391	173	2	70	40	176245	0	1	6.3	40.9	37.3	5.6	0	149	221	0	0	0
2372231	2577369571	173	2	71	8	463001	61597	1	52.9	9.2	70.8	75.6	0	149	222	0	0	5
2372231	2577369579	173	2	71	12	61597	0	0	70.8	75.6	83.3	92.1	0	149	222	0	3	0
2372231	2577369691	173	2	71	26	484406	244707	1	77.6	100	73.8	85.3	0	149	223	0	0	0
2372231	2577369699	173	2	71	27	244707	484406	1	73.8	85.3	75	98	0	149	223	0	0	0
2372231	2577369723	173	2	71	30	484406	488040	1	73.9	95.1	53.4	79.6	0	149	223	0	0	0
2372231	2577369747	173	2	71	32	488040	235227	1	53.3	78.5	56.6	22.4	0	149	223	0	0	0
2372231	2577369757	173	2	71	35	235227	431644	1	56.6	22.4	59.6	32.2	0	149	223	0	0	0
2372231	2577369793	173	2	71	39	431644	434941	1	60.7	29.8	66.8	10.4	0	149	223	0	0	0
2372231	2577369807	173	2	71	42	434941	235227	1	72.5	16.7	89.9	6.8	0	149	223	0	0	0
2372231	2577369829	173	2	71	45	235227	0	0	94.6	7.1	93.8	11.7	0	149	223	2	0	0
2372231	2577369979	1737	2	72	8	167210	0	0	11.6	60.8	69.9	50.9	0	150	224	0	0	0
2372231	2577369989	173	2	72	11	488040	0	0	29.9	44.3	53.3	49.4	0	0	0	0	3	0
2372231	2577370009	1737	2	72	14	130025	112994	1	45.9	50.3	70	44.8	0	150	225	0	0	0
2372231	2577370063	173	2	72	21	431644	586866	1	32.4	63.1	49.1	88.7	0	151	226	0	0	0
2372231	2577370065	173	2	72	28	586866	0	0	90.1	84.4	90.6	79.4	0	151	226	2	0	0
2372231	2577370325	173	2	73	11	434941	201178	1	99.5	99.5	88.6	42.2	0	151	227	2	0	6
2372231	2577370333	173	2	73	13	201178	586866	1	88.6	42.2	77	60	0	151	227	0	3	0
2372231	2577370347	173	2	73	15	586866	0	1	77	60	68.6	40.3	0	151	227	0	3	0
2372231	2577370353	173	2	73	17	235227	0	0	68.6	40.3	73.6	22.5	0	151	227	0	3	0
2372231	2577370605	1737	2	73	59	213118	442838	1	44.3	81.5	79.4	83.6	0	152	229	0	0	5
2372231	2577370837	1737	2	74	40	130025	0	0	90.5	100	96.6	65.1	0	152	230	0	0	0
2372231	2577370853	1737	2	74	44	130025	549329	1	90.3	91.8	80.7	86.7	0	152	231	0	3	0
2372231	2577370859	1737	2	74	45	549329	130025	1	80.7	86.7	88.3	93.3	0	152	231	0	0	0
2372231	2577370871	1737	2	74	47	130025	0	0	88.3	93.3	92.9	51.5	0	152	231	2	0	0
2372231	2577372059	173	2	77	37	176245	61597	1	15.9	36	68.1	14.3	0	153	233	0	0	5
2372231	2577372073	173	2	77	41	61597	235227	1	67.3	11.1	63.3	4.4	0	153	233	0	0	0
2372231	2577372083	173	2	77	42	235227	0	0	63.3	4.4	75.6	-1.6	0	153	233	0	0	0
2372231	2577372221	1737	2	77	59	549329	109702	1	29	100	62.8	95.7	0	154	234	0	0	0
2372231	2577372223	1737	2	78	1	109702	0	0	62.8	95.7	73.3	95.9	0	154	234	0	3	0
2372231	2577372245	173	2	78	3	463001	61597	1	27.6	5.9	60.6	7.7	0	155	235	0	0	0
2372231	2577372525	173	2	78	35	176245	201178	1	25.5	7.9	63.5	31.6	0	157	237	0	0	5
2372231	2577372535	173	2	78	38	201178	0	0	63.5	31.6	79.5	40.4	0	157	237	0	3	0
2372231	2577372559	1737	2	78	39	130025	0	0	19.8	61.7	32.5	60.9	0	158	238	0	0	0
2372231	2577372825	1737	2	79	13	167210	442838	1	4	58.1	68.7	91.7	0	160	240	0	0	0
2372231	2577372837	1737	2	79	17	442838	0	0	68.8	91.8	74.9	86	0	160	240	0	3	0
2372231	2577372889	173	2	79	19	463001	0	0	33.3	16.8	54	56.1	0	161	241	0	0	0
2372231	2577372891	1737	2	79	23	111313	0	0	42.4	43.3	60.6	50.3	0	0	0	0	3	0
2372231	2577372969	1737	2	79	26	109702	112994	1	55.6	41.2	54.2	29.3	0	162	242	0	0	0
2372231	2577372995	1737	2	79	34	112994	156305	1	81.7	5.9	67.9	2.8	0	162	242	0	0	0
2372231	2577373021	173	2	79	40	586866	431644	1	33.3	100	33.2	89.3	0	163	243	0	0	0
2372231	2577373033	173	2	79	41	431644	586866	1	33.2	89.3	34.4	98.1	0	163	243	0	0	0
2372231	2577373051	173	2	79	43	586866	484406	1	34.4	98.1	27.6	98.6	0	163	243	0	0	0
2372231	2577373071	173	2	79	49	484406	130025	100	31.9	96	75.6	81.4	0	163	243	0	0	0
2372231	2577373097	1737	2	79	53	96771	167210	1	26.8	32.6	10	39.5	0	164	244	0	3	0
2372231	2577374371	1737	2	82	16	167210	0	0	16.2	25.1	72.1	12.8	0	164	245	0	0	0
2372231	2577374839	1737	2	83	15	111133	0	0	72.7	9.8	88.4	41.3	0	164	246	2	0	5
2372231	2577374889	1737	2	83	19	549329	156305	1	79.7	67.4	81.4	71	0	164	247	0	3	0
2372231	2577374901	1737	2	83	22	156305	0	0	79.1	73.8	79.2	71.3	0	164	247	0	0	0
2372231	2577374965	173	2	83	25	431644	201178	1	32.6	34.9	42.2	44	0	165	248	0	0	0
2372231	2577374979	173	2	83	26	201178	586866	1	42.2	44	56.6	75.3	0	165	248	0	0	0
2372231	2577375003	173	2	83	30	586866	434941	1	60.5	69.3	75.5	25	0	165	248	0	0	0
2372231	2577375061	173	2	83	37	434941	0	0	91.5	25.5	92.4	43.3	0	165	248	0	0	0
2372231	2577376047	173	2	85	20	235227	207721	1	75.2	0	81.2	12	0	165	249	0	0	0
2372231	2577376053	173	2	85	22	207721	0	0	81.7	10.4	80.8	-1	0	165	249	0	0	0
2372231	2577376277	1737	2	85	46	549329	0	0	21.7	100	42.4	95.3	0	166	250	0	0	0
2372231	2577376319	173	2	85	48	235227	0	1	53.1	7.4	60.6	14.6	0	0	0	0	3	0
2372231	2577376939	173	2	87	6	434941	0	0	68.7	12.8	96.7	52.7	0	167	251	2	0	5
2372231	2577377139	1737	2	87	30	167210	442838	1	16.4	32.3	72.9	28.3	0	168	252	0	0	0
2372231	2577377157	1737	2	87	34	442838	0	0	71.5	26.6	71.8	-1.3	0	168	252	0	3	0
2372231	2577377217	173	2	87	42	484406	0	1	26.8	100	41.2	92.1	0	169	253	0	0	0
2372231	2577377719	173	2	88	50	484406	488040	1	42	95.4	38.1	64.8	0	169	254	0	0	5
2372231	2577377741	173	2	88	53	488040	201178	1	36.6	57.6	45.9	34.9	0	169	254	0	0	0
2372231	2577377793	173	2	88	56	201178	235227	1	55.8	32.1	64.4	2.6	0	169	254	0	0	0
2372231	2577377815	173	2	89	0	235227	488040	1	64.1	9.2	53.3	41.3	0	169	254	0	0	0
2372231	2577377863	173	2	89	3	488040	484406	1	52.9	46.6	57.8	87.5	0	169	254	0	0	0
2372231	2577377867	173	2	89	7	484406	0	0	60.4	89.3	60	86.6	0	169	254	0	0	0
2372231	2577377975	173	2	89	17	244707	176245	1	28.6	100	11.9	55.5	0	171	256	0	0	0
2372231	2577378031	173	2	89	22	176245	463001	1	12.8	47.2	21.6	27.1	0	171	256	0	0	0
2372231	2577378065	173	2	89	28	463001	201178	1	33.4	20.4	45.9	27.6	0	171	256	0	0	0
2372231	2577378123	173	2	89	31	201178	244707	1	39.5	36	45.1	69.9	0	171	256	0	0	0
2372231	2577378177	173	2	89	36	244707	586866	1	54.3	66.7	74.6	96.8	0	171	256	0	0	0
2372231	2577378193	173	2	89	40	586866	0	0	75.9	93.2	78.7	88.1	0	171	256	2	0	0
2372231	2577378277	173	2	89	45	244707	488040	1	53.3	95	51.8	58.5	0	171	257	0	0	0
2372231	2577378335	173	2	89	48	488040	434941	1	51.8	54.9	76.5	5.2	0	171	257	0	0	0
2372231	2577378351	173	2	89	56	434941	0	0	84.8	8.2	92.1	49.4	0	171	257	2	0	0
2372231	2577378419	1737	2	90	1	88479	178866	1	18.5	81	25.4	68.7	0	172	258	0	0	0
2372231	2577378429	1737	2	90	2	178866	0	0	25.4	68.7	43.6	92.4	0	172	258	0	0	0
2372231	2577378479	173	2	90	7	463001	0	0	55.9	5.6	67.9	14.1	0	173	259	0	0	0
2372231	2577378515	1737	2	90	10	549329	88479	1	29.9	87.9	31.2	93.2	0	174	260	0	0	0
2372231	2577378529	1737	2	90	11	88479	213118	1	31.2	93.2	24.8	73.1	0	174	260	0	0	0
2372231	2577378589	1737	2	90	13	213118	0	0	24.8	73.1	78.7	87.6	0	174	260	0	0	0
2372231	2577378915	1737	2	90	48	88479	442838	1	83.2	100	86.2	89	0	174	261	0	0	0
2372231	2577378927	1737	2	90	49	442838	88479	1	86.2	89	85	93.6	0	174	261	0	0	0
2372231	2577378959	1737	2	90	50	88479	0	0	84.9	93.9	100.9	96.3	0	174	261	0	0	0
2372231	2577379061	173	2	90	59	176245	488040	1	1.4	44.8	26.1	70.3	0	175	262	0	0	0
2372231	2577379097	173	2	91	4	488040	244707	1	27.7	70	34.3	59.7	0	175	262	0	0	0
2372231	2577379157	173	2	91	7	244707	235227	1	37.7	53.4	46.1	13.5	0	175	262	0	0	0
2372231	2577379221	173	2	91	12	235227	434941	1	52.3	12.9	66.4	2.3	0	175	262	0	0	0
2372231	2577379299	1737	2	91	24	88479	442838	1	15.4	93.9	35.3	96	0	176	263	0	0	0
2372231	2577379373	173	2	91	32	244707	0	0	66.5	41.9	81.2	90.5	0	177	264	0	0	0
2372231	2577379397	1737	2	91	35	111313	0	0	28.6	6.5	38	6.4	0	0	0	0	3	0
2372231	2577379421	173	2	91	37	484406	207721	1	61.1	93.3	70.2	85.1	0	177	265	0	0	0
2372231	2577379449	173	2	91	41	207721	235227	1	66.5	75.6	67.5	33	0	177	265	0	0	0
2372231	2577379473	173	2	91	44	235227	434941	1	69.6	31.5	81.7	6.7	0	177	265	0	0	0
2372231	2577379489	173	2	91	47	434941	0	0	79.7	8.8	89.3	49.1	0	177	265	2	0	0
2372231	2577379561	173	2	91	51	484406	0	0	78.2	69.4	100.7	0.8	0	177	266	0	0	0
2372231	2577379945	1737	2	92	31	167210	0	0	5.2	58.4	71	55.1	0	178	267	0	0	0
2372231	2577379955	173	2	92	35	244707	207721	1	32.2	45.5	48.1	46.7	0	0	0	0	3	0
2372231	2577380427	173	2	92	36	207721	0	0	46.3	47.6	47.2	49.9	0	0	0	0	3	0
2372231	2577379985	1737	2	92	39	442838	112994	1	67.8	56	62.7	59.3	0	178	268	0	0	0
2372231	2577379993	1737	2	92	41	112994	0	0	62.7	59.3	64.1	63	0	178	268	0	0	0
2372231	2577380161	173	2	92	53	235227	201178	1	66.2	0	64.7	13.5	0	179	270	0	0	0
2372231	2577380755	173	2	93	53	244707	488040	1	59.8	21.6	53.6	58.2	0	179	271	0	0	0
2372231	2577380777	173	2	93	56	488040	484406	1	57.9	68.8	67.3	90.9	0	179	271	0	0	0
2372231	2577380801	173	2	94	0	484406	488040	1	69.9	90.2	60.8	74.1	0	179	271	0	0	0
2372231	2577380835	173	2	94	3	488040	463001	1	63.2	71.2	65.9	26.8	0	179	271	0	0	0
2372231	2577380863	173	2	94	8	463001	0	0	70.8	27.4	86.9	75.7	0	179	271	0	0	0
2372231	2577380901	1737	2	94	11	112994	244707	100	9.2	16.7	37.7	38.6	0	180	272	0	0	0
2372231	2577381179	173	2	94	35	244707	434941	1	52.2	64.2	66.5	10.1	0	181	274	0	0	5
2372231	2577381285	173	2	94	41	434941	244707	1	69.5	38.6	64.7	54.2	0	181	274	0	0	0
2372231	2577381287	173	2	94	45	244707	586866	1	65.6	61.7	72.3	65.1	0	181	274	0	0	0
2372231	2577381295	173	2	94	46	586866	488040	1	72.3	65.1	60	64.9	0	181	274	0	0	0
2372231	2577381333	173	2	94	48	488040	463001	1	60.4	61.5	61.3	31.3	0	181	274	0	0	0
2372231	2577381351	173	2	94	51	463001	0	0	67.2	33.4	79.7	67.3	0	181	274	0	0	0
2372231	2577381397	173	2	94	55	201178	484406	1	74.5	65.7	79.9	83.2	0	181	275	0	0	0
2372231	2577381419	173	2	94	58	484406	0	0	80.5	85.5	84	77.7	0	181	275	2	0	0
2372231	2577381593	173	2	95	13	434941	586866	1	99.5	99.5	85.1	81.1	0	181	276	0	0	6
2372231	2577381615	173	2	95	18	586866	434941	1	94.4	82.3	88	90.3	0	181	276	0	0	0
2372231	2577382149	1737	2	96	6	130025	112994	1	36.4	9.1	72.6	7.6	0	182	278	0	0	5
2372231	2577382229	1737	2	96	9	112994	442838	1	73.2	9.1	83.5	8.8	0	182	278	0	3	0
2372231	2577382535	173	2	96	38	484406	244707	1	21.2	100	22.2	91.2	0	183	279	0	0	0
2372231	2577382563	173	2	96	39	244707	0	0	22.2	91.2	20.4	101	0	183	279	0	0	0
2372231	2577382871	1737	2	97	5	111313	0	1	76.2	0	88.9	8.5	0	184	280	0	0	0
2372231	2577382891	1737	2	97	7	112994	0	0	88.6	7.7	74.8	-0.4	0	184	280	0	0	0
2372231	2577383059	173	2	97	23	484406	0	0	25.2	100	37	89.7	0	185	281	0	0	0
2372231	2577383087	1737	2	97	24	178866	0	0	62.6	6.5	71.9	11	0	0	0	0	3	0
2372231	2577383163	173	2	97	26	586866	463001	1	28.6	83.2	24.2	54.3	0	185	282	0	0	0
2372231	2577383195	173	2	97	32	463001	434941	1	35.9	28.8	59.8	3.5	0	185	282	0	0	0
2372231	2577383231	173	2	97	35	434941	0	0	59.8	3.8	86.4	10.7	0	185	282	0	0	0
2372231	2577383311	173	2	97	41	235227	434941	1	88.5	0	75.1	3.4	0	185	283	0	0	0
2372231	2577383337	173	2	97	43	434941	463001	1	74.5	3.5	58.8	8.3	0	185	283	0	0	0
2372231	2577383355	173	2	97	47	463001	488040	1	61.6	13.2	61.4	52.5	0	185	283	0	0	0
2372231	2577383389	173	2	97	49	488040	484406	1	63.3	53.7	70.3	91.8	0	185	283	0	0	0
2372231	2577383439	173	2	97	53	484406	61597	1	73.7	92.1	87.8	55.5	0	185	283	2	0	0
2372231	2577383817	1737	2	98	22	167210	442838	1	14.6	54.3	73.2	80.6	0	186	286	0	0	0
2372231	2577383837	1737	2	98	26	442838	88479	1	74.8	89	71.5	93.6	0	186	286	0	0	0
2372231	2577383953	173	2	98	36	235227	176245	1	26.7	0	11.6	36.3	0	187	287	0	0	0
2372231	2577383981	173	2	98	42	176245	488040	1	13.5	44.5	34.4	54.6	0	187	287	0	0	0
2372231	2577384029	173	2	98	46	488040	484406	1	37.2	58.2	48	88.6	0	187	287	0	0	0
2372231	2577384033	173	2	98	49	484406	244707	1	51.2	83.3	55.7	76.6	0	187	287	0	0	0
2372231	2577384041	173	2	98	50	244707	484406	1	55.7	76.6	48.6	84.7	0	187	287	0	0	0
2372231	2577384059	173	2	98	51	484406	488040	1	48.6	84.7	47.5	54.2	0	187	287	0	0	0
2372231	2577384145	173	2	98	57	488040	0	0	56.8	39.7	97.2	63.4	0	187	287	0	0	0
