match_id	id	team_id	period_id	min	sec	player_id_1	player_id_2	outcome	start_x	start_y	end_x	end_y	offside	possession	sequence	extra_1	extra_2	extra_3
2372225	2576688005	176	1	0	0	247412	40270	1	49.7	50	45.6	47	0	1	1	0	0	0
2372225	2576688015	176	1	0	0	40270	538283	1	45.6	47	35	53.6	0	1	1	0	0	0
2372225	2576688021	176	1	0	3	538283	234511	1	35.6	54.4	32.6	47.6	0	1	1	0	0	0
2372225	2576688039	176	1	0	3	234511	242830	1	32.6	47.6	26.9	66.6	0	1	1	0	0	0
2372225	2576688075	176	1	0	7	242830	210171	1	28.2	65	26.2	39.4	0	1	1	0	0	0
2372225	2576688103	176	1	0	9	210171	242313	1	27.2	36.6	29.8	11	0	1	1	0	0	0
2372225	2576688127	176	1	0	11	242313	210171	1	29.8	11	23.7	33	0	1	1	0	0	0
2372225	2576688157	176	1	0	13	210171	242830	1	23.5	34.8	24.7	70	0	1	1	0	0	0
2372225	2576688193	176	1	0	15	242830	184028	1	24.5	70.8	27.3	94	0	1	1	0	0	0
2372225	2576688225	176	1	0	17	184028	242830	1	27.2	93.4	18.1	73.8	0	1	1	0	0	0
2372225	2576688263	176	1	0	20	242830	210171	1	14.2	71.4	19.8	32.6	0	1	1	0	0	0
2372225	2576688285	176	1	0	23	210171	242313	1	22.8	27.8	23.7	13	0	1	1	0	0	0
2372225	2576688315	176	1	0	25	242313	234511	1	22	13.2	32.9	22.2	0	1	1	0	0	0
2372225	2576688337	176	1	0	27	234511	179369	1	29.8	9.4	35.3	4.8	0	1	1	0	0	0
2372225	2576688363	176	1	0	28	179369	538283	1	35.6	5.2	44.9	31.6	0	1	1	0	0	0
2372225	2576688397	176	1	0	30	538283	0	0	47.7	36.2	89.7	62.2	0	1	1	0	0	0
2372225	2576688623	450	1	0	47	138039	130026	1	14.5	43.9	68.4	16.5	0	2	2	0	0	0
2372225	2576688643	450	1	0	50	130026	0	0	68.4	16.5	73.4	40	0	2	2	0	3	0
2372225	2576688663	176	1	0	51	210171	0	0	28.2	52	54.3	42.2	0	3	3	0	0	0
2372225	2576688677	450	1	0	53	152723	0	0	47.5	56	47.1	43.1	0	4	4	0	0	0
2372225	2576688693	176	1	0	55	247412	0	0	54.7	55.2	59.8	38.4	0	0	0	0	3	0
2372225	2576688715	450	1	0	56	152723	0	1	40.1	60.3	35.1	43	0	4	5	0	3	0
2372225	2576688825	450	1	0	57	244273	0	0	35.9	43.1	70.2	101	0	4	5	0	0	0
2372225	2576688987	176	1	1	12	242313	0	0	33.6	0	56.5	7.2	0	5	6	0	0	0
2372225	2576689027	450	1	1	14	152723	484702	1	46.2	88.7	63.3	84.8	0	6	7	0	3	0
2372225	2576689047	450	1	1	15	484702	0	1	64.9	85	60.8	88	0	6	7	0	0	0
2372225	2576689065	450	1	1	16	109243	0	0	60.8	88	69.6	72.1	0	6	7	0	0	0
2372225	2576689067	176	1	1	18	210171	477463	100	30	27.8	40	30.6	0	7	8	0	0	0
2372225	2576689161	176	1	1	23	195883	210171	1	40.4	33	28.4	28	0	7	9	0	0	0
2372225	2576689213	176	1	1	25	210171	242830	1	27	35.2	28.2	69	0	7	9	0	0	0
2372225	2576689231	176	1	1	28	242830	184028	1	28.2	69	38.6	92.4	0	7	9	0	0	0
2372225	2576689319	176	1	1	30	184028	0	0	38.9	92.4	77.6	72.2	0	7	9	0	0	0
2372225	2576689355	176	1	1	35	195883	40270	1	72.7	81.4	75.5	88	0	7	10	0	0	0
2372225	2576689395	176	1	1	38	40270	195883	1	77	91.2	96.6	83.8	0	7	10	0	0	0
2372225	2576689405	176	1	1	41	195883	0	0	97.1	83.6	88.9	54.8	0	7	10	2	0	0
2372225	2576689865	176	1	2	5	538283	0	0	99.5	99.5	92.6	57.6	0	7	11	2	0	6
2372225	2576690313	450	1	2	31	138039	98851	1	13.6	52.4	24.9	75.4	0	8	13	0	0	5
2372225	2576690347	450	1	2	33	98851	484702	1	24.9	75.4	34	92.6	0	8	13	0	0	0
2372225	2576690413	450	1	2	36	484702	244273	1	33.8	91.2	31.3	41.3	0	8	13	0	0	0
2372225	2576690465	450	1	2	40	244273	126290	1	30.5	37.7	57.5	2	0	8	13	0	0	0
2372225	2576690575	450	1	2	44	126290	484702	1	73.2	4.4	88.3	95.4	0	8	13	2	0	0
2372225	2576690601	450	1	2	52	484702	152723	1	81.8	96.6	69	93.6	0	8	13	0	0	0
2372225	2576690665	450	1	2	53	152723	0	0	69	93.6	101.3	77.8	0	8	13	0	0	0
2372225	2576691159	176	1	3	19	234580	0	0	3.7	47.2	57.7	13.2	0	9	14	0	0	0
2372225	2576691295	450	1	3	27	109243	98851	1	39.1	80.9	28.4	85.1	0	10	15	0	0	0
2372225	2576691359	450	1	3	30	98851	138039	1	19.5	95.2	9.7	69.5	0	10	15	0	0	0
2372225	2576691401	450	1	3	32	138039	484702	1	7.3	65.5	28.5	71.2	0	10	15	0	0	0
2372225	2576691411	450	1	3	33	484702	109243	1	30.5	72	34.9	88	0	10	15	0	0	0
2372225	2576691525	450	1	3	38	109243	94273	1	54	94.4	68.4	72.9	0	10	15	0	0	0
2372225	2576691627	450	1	3	39	94273	152723	1	68.6	72.9	67.3	89.9	0	10	15	0	0	0
2372225	2576691777	450	1	3	45	477463	484702	1	62.5	67.9	54.6	70.8	0	12	17	0	0	0
2372225	2576691829	450	1	3	48	484702	244273	1	54.5	70.8	37.6	35.8	0	12	17	0	0	0
2372225	2576691851	450	1	3	53	244273	98851	1	37.6	35.8	37.4	70	0	12	17	0	0	0
2372225	2576691923	450	1	3	55	98851	477463	1	37.4	70	46.4	83.3	0	12	17	0	0	0
2372225	2576691951	450	1	3	58	477463	152723	1	60	91.8	75.5	97.2	0	12	17	0	0	0
2372225	2576691963	450	1	4	0	152723	0	0	75.5	97.2	79.2	93.9	0	12	17	0	0	0
2372225	2576692149	450	1	4	6	152723	477463	1	73.8	100	65.8	94.5	0	12	18	0	0	0
2372225	2576692185	450	1	4	8	477463	0	0	65.8	94.5	90.2	75.1	0	12	18	0	0	0
2372225	2576692287	450	1	4	13	109243	477463	1	87.6	91.4	76	80.8	0	12	19	0	0	0
2372225	2576692317	450	1	4	15	477463	94273	1	74.6	80.8	86.5	46.1	0	12	19	2	0	0
2372225	2576692973	176	1	4	45	234580	244273	100	11.7	62.2	58.9	72	0	13	20	0	0	5
2372225	2576693029	176	1	4	50	184028	538283	1	38.2	81.2	60.8	75.8	0	13	21	0	0	0
2372225	2576693057	176	1	4	51	538283	184028	1	60.8	75.8	56.8	67.6	0	13	21	0	0	0
2372225	2576693103	176	1	4	53	184028	40270	1	60.5	66	64.3	47.4	0	13	21	0	0	0
2372225	2576693227	176	1	4	56	40270	179369	1	70	35	86.5	13.2	0	13	21	0	0	0
2372225	2576693299	176	1	5	1	179369	40270	1	88.6	16.8	91	42.4	0	13	21	2	0	0
2372225	2576694121	450	1	5	50	138039	0	0	3	46.6	69.8	35.8	0	14	22	0	0	0
2372225	2576694185	176	1	5	55	538283	210171	1	30	60.2	23.7	53.2	0	15	23	0	0	0
2372225	2576694267	176	1	5	57	210171	0	0	23.7	53.2	61.4	50.8	0	15	23	0	0	0
2372225	2576694303	450	1	6	1	98851	0	1	37	45.7	46.3	42.2	0	16	24	0	3	0
2372225	2576694403	450	1	6	2	111232	152723	1	46.6	46.6	11.9	88.3	0	16	24	0	0	0
2372225	2576694449	450	1	6	8	152723	484702	1	10.4	89.3	45.5	85.6	0	16	24	0	0	0
2372225	2576694541	450	1	6	9	484702	109243	1	47.7	85.4	40.9	72.3	0	16	24	0	3	0
2372225	2576694587	450	1	6	14	109243	126290	1	46.2	52.1	46.6	13.4	0	16	24	0	0	0
2372225	2576694663	450	1	6	18	126290	130026	1	46.6	13.4	63.7	4.1	0	16	24	0	0	0
2372225	2576694745	450	1	6	18	130026	126290	1	63.7	4.1	63.7	13.2	0	16	24	0	0	0
2372225	2576694793	450	1	6	22	126290	477463	1	67.2	14.3	71.2	17.7	0	16	25	0	0	0
2372225	2576694873	450	1	6	23	477463	109243	1	70.1	22.1	65.8	27.4	0	16	25	0	0	0
2372225	2576694879	450	1	6	25	109243	484702	1	66.4	38.9	75.3	78.1	0	16	25	0	0	0
2372225	2576694921	450	1	6	28	484702	152723	1	75.6	79.7	93.7	92.1	0	16	25	0	0	0
2372225	2576694933	450	1	6	31	152723	0	0	96.6	92.1	96.2	88.6	0	16	25	2	0	0
2372225	2576695427	176	1	6	52	234580	247412	1	0.2	45.2	58.4	73.6	0	17	26	0	0	0
2372225	2576695437	176	1	6	56	247412	0	0	57.5	74.2	65.7	52.8	0	17	26	0	3	0
2372225	2576695521	450	1	6	57	98851	94273	1	35.7	40.6	67.4	53.6	0	0	0	0	3	0
2372225	2576695551	450	1	7	0	94273	0	1	68.6	56.4	62.8	63.1	0	18	27	0	3	0
2372225	2576695565	450	1	7	2	109243	477463	1	62.8	63	53.1	51.9	0	18	27	0	0	0
2372225	2576695577	450	1	7	3	477463	484702	1	53.1	51.9	61.4	41	0	18	27	0	0	0
2372225	2576695707	450	1	7	7	484702	130026	1	64.7	26.7	72.6	5	0	18	27	0	0	0
2372225	2576695735	450	1	7	11	130026	477463	1	74.7	14	71.6	34.8	0	18	27	0	0	0
2372225	2576695743	450	1	7	12	477463	234511	100	72	35.5	73.9	43.7	0	18	27	0	0	0
2372225	2576695787	450	1	7	14	477463	111232	1	68.6	33.6	63	44	0	18	28	0	0	0
2372225	2576695821	450	1	7	16	111232	98851	1	63.1	43.7	62.3	64	0	18	28	0	0	0
2372225	2576695895	450	1	7	17	98851	152723	1	61.5	65.5	69.6	90.5	0	18	28	0	0	0
2372225	2576695943	450	1	7	21	152723	210171	100	69.4	90.9	73.6	65.4	0	18	28	0	0	0
2372225	2576696025	450	1	7	23	109243	0	1	72.4	65.7	74.3	60.9	0	18	29	0	0	0
2372225	2576696307	450	1	7	39	109243	111232	1	72.2	63.7	65.5	64.9	0	18	30	0	0	0
2372225	2576696363	450	1	7	41	111232	244273	1	63.8	64.8	53.6	40.4	0	18	30	0	0	0
2372225	2576696439	450	1	7	44	244273	126290	1	53.6	40.4	59	4.7	0	18	30	0	0	0
2372225	2576696517	450	1	7	48	126290	244273	1	59.2	8.6	39.8	35.8	0	18	30	0	0	0
2372225	2576696629	450	1	7	50	244273	98851	1	39.8	36	39.2	73.9	0	18	30	0	0	0
2372225	2576696705	450	1	7	54	98851	0	1	39.2	73.8	54.4	92.9	0	18	30	0	0	0
2372225	2576696739	450	1	7	58	152723	98851	1	40.4	92	27.5	70.2	0	18	30	0	0	0
2372225	2576696799	450	1	8	1	98851	244273	1	28.4	64.8	29.1	32.1	0	18	30	0	0	0
2372225	2576696877	450	1	8	5	244273	109243	1	31	36.7	77.7	86.8	0	18	30	0	0	0
2372225	2576696917	450	1	8	8	109243	484702	1	78.9	93.8	71.4	88.4	0	18	30	0	3	0
2372225	2576697033	176	1	8	13	234511	247412	1	27.9	24	44.2	41.6	0	19	31	0	0	0
2372225	2576697039	176	1	8	14	247412	0	0	43.4	40.8	58.5	31.4	0	19	31	0	0	0
2372225	2576697089	450	1	8	19	98851	152723	1	39.3	69.1	53.6	90.2	0	20	32	0	0	0
2372225	2576697177	450	1	8	21	152723	109243	1	60.8	92.6	73.4	95	0	20	32	0	0	0
2372225	2576697271	450	1	8	25	109243	0	0	67.3	89.6	72.5	9.7	0	20	32	0	0	0
2372225	2576697975	450	1	9	5	477463	0	0	68.4	20.4	89.5	63.9	0	20	33	2	0	5
2372225	2576698141	450	1	9	15	109243	152723	1	84.5	100	72.1	92.1	0	20	34	0	0	0
2372225	2576698189	450	1	9	18	152723	109243	1	72.1	92.1	86.2	96.9	0	20	34	0	0	0
2372225	2576698271	450	1	9	21	109243	152723	1	79.7	96.5	65.4	96.3	0	20	34	0	0	0
2372225	2576698337	450	1	9	23	152723	98851	1	63.1	94.2	40.2	82	0	20	34	0	0	0
2372225	2576698441	450	1	9	27	98851	244273	1	41.1	80.3	27.7	44.3	0	20	34	0	0	0
2372225	2576698561	450	1	9	37	244273	98851	1	28.4	49.1	31.4	74.7	0	20	34	0	0	0
2372225	2576698701	450	1	9	41	98851	477463	1	34.2	71.4	35.1	24	0	20	34	0	0	0
2372225	2576698737	450	1	9	47	477463	126290	1	58.5	16.5	66	2.9	0	20	34	0	0	0
2372225	2576698773	450	1	9	48	126290	130026	1	66	3.2	72.8	4.7	0	20	34	0	0	0
2372225	2576698781	450	1	9	50	130026	179369	100	70.7	4.4	76.8	11.7	0	20	34	0	0	0
2372225	2576698931	176	1	9	55	242830	40270	1	31.9	77.6	35.4	65	0	21	35	0	0	0
2372225	2576698957	176	1	9	57	40270	234511	1	35.4	63.8	31.4	41.6	0	21	35	0	0	0
2372225	2576699007	176	1	9	58	234511	242313	1	31.5	41.6	37.8	22	0	21	35	0	0	0
2372225	2576699079	176	1	10	1	242313	195883	1	55.9	13.6	80.1	6.6	0	21	35	0	0	0
2372225	2576699085	176	1	10	6	195883	0	0	91.7	9	90.7	12.4	0	21	35	2	0	0
2372225	2576699581	176	1	10	30	538283	179369	1	99.5	0.5	83.3	11.2	0	21	36	0	0	6
2372225	2576699629	176	1	10	32	179369	234511	1	83.3	11.2	73.8	18.6	0	21	36	0	0	0
2372225	2576699639	176	1	10	35	234511	0	0	72.8	28.7	78.2	33	0	21	36	2	0	0
2372225	2576699819	450	1	10	41	126290	477463	1	40.8	7.4	72.5	31.6	0	22	37	0	0	0
2372225	2576699887	450	1	10	47	477463	126290	1	75.1	35.2	85.7	3.4	0	22	37	0	0	0
2372225	2576699915	450	1	10	50	126290	0	0	89.2	10.4	95.3	50.4	0	22	37	2	0	0
2372225	2576700031	176	1	10	54	179369	0	0	20.3	32.2	44.2	70.2	0	23	38	0	0	0
2372225	2576700127	450	1	10	56	484702	152723	1	54.9	29.8	66.2	53.3	0	24	39	0	0	0
2372225	2576700139	450	1	11	0	152723	130026	1	65	53.6	74.2	49.1	0	24	39	0	3	0
2372225	2576700197	450	1	11	2	130026	0	1	75.8	49.7	71.3	53.1	0	24	39	0	3	0
2372225	2576700267	450	1	11	4	109243	111232	1	71	54	67.7	42.7	0	24	39	0	0	0
2372225	2576700303	450	1	11	6	111232	126290	1	68.7	42.2	70	11.1	0	24	39	0	0	0
2372225	2576700321	450	1	11	9	126290	0	0	70	11.1	101.7	34.3	0	24	39	0	0	0
2372225	2576700993	176	1	11	27	234580	210171	1	3.7	51.4	15.9	24.8	0	25	40	0	0	0
2372225	2576701021	450	1	11	39	98851	477463	1	42	79.3	63.5	91.2	0	26	41	0	0	0
2372225	2576701223	176	1	11	52	242313	0	0	29.8	0	64.6	6.8	0	27	42	0	0	0
2372225	2576701517	176	1	12	5	242313	247412	1	59.1	0	72.8	11.2	0	27	43	0	0	0
2372225	2576701559	176	1	12	9	247412	242313	1	70.5	11.2	60	3.8	0	27	43	0	0	0
2372225	2576701681	176	1	12	11	242313	40270	1	59.7	3.6	88	26.6	0	27	43	0	0	0
2372225	2576702177	176	1	12	40	538283	0	0	99.5	0.5	92.6	61	0	27	44	2	0	6
2372225	2576702319	176	1	12	47	234511	40270	1	71.7	83.6	75.6	69.6	0	27	45	0	0	0
2372225	2576702371	176	1	12	49	40270	195883	1	75.6	69.6	95.7	70.4	0	27	45	0	0	0
2372225	2576702381	176	1	12	51	195883	0	0	95.7	71	92.5	67.4	0	27	45	0	0	0
2372225	2576702487	450	1	12	57	484702	0	0	10.8	4.4	46.8	17.1	0	28	46	0	0	0
2372225	2576702555	176	1	12	58	184028	0	1	51.3	87.8	57.7	79.2	0	29	47	0	3	0
2372225	2576702587	176	1	13	0	242830	242313	1	57.7	78.2	39.9	54.4	0	29	47	0	0	0
2372225	2576702647	176	1	13	3	242313	210171	1	40	54.4	46.9	43	0	29	47	0	0	0
2372225	2576702671	176	1	13	7	210171	538283	1	46.9	42.8	47.4	50	0	29	47	0	0	0
2372225	2576702725	176	1	13	8	538283	234511	1	47.4	50	53	65.2	0	29	47	0	0	0
2372225	2576702779	176	1	13	11	234511	184028	1	53.4	71.6	56.1	93.2	0	29	47	0	0	0
2372225	2576702839	176	1	13	13	184028	195883	1	57.6	92.2	68.1	95.6	0	29	47	0	0	0
2372225	2576702879	176	1	13	16	195883	184028	1	69.1	92.4	59.3	89.2	0	29	47	0	0	0
2372225	2576702935	176	1	13	18	184028	242830	1	58.6	88.4	44.6	67	0	29	47	0	0	0
2372225	2576703057	176	1	13	20	242830	210171	1	44.6	67	43.8	37.8	0	29	47	0	0	0
2372225	2576703133	176	1	13	28	210171	234580	1	41.4	23.6	15.7	44.4	0	29	47	0	0	0
2372225	2576703179	176	1	13	31	234580	242830	1	15.7	44.4	30.2	63	0	29	47	0	0	0
2372225	2576703215	176	1	13	35	242830	210171	1	30.9	62	28.2	36.2	0	29	47	0	0	0
2372225	2576703277	176	1	13	37	210171	247412	1	28.6	32.2	67.1	26.8	0	29	47	0	0	0
2372225	2576703299	176	1	13	40	247412	179369	1	67.7	26.8	64.2	28.6	0	29	47	0	0	0
2372225	2576703323	176	1	13	41	179369	0	0	64.6	28.6	75.3	19.8	0	29	47	0	0	0
2372225	2576703507	176	1	13	48	538283	242313	1	66.3	13.6	68.9	5.8	0	29	48	0	0	0
2372225	2576703521	176	1	13	50	242313	538283	1	68.9	5.6	68.1	15.8	0	29	48	0	0	0
2372225	2576703533	176	1	13	51	538283	242313	1	68.2	16	67.8	6.6	0	29	48	0	0	0
2372225	2576703567	176	1	13	53	242313	179369	1	67.1	6.6	77.4	3	0	29	48	0	0	0
2372225	2576703603	176	1	13	54	179369	538283	1	77.6	3	74.2	23.6	0	29	48	0	0	0
2372225	2576703631	176	1	13	57	538283	40270	1	75.6	28	72.7	45.8	0	29	48	0	0	0
2372225	2576703781	176	1	14	3	242830	234511	1	55.1	56.8	62.6	78	0	29	49	0	0	0
2372225	2576703891	176	1	14	6	234511	195883	1	62.9	78	70.3	93	0	29	49	0	0	0
2372225	2576703971	176	1	14	10	184028	538283	1	83.6	96.2	85.3	80.8	0	29	50	0	0	0
2372225	2576703985	176	1	14	12	538283	0	0	89.7	76.6	88.2	62.8	0	29	50	2	0	0
2372225	2576704055	450	1	14	14	109243	0	1	27.9	40.4	16.4	44.1	0	30	51	0	0	0
2372225	2576704099	450	1	14	15	484702	0	0	16.8	43.9	45.1	21	0	30	51	0	0	0
2372225	2576704151	176	1	14	20	242830	195883	1	54.3	78.6	59.7	81.8	0	31	52	0	0	0
2372225	2576704171	176	1	14	21	195883	538283	1	59.7	81.8	67.1	75.6	0	31	52	0	0	0
2372225	2576704191	176	1	14	23	538283	195883	1	67.1	75.6	66.4	85	0	31	52	0	0	0
2372225	2576704229	176	1	14	24	195883	538283	1	66.4	85	60.8	77.4	0	31	52	0	0	0
2372225	2576704343	176	1	14	26	538283	195883	1	62.1	74.6	67.5	95.2	0	31	52	0	0	0
2372225	2576704407	176	1	14	30	195883	242830	1	67	94	47.8	68	0	31	52	0	0	0
2372225	2576704431	176	1	14	33	242830	210171	1	52.2	66.8	46.2	43.8	0	31	52	0	0	0
2372225	2576704509	176	1	14	35	210171	242313	1	46.2	43.8	56.5	11.8	0	31	52	0	0	0
2372225	2576704583	176	1	14	40	242313	234511	1	62.5	11.6	61.8	27.4	0	31	52	0	0	0
2372225	2576704605	176	1	14	42	234511	0	0	63.9	27.4	79.2	64.6	0	31	52	0	0	0
2372225	2576704665	450	1	14	45	126290	477463	1	25.6	29.1	37.7	36	0	32	53	0	0	0
2372225	2576704699	450	1	14	47	477463	0	0	43.4	29.8	46.7	30.6	0	32	53	0	0	0
2372225	2576704853	176	1	14	51	242830	195883	1	39.2	71.4	64.6	95.2	0	33	54	0	0	0
2372225	2576704943	176	1	14	57	195883	40270	1	67.2	73.4	68.2	53.6	0	33	54	0	0	0
2372225	2576705061	176	1	14	59	40270	179369	1	68.2	52.6	75.5	13.6	0	33	54	0	0	0
2372225	2576705089	176	1	15	5	179369	242313	1	87.6	26.4	89.2	15.4	0	33	54	0	0	0
2372225	2576705095	176	1	15	7	242313	0	0	89.2	15.4	89.7	18.8	0	33	54	2	0	0
2372225	2576705649	176	1	15	27	242313	0	0	84.8	0	87.8	36	0	33	55	0	0	0
2372225	2576705813	450	1	15	32	152723	0	0	9.3	67.8	48.8	43.9	0	34	56	0	0	0
2372225	2576705945	176	1	15	39	242830	210171	1	44.2	50	45.3	26.6	0	35	57	0	0	0
2372225	2576706039	176	1	15	42	210171	242830	1	45.2	24	32.9	48.4	0	35	57	0	0	0
2372225	2576706119	176	1	15	45	242830	184028	1	35.4	61.2	43.5	88.4	0	35	57	0	0	0
2372225	2576706173	176	1	15	48	184028	195883	1	43.9	87.8	59.1	94.8	0	35	57	0	0	0
2372225	2576706321	176	1	15	52	195883	184028	1	57.3	100	47.1	93	0	35	58	0	0	0
2372225	2576706449	176	1	15	58	184028	195883	1	45.7	89.4	57.2	94.6	0	35	58	0	0	0
2372225	2576706571	176	1	16	4	195883	0	0	46	72.6	81.6	-0.8	0	35	58	0	0	0
2372225	2576707053	450	1	16	28	152723	111232	1	20.2	100	39	86.2	0	36	59	0	0	0
2372225	2576707103	450	1	16	30	111232	477463	1	39.6	85.9	34.3	66.7	0	36	59	0	3	0
2372225	2576707239	450	1	16	32	477463	0	0	34.6	64.5	29.9	55	0	36	59	0	0	0
2372225	2576707331	450	1	16	38	126290	244273	1	23.5	7.3	19.9	34.5	0	36	60	0	0	0
2372225	2576707395	450	1	16	42	244273	98851	1	22.2	37.7	25	73.9	0	36	60	0	0	0
2372225	2576707453	450	1	16	48	98851	244273	1	25.2	67	23.7	25.6	0	36	60	0	0	0
2372225	2576707609	450	1	16	50	244273	138039	1	25.7	25	7.7	47	0	36	60	0	0	0
2372225	2576707749	450	1	16	58	138039	126290	1	12.1	41.8	48.7	2.5	0	36	60	0	0	0
2372225	2576707773	450	1	17	4	126290	130026	1	59.5	3.8	57.4	2.2	0	36	60	0	0	0
2372225	2576707877	450	1	17	5	130026	477463	1	57.4	2.2	41.2	8.8	0	36	60	0	0	0
2372225	2576707959	176	1	17	13	195883	0	0	57.5	86.4	58.4	82.4	0	37	61	0	0	0
2372225	2576708103	450	1	17	16	126290	138039	1	32.7	3.7	9.8	35.8	0	38	62	0	0	0
2372225	2576708241	450	1	17	24	138039	98851	1	12.2	45.1	23.9	78.4	0	38	62	0	0	0
2372225	2576708395	450	1	17	30	98851	94273	1	36.4	93	67	54.9	0	38	62	0	0	0
2372225	2576708431	450	1	17	32	94273	0	0	69.6	54.5	72.3	101.3	0	38	62	0	3	0
2372225	2576708771	176	1	17	52	242313	0	0	31.9	0	65	20.4	0	39	63	0	0	0
2372225	2576708895	450	1	17	57	244273	0	0	33.6	77	83.3	88.7	0	40	64	0	0	0
2372225	2576708931	176	1	18	2	210171	0	0	12.2	13.4	35.4	32	0	41	65	0	0	0
2372225	2576708969	450	1	18	5	111232	0	1	60.9	69.6	67.6	86.6	0	42	66	0	3	0
2372225	2576709003	450	1	18	6	484702	152723	1	67.6	86.6	56.7	86.6	0	42	66	0	0	0
2372225	2576709073	450	1	18	8	152723	98851	1	55.6	82	40.4	72.3	0	42	66	0	0	0
2372225	2576709119	450	1	18	12	98851	152723	1	44.5	70.9	54.5	90.8	0	42	66	0	0	0
2372225	2576709143	450	1	18	14	152723	109243	1	55.6	91.4	68.3	85.6	0	42	66	0	0	0
2372225	2576709179	450	1	18	15	109243	484702	1	70.6	86.3	69.8	96.9	0	42	66	0	0	0
2372225	2576709257	450	1	18	18	484702	111232	1	69.8	96.9	61.9	86.9	0	42	66	0	0	0
2372225	2576709309	450	1	18	19	111232	152723	1	62.2	84.4	54.9	92	0	42	66	0	0	0
2372225	2576709365	450	1	18	21	152723	98851	1	52.3	92.5	36.7	68.4	0	42	66	0	0	0
2372225	2576709437	450	1	18	25	98851	244273	1	37.2	66.4	40.5	33	0	42	66	0	0	0
2372225	2576709515	450	1	18	29	244273	98851	1	40.7	36.3	35.8	60.5	0	42	66	0	0	0
2372225	2576709547	450	1	18	32	98851	152723	1	33.2	72.1	39.1	91.7	0	42	66	0	0	0
2372225	2576709617	450	1	18	35	152723	0	0	42	90.8	57.2	71.8	0	42	66	0	0	0
2372225	2576709603	176	1	18	36	538283	234511	1	43.4	30.4	50.3	23.8	0	43	67	0	0	0
2372225	2576709629	176	1	18	37	234511	538283	1	50.3	23.6	45.2	18.4	0	43	67	0	0	0
2372225	2576709751	450	1	18	40	111232	244273	1	37.3	66.3	32.1	42.1	0	44	68	0	0	0
2372225	2576709833	450	1	18	45	244273	126290	1	33.2	44.6	41.5	14	0	44	68	0	0	0
2372225	2576709911	450	1	18	50	126290	244273	1	39.5	16.1	30.8	34.5	0	44	68	0	0	0
2372225	2576710007	450	1	18	54	244273	98851	1	30	36.1	34.6	70.3	0	44	68	0	0	0
2372225	2576710037	450	1	18	58	98851	152723	1	48.4	78.2	67.1	91.4	0	44	68	0	0	0
2372225	2576710049	450	1	19	1	152723	0	0	68.2	91.7	69.9	91.1	0	44	68	0	0	0
2372225	2576710353	450	1	19	12	152723	484702	1	67.4	100	74.7	87.1	0	44	69	0	0	0
2372225	2576710419	450	1	19	17	484702	126290	1	71.5	72.4	68.5	33.6	0	44	69	0	0	0
2372225	2576710441	450	1	19	20	126290	0	0	68.6	33.6	74.3	28.6	0	44	69	0	0	0
2372225	2576710597	176	1	19	30	195883	247412	1	76.2	69.4	78.7	60	0	45	70	0	0	0
2372225	2576710601	176	1	19	32	247412	0	0	73.2	65.5	70.4	67.2	0	45	70	0	0	0
2372225	2576710649	176	1	19	34	234511	0	0	66.7	54.4	68.6	55.6	0	45	71	0	0	0
2372225	2577024179	450	1	19	59	244273	477463	1	29.9	49.3	35.3	36.6	0	46	73	0	0	5
2372225	2576711149	450	1	20	0	477463	244273	1	31.8	37.6	26.2	56.3	0	46	73	0	0	0
2372225	2576711163	450	1	20	2	244273	98851	1	27.1	59.4	42.2	84.5	0	46	73	0	0	0
2372225	2576711175	450	1	20	7	98851	244273	1	42.2	84.5	31	64.2	0	46	73	0	0	0
2372225	2576711301	450	1	20	11	244273	126290	1	30.6	56.9	62.2	5.2	0	46	73	0	0	0
2372225	2576711365	450	1	20	15	126290	130026	1	61.1	7.7	64.9	11.9	0	46	73	0	0	0
2372225	2576712055	450	1	20	53	130026	98851	1	65.5	16.5	96.6	64.9	0	46	74	2	0	5
2372225	2576712495	176	1	21	18	234580	247412	1	3.9	47.2	53.1	81	0	47	75	0	0	0
2372225	2576712599	450	1	21	24	126290	244273	1	35.8	16.1	29.6	27.4	0	48	76	0	0	0
2372225	2576712663	450	1	21	30	244273	98851	1	30.4	27.9	28.5	61.1	0	48	76	0	0	0
2372225	2576712737	450	1	21	35	98851	109243	1	32.9	69.1	39.3	81.7	0	48	76	0	0	0
2372225	2576712777	450	1	21	37	109243	98851	1	37.4	80.9	30	61.4	0	48	76	0	0	0
2372225	2576712843	450	1	21	40	98851	109243	1	30.8	63.1	38	80.5	0	48	76	0	0	0
2372225	2576712893	450	1	21	44	109243	184028	100	36.7	75.1	66.3	8.8	0	48	76	0	0	0
2372225	2576713005	176	1	21	49	184028	111232	100	25.2	91.4	26.8	88.4	0	49	77	0	0	0
2372225	2576713075	450	1	21	51	111232	130026	1	64.4	10.1	72.9	23.4	0	50	78	0	0	0
2372225	2576713079	450	1	21	56	130026	0	1	73.9	15.5	68.8	5.6	0	50	78	0	0	0
2372225	2576713155	450	1	21	58	126290	111232	1	67.6	10.4	61.9	16.1	0	50	78	0	0	0
2372225	2576713197	450	1	22	0	111232	130026	1	63.7	25.5	73	20.1	0	50	78	0	0	0
2372225	2576713247	450	1	22	2	130026	126290	1	73	20.4	82.6	10.1	0	50	78	0	0	0
2372225	2576713275	450	1	22	5	126290	0	0	85.6	7.7	90.8	14.6	0	50	78	2	0	0
2372225	2576713811	450	1	22	34	126290	130026	1	85.1	0	89.1	10.4	0	50	79	0	0	0
2372225	2576713883	450	1	22	36	130026	109243	1	88.5	11.4	80	23.1	0	50	79	0	0	0
2372225	2576713947	450	1	22	39	109243	152723	1	76.3	30	59.6	51	0	50	79	0	0	0
2372225	2576714005	450	1	22	41	152723	98851	1	60	52.6	53.9	85.3	0	50	79	0	0	0
2372225	2576714083	450	1	22	46	98851	138039	1	36.2	85.1	20.8	48.2	0	50	79	0	0	0
2372225	2576714133	450	1	22	52	138039	0	0	20.8	48.4	69.7	56.4	0	50	79	0	0	0
2372225	2576714175	176	1	22	55	210171	0	0	31.2	34.6	56.6	45.6	0	0	0	0	3	0
2372225	2576714255	450	1	22	57	477463	109243	1	43.4	55.5	50.1	60	0	50	80	0	3	0
2372225	2576714277	450	1	23	0	109243	152723	1	46.6	75	41.5	94.2	0	50	80	0	0	0
2372225	2576714291	450	1	23	2	152723	0	0	41.5	94.2	45.9	93.5	0	50	80	0	0	0
2372225	2576714451	450	1	23	8	152723	98851	1	44.7	100	35.9	85.6	0	50	81	0	0	0
2372225	2576714493	450	1	23	11	98851	244273	1	35.9	83	36	34.8	0	50	81	0	0	0
2372225	2576714537	450	1	23	15	244273	98851	1	32.1	36.3	31.9	69.7	0	50	81	0	0	0
2372225	2576714587	450	1	23	19	98851	484702	1	33.6	73.5	55.8	81.4	0	50	81	0	0	0
2372225	2576714607	450	1	23	21	484702	109243	1	57.2	81.1	61.1	65.1	0	50	81	0	0	0
2372225	2576714677	450	1	23	23	109243	126290	1	63.7	59.9	77.6	6.8	0	50	81	0	0	0
2372225	2576714765	450	1	23	28	126290	94273	1	78.7	8.5	90.9	46.3	0	50	81	2	0	0
2372225	2576715665	176	1	24	33	247412	538283	1	50	50.3	47	46	0	51	83	0	0	0
2372225	2576716721	176	1	24	33	40270	538283	1	45.2	45.8	40.2	58.4	0	51	83	0	0	0
2372225	2576715681	176	1	24	36	538283	242313	1	42.9	52.2	35.6	20	0	51	83	0	0	0
2372225	2576715701	176	1	24	40	242313	210171	1	35.6	20	30.4	44.6	0	51	83	0	0	0
2372225	2576715739	176	1	24	42	210171	242830	1	31.5	47.4	32.1	78.2	0	51	83	0	0	0
2372225	2576715783	176	1	24	44	242830	184028	1	33	77.8	41.1	93.6	0	51	83	0	0	0
2372225	2576715799	176	1	24	47	184028	538283	1	41.7	90.4	40.9	74.2	0	51	83	0	0	0
2372225	2576715811	176	1	24	48	538283	184028	1	41.1	74.2	43.4	89.6	0	51	83	0	0	0
2372225	2576715893	176	1	24	50	184028	210171	1	42	87.6	30.5	45.8	0	51	83	0	0	0
2372225	2576715937	176	1	24	55	210171	242313	1	28.4	40.2	30.1	15.8	0	51	83	0	0	0
2372225	2576715963	176	1	24	58	242313	234511	1	29.7	13	34.4	23	0	51	83	0	0	0
2372225	2576715989	176	1	24	59	234511	0	0	34.4	23	70	21.6	0	51	83	0	0	0
2372225	2576716315	176	1	25	18	242313	247412	1	64.2	0	76	13.8	0	51	84	0	0	0
2372225	2576716325	176	1	25	20	247412	179369	1	76	13.8	80.6	3.2	0	51	84	0	0	0
2372225	2576716339	176	1	25	21	179369	247412	1	80.6	3.2	77.2	11.2	0	51	84	0	0	0
2372225	2576716413	450	1	25	24	109243	0	0	20	96	56.1	62.1	0	52	85	0	0	0
2372225	2576716525	176	1	25	30	242830	538283	1	47.1	46.2	54.5	44	0	53	86	0	0	0
2372225	2576717165	450	1	26	9	138039	0	0	23	69.3	69.1	12.8	0	54	87	0	0	5
2372225	2576717211	176	1	26	12	184028	0	0	41.6	89.4	65.3	73.4	0	0	0	0	3	0
2372225	2576717407	450	1	26	27	138039	94273	1	13	42.8	54.6	12.6	0	56	90	0	0	0
2372225	2576717409	450	1	26	31	94273	0	0	57.4	8.9	55.5	9.2	0	56	90	0	0	0
2372225	2576718913	450	1	26	33	94273	126290	1	60.6	10.1	60.9	5.8	0	56	91	0	0	0
2372225	2576717463	450	1	26	33	130026	126290	1	63.9	2.5	45.9	7.3	0	56	91	0	0	0
2372225	2576717493	450	1	26	36	126290	111232	1	57.1	20.7	46.2	30	0	56	91	0	0	0
2372225	2576717517	450	1	26	38	111232	152723	1	48.2	34.5	46.1	74.5	0	56	91	0	0	0
2372225	2576717549	450	1	26	41	152723	109243	1	46	78.1	56.6	67.3	0	56	91	0	0	0
2372225	2576717567	450	1	26	43	109243	244273	1	45.7	72.3	31.3	37.1	0	56	91	0	0	0
2372225	2576717585	450	1	26	45	244273	477463	1	31.3	37.1	36.7	16.5	0	56	91	0	0	0
2372225	2576717613	450	1	26	47	477463	130026	1	37.3	14	52.9	1.4	0	56	91	0	0	0
2372225	2576717615	450	1	26	49	130026	0	0	41.1	7	36.5	5.6	0	56	91	0	0	0
2372225	2576717739	450	1	26	52	477463	109243	1	32.6	20.4	37	38.8	0	56	92	0	0	0
2372225	2576717801	450	1	27	0	109243	477463	1	35.8	44.2	33	26.2	0	56	92	0	0	0
2372225	2576717845	450	1	27	5	477463	0	0	39.5	21.8	75.2	-2	0	56	92	0	0	0
2372225	2576717991	176	1	27	19	184028	538283	1	34.6	100	28	92.6	0	57	93	0	0	0
2372225	2576718029	176	1	27	20	538283	184028	1	27.3	92.4	30.4	96.6	0	57	93	0	0	0
2372225	2576718091	176	1	27	22	184028	247412	1	30.4	96.6	41.8	88.4	0	57	93	0	0	0
2372225	2576718093	176	1	27	24	247412	538283	1	44.9	85.5	37	80	0	57	93	0	0	0
2372225	2576718151	176	1	27	25	538283	40270	1	44.5	71.2	46.7	54.6	0	57	93	0	0	0
2372225	2576718165	176	1	27	28	40270	234511	1	46.6	54.6	40.6	57.6	0	57	93	0	0	0
2372225	2576718231	176	1	27	29	234511	242313	1	41.3	51	59.7	19.4	0	57	93	0	0	0
2372225	2576718249	176	1	27	36	242313	195883	1	69.5	24.2	73.8	43.4	0	57	93	0	0	0
2372225	2576718255	176	1	27	37	195883	0	0	75.3	43.8	87.6	30.4	0	57	93	0	0	0
2372225	2576718389	450	1	27	41	152723	484702	1	3.7	87.4	39.7	80.5	0	58	94	0	0	0
2372225	2576718391	450	1	27	43	484702	0	0	40.7	80	60.9	76.3	0	58	94	0	3	0
2372225	2576718449	176	1	27	46	210171	0	1	45.3	22.4	28.4	30.2	0	59	95	0	3	0
2372225	2576718485	176	1	27	50	234580	195883	1	28.3	30.4	55	62.8	0	59	95	0	0	0
2372225	2576718507	176	1	27	52	195883	538283	1	54.5	63.4	46.6	55.2	0	59	95	0	0	0
2372225	2576718551	176	1	27	55	538283	40270	1	46.7	54	58.3	35	0	59	95	0	0	0
2372225	2576718673	176	1	27	58	40270	179369	1	58.9	32.2	80.8	13.2	0	59	95	0	0	0
2372225	2576718749	176	1	28	5	179369	234511	1	86.8	16.4	77.3	31.6	0	59	95	0	0	0
2372225	2576719275	450	1	28	41	138039	111232	1	3.3	45.7	56.8	28	0	60	96	0	0	0
2372225	2576719277	450	1	28	44	111232	0	0	56.8	28	69.6	41.3	0	60	96	0	3	0
2372225	2576719309	176	1	28	46	210171	0	0	31.5	64.6	39.7	93.4	0	61	97	0	0	0
2372225	2576719375	450	1	28	50	130026	0	1	64.1	5.5	85.7	8.9	0	62	98	0	0	0
2372225	2576720863	176	1	30	26	242313	184028	1	8.9	6.4	21.7	30.8	0	63	100	0	0	5
2372225	2576720891	176	1	30	28	184028	210171	1	33	82	24.4	65.8	0	63	100	0	0	0
2372225	2576720907	176	1	30	32	242830	210171	1	23.4	63.8	23.3	30.2	0	63	101	0	0	0
2372225	2576720923	176	1	30	35	210171	242313	1	23.3	30.2	26.5	10	0	63	101	0	0	0
2372225	2576720933	176	1	30	37	242313	0	0	29.1	4	52.6	16.5	0	63	101	0	0	0
2372225	2576720961	450	1	30	39	152723	477463	1	38.9	83.8	57.9	82	0	64	102	0	0	0
2372225	2576720981	450	1	30	40	477463	111232	1	57.9	82	41.5	72.6	0	64	102	0	0	0
2372225	2576721073	450	1	30	42	111232	0	1	44.2	73.8	64	71.4	0	64	102	0	0	0
2372225	2576721141	450	1	30	44	484702	109243	1	60.9	77	63.4	91.8	0	64	102	0	0	0
2372225	2576721165	450	1	30	46	109243	152723	1	61.7	92.4	34.8	86.3	0	64	102	0	0	0
2372225	2576721187	450	1	30	48	152723	138039	1	33.8	88.7	11.9	53.7	0	64	102	0	0	0
2372225	2576721253	450	1	30	52	138039	98851	1	12	54	20.9	81.1	0	64	102	0	0	0
2372225	2576721293	450	1	30	55	98851	0	1	20.9	81.1	30.4	77.3	0	64	102	0	0	0
2372225	2576721381	450	1	30	58	111232	0	0	34	77.9	69.7	74.4	0	64	102	0	0	0
2372225	2576721577	176	1	31	9	210171	242313	1	27.6	24.6	27.3	14	0	65	103	0	0	0
2372225	2576721707	176	1	31	12	242313	179369	1	26.6	12	43.5	5.8	0	65	103	0	0	0
2372225	2576721831	450	1	31	22	152723	109243	1	56.6	100	55.2	90	0	66	104	0	0	0
2372225	2576721849	450	1	31	24	109243	477463	1	56.4	88	59.6	54.8	0	66	104	0	0	0
2372225	2576721953	450	1	31	25	477463	244273	1	59.9	54.8	34.9	54.8	0	66	104	0	0	0
2372225	2576722039	450	1	31	31	244273	98851	1	37.2	51.8	34	84.3	0	66	104	0	0	0
2372225	2576722143	450	1	31	36	98851	244273	1	33.3	83.3	25.1	54	0	66	104	0	0	0
2372225	2576722189	450	1	31	39	244273	126290	1	29.9	53	65.9	2.3	0	66	104	0	0	0
2372225	2576722227	450	1	31	43	126290	0	0	65.9	2.3	55.4	4.6	0	66	104	0	3	0
2372225	2576722541	176	1	31	56	184028	242830	1	45.6	91.6	34	70.8	0	67	105	0	0	5
2372225	2576722551	176	1	31	58	242830	210171	1	33.7	69	32.2	42.8	0	67	105	0	0	0
2372225	2576722563	176	1	32	0	210171	242830	1	32.2	42.8	35.7	67.2	0	67	105	0	0	0
2372225	2576722635	176	1	32	4	242830	0	0	36.5	68.4	89.6	73.4	0	67	105	0	0	0
2372225	2576723057	450	1	32	28	138039	94273	1	11.9	43	53.5	37.4	0	68	106	0	0	0
2372225	2576723107	450	1	32	31	94273	130026	1	54.9	38.3	72	22.8	0	68	106	0	3	0
2372225	2576723201	176	1	32	35	184028	195883	1	31.1	87.2	43.9	84.4	0	69	107	0	0	0
2372225	2576723235	176	1	32	41	195883	184028	1	56.2	89	43.9	94	0	69	107	0	0	0
2372225	2576723293	176	1	32	43	184028	242830	1	43.5	94	33	69	0	69	107	0	0	0
2372225	2576723377	176	1	32	46	242830	210171	1	31.2	66.8	31.2	37.6	0	69	107	0	0	0
2372225	2576723471	176	1	32	50	210171	242313	1	40.3	29.2	58.3	3.6	0	69	107	0	0	0
2372225	2576723591	176	1	32	54	242313	0	1	58.3	3.6	78.1	10.8	0	69	107	0	0	0
2372225	2576724041	450	1	33	31	138039	0	0	23.5	88.2	62.7	33.6	0	70	108	0	0	5
2372225	2576724103	176	1	33	34	242830	195883	1	34.6	67.2	34.8	76.7	0	0	0	0	3	0
2372225	2576724375	176	1	33	49	184028	242830	1	31.1	89	18.5	79	0	71	109	0	0	5
2372225	2576724425	176	1	33	51	242830	234580	1	18.5	78.6	10.4	47.4	0	71	109	0	0	0
2372225	2576724457	176	1	33	55	234580	210171	1	12.7	44.8	15.3	30	0	71	109	0	0	0
2372225	2576724517	176	1	33	57	210171	242830	1	19.4	33.6	25.8	70	0	71	109	0	0	0
2372225	2576724595	176	1	34	2	242830	210171	1	30.5	69.4	28	39.4	0	71	109	0	0	0
2372225	2576724641	176	1	34	6	210171	234511	1	28.7	34.6	30.7	20.2	0	71	109	0	0	0
2372225	2576724733	176	1	34	10	234511	234580	1	26.8	40.6	9.6	55.4	0	71	109	0	0	0
2372225	2576724779	176	1	34	15	234580	210171	1	9.4	56.8	18.9	29.2	0	71	109	0	0	0
2372225	2576724841	176	1	34	17	210171	0	1	23.1	23	39.7	19.6	0	71	109	0	0	0
2372225	2576725177	176	1	34	36	210171	242830	1	38.1	30	30.8	59.6	0	71	110	0	0	5
2372225	2576725199	176	1	34	38	242830	538283	1	30.8	59.6	40.2	77.2	0	71	110	0	0	0
2372225	2576725231	176	1	34	40	538283	0	1	40.3	77.6	57.5	71.8	0	71	110	0	0	0
2372225	2576725309	176	1	34	42	195883	40270	1	55.1	67.2	53.4	45.8	0	71	110	0	0	0
2372225	2576725311	176	1	34	44	40270	0	0	49	46.4	49.1	44.7	0	71	110	0	0	0
2372225	2576725393	176	1	34	50	242830	184028	1	36.1	63.4	57.2	96.2	0	71	111	0	0	0
2372225	2576725433	176	1	34	55	184028	195883	1	64.6	93.8	72.4	96.6	0	71	111	0	0	0
2372225	2576725469	176	1	34	57	195883	184028	1	75.9	93.6	77.4	83.2	0	71	111	0	0	0
2372225	2576725477	176	1	34	59	184028	247412	1	78.1	81	85.7	67.8	0	71	111	0	0	0
2372225	2576725499	176	1	35	0	247412	0	0	86.2	66.8	69.2	73.4	0	71	111	0	0	0
2372225	2576725643	450	1	35	3	484702	477463	1	33.7	27.7	34.1	7.9	0	72	112	0	0	0
2372225	2576725673	450	1	35	11	477463	210171	100	86	11	93.3	65.7	0	72	112	2	0	0
2372225	2576726423	450	1	35	59	130026	244273	1	99.5	99.5	90.6	52.2	0	72	113	2	0	6
2372225	2576726853	176	1	36	25	234580	242830	1	4.3	49.4	17	67.4	0	73	114	0	0	0
2372225	2576726887	176	1	36	27	242830	210171	1	28.3	63.4	25.9	34.8	0	73	114	0	0	0
2372225	2576726911	176	1	36	29	210171	242313	1	25.9	34.8	30.4	10.2	0	73	114	0	0	0
2372225	2576726965	176	1	36	32	242313	538283	1	27.6	13.8	39.3	28.4	0	73	114	0	0	0
2372225	2576726999	176	1	36	35	538283	234511	1	43.1	24.6	52.2	9.2	0	73	114	0	0	0
2372225	2576727053	176	1	36	37	234511	0	0	55.2	10.8	64.2	-1.2	0	73	114	0	0	0
2372225	2576727493	450	1	37	0	152723	242313	100	42.5	100	59.5	86.9	0	74	115	0	0	0
2372225	2576727545	176	1	37	3	242830	0	0	42.1	28.4	65.7	21.6	0	75	116	0	0	0
2372225	2576727565	450	1	37	5	98851	0	0	26.2	76.6	30.6	83	0	0	0	0	3	0
2372225	2576727693	450	1	37	15	477463	0	0	5.6	91.4	5.5	88.6	0	76	118	0	0	0
2372225	2576727769	176	1	37	16	179369	0	0	85.8	10.2	102	77	0	77	119	2	0	0
2372225	2576728307	450	1	37	45	138039	0	0	2.9	50	33.5	35.5	0	78	120	0	0	0
2372225	2576731829	176	1	37	47	195883	184028	1	84.6	80.8	94.4	76.5	0	79	121	0	0	0
2372225	2576731899	176	1	37	49	184028	247412	1	93.7	77.5	96.2	55	0	79	121	0	0	0
2372225	2576729653	450	1	39	7	138039	0	0	4.8	48.5	53.4	4.7	0	80	123	0	0	5
2372225	2576729691	176	1	39	10	195883	0	1	46.9	94	55.8	78.6	0	81	124	0	3	0
2372225	2576729733	176	1	39	12	247412	234511	1	55.8	78.6	50.8	71.4	0	81	124	0	0	0
2372225	2576729799	176	1	39	14	234511	247412	1	52.9	71.4	61	67	0	81	124	0	0	0
2372225	2576729837	176	1	39	17	247412	179369	1	70.5	49.4	78.3	45.2	0	81	124	0	0	0
2372225	2576730155	450	1	39	35	138039	94273	1	13.1	43.3	71.9	48.1	0	82	125	0	0	0
2372225	2576730177	450	1	39	38	94273	0	0	72.1	50.6	72.7	51.5	0	82	125	0	3	0
2372225	2576730581	450	1	40	0	98851	0	0	36.8	66.7	71.6	46.9	0	84	127	0	0	5
2372225	2576730605	176	1	40	3	242830	0	0	32.1	60	38.5	64.8	0	0	0	0	3	0
2372225	2576730681	450	1	40	4	477463	130026	1	67.9	34	73	6.2	0	84	128	0	0	0
2372225	2576730693	450	1	40	7	130026	126290	1	73	6.2	60.4	6.4	0	84	128	0	0	0
2372225	2576730799	450	1	40	8	126290	477463	1	60.4	6.4	71.3	2.5	0	84	128	0	0	0
2372225	2576730809	450	1	40	10	477463	0	0	71.5	2.2	77.3	10.1	0	84	128	0	3	0
2372225	2576730819	176	1	40	12	242830	0	1	24	83	24.8	94.8	0	85	129	0	0	0
2372225	2576730943	176	1	40	18	195883	242830	1	31.3	87.4	21.2	82	0	85	130	0	0	5
2372225	2576730965	176	1	40	21	242830	234580	1	21	74	9.9	43.6	0	85	130	0	0	0
2372225	2576731069	176	1	40	23	234580	242313	1	9.6	43.2	22.8	13.2	0	85	130	0	0	0
2372225	2576731083	176	1	40	29	242313	0	0	46.7	7.4	61.7	28	0	85	130	0	0	0
2372225	2576731167	450	1	40	32	111232	109243	1	42	83.9	44.5	95.7	0	86	131	0	0	0
2372225	2576731219	450	1	40	34	109243	130026	1	40.5	91.5	56.3	57.3	0	86	131	0	0	0
2372225	2576731243	450	1	40	36	130026	477463	1	57.7	58.1	44.1	60.9	0	86	131	0	3	0
2372225	2576731259	176	1	40	38	40270	247412	1	68.1	32.6	67.9	42.2	0	87	132	0	0	0
2372225	2576732179	450	1	41	24	138039	484702	1	4.4	46.4	63.6	54.9	0	88	133	0	0	0
2372225	2576732215	450	1	41	27	484702	126290	1	58.3	51.5	41.5	18.8	0	88	133	0	0	0
2372225	2576732237	450	1	41	29	126290	244273	1	41.5	18	29.5	28.5	0	88	133	0	0	0
2372225	2576732327	450	1	41	31	244273	484702	1	29.5	28.5	62.6	17.3	0	88	133	0	0	0
2372225	2576732331	450	1	41	35	484702	0	0	64	14.9	65.1	17.6	0	88	133	0	0	0
2372225	2576732925	450	1	42	8	244273	0	0	35.8	41.8	101.7	82	0	90	135	0	0	5
2372225	2576733065	176	1	42	18	234580	210171	1	2.9	49.4	7.5	34.6	0	91	136	0	0	0
2372225	2576733163	176	1	42	20	210171	242313	1	7.6	34	10	13.2	0	91	136	0	0	0
2372225	2576733253	176	1	42	25	242313	538283	1	10.3	16.2	29.3	25	0	91	136	0	0	0
2372225	2576733377	176	1	42	29	538283	0	1	29.7	18.8	19.8	68	0	91	136	0	0	0
2372225	2576733447	176	1	42	34	242830	184028	1	26.8	74.6	40.3	91.2	0	91	136	0	0	0
2372225	2576733505	176	1	42	40	184028	195883	1	62.1	86.6	67.7	94.6	0	91	136	0	0	0
2372225	2576733543	176	1	42	44	195883	0	0	64.4	85.2	73.7	75.4	0	91	136	0	0	0
2372225	2576733593	450	1	42	46	244273	484702	1	24.1	23.1	22.8	13.4	0	92	137	0	0	0
2372225	2576733599	450	1	42	47	484702	0	0	22.8	13.4	25.7	16.2	0	92	137	0	0	0
2372225	2576733655	176	1	42	50	247412	126290	100	87.1	81.8	84.8	74	0	93	138	0	0	0
2372225	2576734147	450	1	43	10	138039	0	0	15.6	36.7	83.7	49	0	94	139	0	0	0
2372225	2576734199	176	1	43	17	210171	0	1	13.9	58.2	29.5	75.4	0	95	140	0	0	0
2372225	2576734241	176	1	43	18	184028	0	0	29.5	75.4	51.7	55	0	95	140	0	0	0
2372225	2576734259	450	1	43	21	98851	484702	1	45.9	49.3	59.2	46.6	0	96	141	0	0	0
2372225	2576734273	450	1	43	22	484702	111232	1	62.6	46.3	55.6	49.4	0	96	141	0	0	0
2372225	2576734299	450	1	43	24	111232	484702	1	55	51	65.2	56	0	96	141	0	0	0
2372225	2576734309	450	1	43	25	484702	109243	1	65.9	56	63	63.9	0	96	141	0	3	0
2372225	2576734353	450	1	43	26	109243	152723	1	63	63.9	57.1	90.9	0	96	141	0	0	0
2372225	2576734387	450	1	43	29	152723	484702	1	61.9	93.5	73.4	94.8	0	96	141	0	0	0
2372225	2576734415	450	1	43	32	484702	152723	1	73.4	94.8	73.8	84.4	0	96	141	0	0	0
2372225	2576734617	176	1	43	43	234580	242313	1	12.5	31.8	25.9	7.2	0	97	142	0	0	0
2372225	2576734687	176	1	43	46	242313	0	0	28.7	7	73.8	10.6	0	97	142	0	0	0
2372225	2576735957	176	1	44	58	242313	0	1	73.9	0	58.9	13.4	0	97	143	0	0	0
2372225	2576736127	176	1	45	6	210171	234511	1	64	15.4	65.3	24.8	0	97	143	0	0	0
2372225	2576736213	176	1	45	9	234511	247412	1	72.2	31.2	90.1	59	0	97	143	0	0	0
2372225	2576736721	450	1	45	38	138039	111232	1	3.1	44.3	55.7	17.1	0	98	144	0	0	0
2372225	2576736727	450	1	45	42	111232	0	0	55.4	15.8	58.2	15.8	0	98	144	0	3	0
2372225	2576736773	450	1	45	44	111232	126290	1	45.5	15.2	36.2	7.7	0	98	145	0	0	0
2372225	2576736799	450	1	45	46	126290	138039	1	36.2	7.7	14.5	32.8	0	98	145	0	0	0
2372225	2576736819	450	1	45	49	138039	0	0	14.5	32.8	58.8	38.8	0	98	145	0	0	0
2372225	2576736863	176	1	45	50	234511	0	0	41.4	61.8	63.1	59.2	0	0	0	0	3	0
2372225	2576737011	450	1	45	52	98851	484702	1	39.4	43.4	53.2	26.8	0	98	146	0	3	0
2372225	2576737039	450	1	45	57	484702	130026	1	65.8	22.8	67.8	5.8	0	98	146	0	0	0
2372225	2576737059	450	1	45	59	130026	126290	1	67.9	5.8	54.7	6.1	0	98	146	0	0	0
2372225	2576737117	450	1	46	1	126290	111232	1	54.7	6.1	62.3	12.6	0	98	146	0	0	0
2372225	2576737353	450	1	46	14	126290	484702	1	53.4	0	66.1	13.8	0	98	147	0	0	0
2372225	2576737373	450	1	46	15	484702	130026	1	66.2	14.1	60.2	12.8	0	98	147	0	0	0
2372225	2576737397	450	1	46	16	130026	111232	1	60.2	12.8	61.8	27	0	98	147	0	0	0
2372225	2576737443	450	1	46	18	111232	109243	1	61.8	27	64.8	39.8	0	98	147	0	0	0
2372225	2576737453	450	1	46	20	109243	98851	1	65.2	45.7	52.3	72.1	0	98	147	0	0	0
2372225	2576737535	450	1	46	22	98851	152723	1	52.3	72.1	67.4	92.7	0	98	147	0	0	0
2372225	2576738137	176	1	46	56	234580	0	0	3.6	42.4	63.5	24.4	0	99	148	0	0	0
2372225	2576738169	450	1	47	1	98851	0	0	28.7	68.5	56.6	82.7	0	0	0	0	3	0
2372225	2576738203	176	1	47	3	242313	0	0	41.4	14.8	56.1	74.4	0	99	149	0	0	0
2372225	2576738291	450	1	47	7	130026	0	0	44.2	23.1	61.6	34	0	100	150	0	0	0
2372225	2576738375	176	1	47	11	242830	0	0	46.9	56.4	66	61.6	0	101	151	0	0	0
2372225	2576738447	450	1	47	14	98851	0	1	23.6	41	38.3	24.9	0	102	152	0	3	0
2372225	2576738509	450	1	47	15	130026	0	0	39.4	25.9	41	89.9	0	102	152	0	0	0
2372225	2576738535	176	1	47	20	242313	0	1	56.4	10.8	64.3	18.4	0	103	153	0	0	0
2372225	2576738829	176	1	47	34	242313	40270	1	63.3	0	70	19.4	0	105	155	0	0	0
2372225	2576738955	450	1	47	37	484702	0	1	35.4	76.6	34.8	66.6	0	106	156	0	0	0
2372225	2576739035	450	1	47	43	477463	130026	1	46.4	51.9	65.4	6.8	0	106	156	0	0	0
2372225	2576739067	450	1	47	46	130026	126290	1	68.2	7.7	87.6	16.4	0	106	156	0	0	0
2372225	2576739093	450	1	47	49	126290	109243	1	80.9	13.7	91.9	94.2	0	106	156	2	0	0
2372225	2576740315	450	1	47	56	109243	152723	1	86	91.5	80.1	89.2	0	106	156	0	0	0
2372225	2576739251	450	1	47	58	152723	94273	1	78.9	88.6	88.8	56.7	0	106	156	2	0	0
2372225	2576749745	450	2	45	0	484702	111232	1	50.1	49.9	35.2	46.3	0	107	157	0	0	0
2372225	2576749801	450	2	45	2	111232	98851	1	36.2	50.9	25.6	65.5	0	107	157	0	0	0
2372225	2576749857	450	2	45	4	98851	94273	1	25.1	62.4	60	46.7	0	107	157	0	0	0
2372225	2576749885	450	2	45	9	94273	152723	1	45.7	55.4	38.7	88.7	0	107	157	0	0	0
2372225	2576749939	450	2	45	10	152723	98851	1	38.7	88.7	31.8	73.8	0	107	157	0	0	0
2372225	2576750029	450	2	45	12	98851	138039	1	28.1	69.9	13.2	46.1	0	107	157	0	0	0
2372225	2576750123	450	2	45	18	138039	0	0	13.8	42.7	59	21.2	0	107	157	0	0	0
2372225	2576750263	176	2	45	32	184028	247412	1	40.3	100	54.3	93.8	0	108	159	0	0	0
2372225	2576750293	176	2	45	36	247412	184028	1	54.3	93.8	43.4	98.4	0	108	159	0	0	0
2372225	2576750301	176	2	45	37	184028	0	0	43.4	98.4	46.4	96.6	0	108	159	0	0	0
2372225	2576750437	176	2	45	46	184028	247412	1	47.4	100	60.4	90.7	0	108	160	0	0	0
2372225	2576750451	176	2	45	48	247412	184028	1	61.7	91.2	53.8	88.2	0	108	160	0	0	0
2372225	2576750489	176	2	45	49	184028	247412	1	53.7	88.2	65.1	87.2	0	108	160	0	0	0
2372225	2576750505	176	2	45	52	40270	184028	1	65	83.2	63.8	89	0	108	161	0	0	0
2372225	2576750629	176	2	45	53	184028	195883	1	63.9	89	78.4	93.2	0	108	161	0	0	0
2372225	2576750633	176	2	46	2	195883	0	0	98.1	83.6	96.1	73.6	0	108	161	2	0	0
2372225	2576750691	450	2	46	3	126290	130026	1	6.1	27.3	5.9	7	0	109	162	0	0	0
2372225	2576750699	450	2	46	7	130026	0	0	11.2	2.9	62.8	25.4	0	109	162	0	0	0
2372225	2576750895	176	2	46	12	210171	234580	1	38.8	68.6	14.3	36.4	0	110	163	0	0	0
2372225	2576750971	176	2	46	18	234580	242830	1	12.2	39.4	28.9	80.8	0	110	163	0	0	0
2372225	2576750983	176	2	46	22	242830	234580	1	27.9	80.6	12.2	47.8	0	110	163	0	0	0
2372225	2576751069	176	2	46	26	234580	210171	1	12.2	47.8	25.4	22.6	0	110	163	0	0	0
2372225	2576751091	176	2	46	31	210171	242313	1	30.4	16.8	37.1	4.8	0	110	163	0	0	0
2372225	2576751189	176	2	46	35	242313	210171	1	37.6	4.8	27.2	19.4	0	110	163	0	0	0
2372225	2576751229	176	2	46	42	210171	242313	1	34.2	18.6	36.2	5.2	0	110	163	0	0	0
2372225	2576751313	176	2	46	46	242313	234580	1	34.9	7.2	9.7	42.4	0	110	163	0	0	0
2372225	2576751337	176	2	46	50	234580	242830	1	8.6	51.4	15.6	74.8	0	110	163	0	0	0
2372225	2576751371	176	2	46	54	242830	184028	1	26.1	87.6	32.2	96.2	0	110	163	0	0	0
2372225	2576751413	176	2	46	57	184028	538283	1	35.8	87.6	32.5	70.8	0	110	163	0	0	0
2372225	2576751477	176	2	47	0	538283	179369	1	33	68.4	62.5	3.4	0	110	163	0	0	0
2372225	2576751517	176	2	47	4	179369	242313	1	60.8	3.8	46.9	6.2	0	110	163	0	0	0
2372225	2576751545	176	2	47	7	242313	484702	100	46.6	9.4	57.6	19.2	0	110	163	0	0	0
2372225	2576751579	450	2	47	8	484702	0	0	44.3	88.4	53.7	96.6	0	111	164	0	0	0
2372225	2576751649	176	2	47	12	242313	210171	1	42.8	5.8	37.9	23.6	0	112	165	0	0	0
2372225	2576751697	176	2	47	15	210171	538283	1	37.8	26.6	41	31.8	0	112	165	0	0	0
2372225	2576751741	176	2	47	18	538283	242830	1	38.1	36.8	36.7	64.6	0	112	165	0	0	0
2372225	2576751819	176	2	47	21	242830	184028	1	43.8	78	57	93.2	0	112	165	0	0	0
2372225	2576751867	176	2	47	27	195883	184028	1	85.2	72.6	90	75.8	0	112	166	0	0	0
2372225	2576751877	176	2	47	28	184028	0	0	91.3	76.8	91.5	73.6	0	112	166	2	0	0
2372225	2576751985	450	2	47	32	111232	94273	1	7.9	9.5	38.3	8.8	0	113	167	0	0	0
2372225	2576752519	176	2	48	11	184028	0	0	78.1	100	88.9	85.2	0	114	168	0	0	0
2372225	2576752613	450	2	48	13	244273	0	0	11.8	14.1	55.9	7.7	0	115	169	0	0	0
2372225	2576752743	176	2	48	25	184028	195883	1	54	100	64.9	93.6	0	116	170	0	0	0
2372225	2576752799	450	2	48	28	111232	130026	1	39.2	18.6	37.1	12.2	0	117	171	0	0	0
2372225	2576752809	450	2	48	28	130026	0	0	37.1	12.2	39.4	11.9	0	117	171	0	0	0
2372225	2576752829	176	2	48	30	195883	40270	1	64.1	90.3	65.7	78.9	0	118	172	0	0	0
2372225	2576752879	176	2	48	31	40270	195883	1	68.5	81.4	87.8	94.6	0	118	172	0	0	0
2372225	2576752885	176	2	48	34	195883	0	0	90.4	94.6	90.8	92	0	118	172	2	0	0
2372225	2576753297	176	2	48	56	538283	40270	1	99.5	99.5	95.9	29	0	118	173	2	0	6
2372225	2576753335	176	2	48	59	40270	195883	1	97.6	29.1	96.2	41.2	0	118	173	0	3	0
2372225	2576754031	450	2	49	48	138039	0	0	8.6	52.1	62.6	7	0	119	174	0	0	5
2372225	2576754103	176	2	49	50	242830	0	0	41	89.4	81.2	81.4	0	120	175	0	0	0
2372225	2576754133	450	2	49	54	244273	138039	1	18.1	17.6	9	40.7	0	121	176	0	3	0
2372225	2576754347	450	2	50	4	138039	0	0	8.8	39.7	67	23.7	0	121	176	0	0	0
2372225	2576754393	176	2	50	9	242830	0	1	28.9	77.2	39.3	71	0	122	177	0	3	0
2372225	2576754415	176	2	50	11	195883	40270	1	39.2	67.6	46	63.6	0	122	177	0	0	0
2372225	2576754421	176	2	50	12	40270	0	0	45	65.4	46.9	72.8	0	122	177	0	0	0
2372225	2576754469	450	2	50	14	126290	94273	1	57.5	35.4	66.8	33.9	0	123	178	0	0	0
2372225	2576754503	450	2	50	15	94273	484702	1	66.8	33.9	64	30.9	0	123	178	0	0	0
2372225	2576755217	176	2	50	55	242830	210171	1	47.1	76.4	45.5	34.6	0	124	179	0	0	5
2372225	2576755235	176	2	50	56	210171	242313	1	45.6	31.8	56.8	8.6	0	124	179	0	0	0
2372225	2576755285	176	2	50	59	242313	210171	1	56.9	9	45.9	32.4	0	124	179	0	0	0
2372225	2576755331	176	2	51	3	210171	242830	1	47.4	38.2	42	62.8	0	124	179	0	0	0
2372225	2576755363	176	2	51	6	242830	184028	1	42.3	65.6	70.9	93.8	0	124	179	0	0	0
2372225	2576755369	176	2	51	8	184028	0	0	71.1	94	79.5	85.2	0	124	179	0	3	0
2372225	2576755407	450	2	51	9	126290	0	0	16.6	11.3	27.9	15	0	0	0	0	3	0
2372225	2576755415	176	2	51	11	184028	0	0	72.7	83.6	74.2	71.4	0	0	0	0	3	0
2372225	2576755475	450	2	51	13	111232	94273	1	25.4	21.6	42.4	14.4	0	125	180	0	0	0
2372225	2576755591	176	2	51	16	538283	210171	1	65.4	77.4	43.2	69.4	0	126	181	0	0	0
2372225	2576755661	176	2	51	21	210171	242830	1	42	73.4	40	86.6	0	126	181	0	0	0
2372225	2576755723	176	2	51	25	242830	210171	1	39.2	85.6	33.7	55.2	0	126	181	0	0	0
2372225	2576755763	176	2	51	29	210171	242313	1	33.9	48.4	36.8	23.6	0	126	181	0	0	0
2372225	2576755795	176	2	51	31	242313	234511	1	36.8	23.6	41.8	36.2	0	126	181	0	0	0
2372225	2576755819	176	2	51	34	234511	40270	1	43.2	40.8	47.8	52.2	0	126	181	0	0	0
2372225	2576755863	176	2	51	35	40270	234511	1	47.7	53.2	39	67	0	126	181	0	0	0
2372225	2576755943	176	2	51	40	234511	184028	1	59.6	79	78	92.6	0	126	181	0	0	0
2372225	2576755955	176	2	51	43	184028	0	0	90.8	94.2	96	46.6	0	126	181	2	0	0
2372225	2576756649	450	2	52	24	138039	484702	1	2.7	51.2	62.2	28	0	127	183	0	0	0
2372225	2576756667	450	2	52	26	484702	130026	1	61.9	23.4	68.1	8.5	0	127	183	0	0	0
2372225	2576756695	450	2	52	29	130026	484702	1	68.8	7.1	73.2	22.1	0	127	183	0	0	0
2372225	2576756749	450	2	52	32	484702	111232	1	73.8	30.9	71.2	41.8	0	127	183	0	0	0
2372225	2576756971	176	2	52	46	234580	242830	1	12.4	56	16.1	74	0	128	184	0	0	0
2372225	2576757029	176	2	52	49	242830	234580	1	19.5	74.4	11.7	44.8	0	128	184	0	0	0
2372225	2576757077	176	2	52	52	234580	210171	1	11.4	42.4	16.1	20	0	128	184	0	0	0
2372225	2576757143	176	2	52	55	210171	234580	1	18	22.2	7.9	43.2	0	128	184	0	0	0
2372225	2576757171	176	2	52	59	234580	242830	1	10.6	48.4	13.9	71.4	0	128	184	0	0	0
2372225	2576757231	176	2	53	1	242830	184028	1	22.7	78.2	28	92.2	0	128	184	0	0	0
2372225	2576757287	176	2	53	5	184028	234511	1	32.1	84.4	38.2	73.2	0	128	184	0	0	0
2372225	2576757347	176	2	53	8	234511	195883	1	36.2	80.4	41.3	93.2	0	128	184	0	0	0
2372225	2576757407	176	2	53	9	195883	98851	100	42.3	93.2	75.9	82.4	0	128	184	0	0	0
2372225	2576757455	450	2	53	15	98851	0	0	21.6	4.6	36.4	-2	0	129	185	0	0	0
2372225	2576757543	176	2	53	19	184028	242830	1	62.4	100	44.6	87.2	0	130	186	0	0	0
2372225	2576757647	176	2	53	23	242830	179369	1	44.9	83.4	68.8	10.8	0	130	186	0	0	0
2372225	2576757689	176	2	53	30	179369	0	0	90.8	13	92.5	101	0	130	186	2	0	0
2372225	2576757927	450	2	53	50	126290	477463	1	11.7	0	13.5	14.6	0	131	187	0	0	0
2372225	2576757977	450	2	53	51	477463	0	0	13.5	14.6	46.8	22.4	0	131	187	0	0	0
2372225	2576758107	176	2	54	0	210171	234580	1	30.4	42.8	9.6	48.4	0	132	188	0	0	0
2372225	2576758241	176	2	54	5	234580	242830	1	12.4	49.2	22.7	80.8	0	132	188	0	0	0
2372225	2576758293	176	2	54	12	242830	184028	1	25.8	85.2	29.3	95	0	132	188	0	0	0
2372225	2576758333	176	2	54	15	184028	234511	1	29.8	94.8	29	79	0	132	188	0	0	0
2372225	2576758373	176	2	54	16	234511	195883	1	29.7	80	36.7	85.6	0	132	188	0	0	0
2372225	2576758503	176	2	54	22	195883	247412	1	61.7	91.2	85.1	94.6	0	132	188	0	0	0
2372225	2576758599	450	2	54	30	130026	0	0	17.9	7.6	26.9	11	0	133	189	0	0	0
2372225	2576758591	176	2	54	31	234511	0	0	69.3	83	79.7	68.6	0	0	0	0	3	0
2372225	2576758659	450	2	54	33	244273	0	0	19.8	27.9	64.8	11.7	0	133	190	0	0	0
2372225	2576758697	176	2	54	38	210171	0	1	36.7	87.8	45.9	55.2	0	134	191	0	0	0
2372225	2576758775	176	2	54	41	538283	0	1	45.9	55.2	32.1	13.8	0	134	191	0	0	0
2372225	2576758839	176	2	54	48	242313	40270	1	34.2	5.4	56.2	14.2	0	134	191	0	0	0
2372225	2576758857	176	2	54	50	40270	0	0	55.4	9.4	76	6.2	0	134	191	0	0	0
2372225	2576759013	450	2	54	52	152723	138039	1	25.7	93	10	61.7	0	135	192	0	0	0
2372225	2576759181	450	2	54	59	138039	484702	1	11.4	60.3	43.9	92	0	135	192	0	0	0
2372225	2576759193	450	2	55	3	484702	152723	1	43.9	92.4	27.8	93.6	0	135	192	0	0	0
2372225	2576759275	450	2	55	6	152723	484702	1	27.8	93.6	45.7	97.8	0	135	192	0	0	0
2372225	2576759293	450	2	55	11	484702	109243	1	58.8	88.4	62.3	96	0	135	192	0	0	0
2372225	2576759305	450	2	55	11	109243	152723	1	62.3	96	46.4	96.8	0	135	192	0	0	0
2372225	2576759313	450	2	55	13	152723	111232	1	43.9	96.8	48	78.5	0	135	192	0	0	0
2372225	2576759363	450	2	55	14	111232	152723	1	48	78.5	43.1	91.2	0	135	192	0	0	0
2372225	2576759407	450	2	55	19	152723	0	1	43.3	91.1	33.6	51.1	0	135	192	0	0	0
2372225	2576759503	450	2	55	23	244273	126290	1	33.8	32.8	40.9	8.3	0	135	192	0	0	0
2372225	2576759515	450	2	55	25	126290	244273	1	40.9	8.3	24.9	27.4	0	135	192	0	0	0
2372225	2576759527	450	2	55	28	244273	138039	1	23.5	29.5	13.4	57.5	0	135	192	0	0	0
2372225	2576759557	450	2	55	30	138039	111232	1	13.4	57.5	30.6	50.9	0	135	192	0	0	0
2372225	2576759573	450	2	55	32	111232	244273	1	29.9	50.6	22.3	28.9	0	135	192	0	0	0
2372225	2576759625	450	2	55	33	244273	126290	1	22.3	28.9	39.7	5.3	0	135	192	0	0	0
2372225	2576759659	450	2	55	37	126290	130026	1	64.3	3.7	70.7	27.6	0	135	192	0	0	0
2372225	2576759737	450	2	55	39	130026	477463	1	70.2	26.4	97.5	14.9	0	135	192	0	0	0
2372225	2576759751	450	2	55	42	477463	0	0	98.5	12.2	97	40	0	135	192	2	0	0
2372225	2576759783	176	2	55	43	242830	0	1	4.7	61.6	7.4	81.4	0	136	193	0	0	0
2372225	2576759847	176	2	55	46	184028	195883	1	8.9	82.4	33.5	94.8	0	136	193	0	0	0
2372225	2576760251	176	2	56	6	184028	538283	1	38.1	81.8	36.2	29.4	0	136	194	0	0	5
2372225	2576760279	176	2	56	8	538283	210171	1	36.2	29.4	32.2	45	0	136	194	0	0	0
2372225	2576760293	176	2	56	10	210171	242830	1	32.2	45.2	39	68.8	0	136	194	0	0	0
2372225	2576760323	176	2	56	15	242830	242313	1	39	68.8	60.8	6.8	0	136	194	0	0	0
2372225	2576760347	176	2	56	19	242313	0	0	61.5	7.4	80.4	16	0	136	194	0	0	0
2372225	2576760421	450	2	56	22	152723	109243	1	12	91.8	29.5	96	0	137	195	0	0	0
2372225	2576760443	450	2	56	24	109243	111232	1	31.2	95	27.9	79.7	0	137	195	0	0	0
2372225	2576760463	450	2	56	25	111232	98851	1	27.9	79.7	13.5	63.3	0	137	195	0	0	0
2372225	2576760495	450	2	56	26	98851	152723	1	13.5	63.3	9.1	89.3	0	137	195	0	0	0
2372225	2576760547	450	2	56	29	152723	0	0	9.1	89.3	38.5	91.2	0	137	195	0	0	0
2372225	2576760593	176	2	56	32	210171	0	1	53.4	6	61.2	15	0	138	196	0	3	0
2372225	2576760679	176	2	56	34	538283	195883	1	58.6	28.2	64.6	43	0	138	196	0	0	0
2372225	2576760717	176	2	56	39	195883	40270	1	67.5	46.4	69.9	37.4	0	138	196	0	0	0
2372225	2576760749	176	2	56	39	40270	538283	1	69.5	38.2	63.2	29.8	0	138	196	0	0	0
2372225	2576760801	176	2	56	41	538283	179369	1	63.2	28.2	76.7	26	0	138	196	0	0	0
2372225	2576760833	176	2	56	42	179369	242313	1	76.7	26	76	18.2	0	138	196	0	0	0
2372225	2576760885	176	2	56	44	242313	538283	1	76	18.2	69.6	21.2	0	138	196	0	0	0
2372225	2576760909	176	2	56	47	538283	242313	1	69.3	17.8	73.2	5.4	0	138	196	0	0	0
2372225	2576760937	176	2	56	48	242313	152723	100	73.2	5.4	78.3	32.2	0	138	196	0	0	0
2372225	2576761069	450	2	56	52	94273	0	0	34.3	58.7	38.3	101.9	0	139	197	0	0	0
2372225	2576761235	176	2	57	2	242313	210171	1	62.9	0	46.3	7.8	0	140	198	0	0	0
2372225	2576761281	176	2	57	6	210171	242830	1	43.2	14.6	41.4	57.6	0	140	198	0	0	0
2372225	2576761361	176	2	57	9	242830	210171	1	42.1	55.6	43	31.6	0	140	198	0	0	0
2372225	2576761451	176	2	57	14	210171	538283	1	47	31.2	61	10.4	0	140	198	0	0	0
2372225	2576761505	176	2	57	16	538283	242313	1	60.3	15.2	69.2	6	0	140	198	0	0	0
2372225	2576761557	176	2	57	21	242313	179369	1	67.7	6.8	65.7	24	0	140	198	0	0	0
2372225	2576761585	176	2	57	23	179369	0	0	65.7	24.2	71.8	28.4	0	140	198	0	0	0
2372225	2576761631	450	2	57	24	111232	484702	1	29.9	67.2	38.3	78.4	0	141	199	0	0	0
2372225	2576761659	450	2	57	27	484702	152723	1	35.8	86.3	26.4	77.9	0	141	199	0	0	0
2372225	2576761707	450	2	57	28	152723	0	1	26.4	77.9	29.8	72.6	0	141	199	0	0	0
2372225	2576761741	450	2	57	31	111232	0	0	36.4	74.2	64.1	-0.2	0	141	199	0	0	0
2372225	2576761847	176	2	57	38	184028	195883	1	39.9	100	45.9	91.2	0	142	200	0	0	0
2372225	2576761861	176	2	57	39	195883	184028	1	45.9	91.2	43.1	95.4	0	142	200	0	0	0
2372225	2576761895	176	2	57	39	184028	242830	1	43.1	95.4	36.2	77.8	0	142	200	0	0	0
2372225	2576761933	176	2	57	43	242830	538283	1	36.1	77.2	43.9	46	0	142	200	0	0	0
2372225	2576762013	176	2	57	46	538283	242313	1	43.9	46	73.7	5.4	0	142	200	0	0	0
2372225	2576762021	176	2	57	51	242313	152723	100	79.2	5	83.4	14.8	0	142	200	2	0	0
2372225	2576762507	176	2	58	13	40270	242313	1	99.5	0.5	74.6	20.8	0	142	201	0	0	6
2372225	2576762555	176	2	58	16	242313	0	0	75.1	19.8	91.1	46.4	0	142	201	2	0	0
2372225	2576762607	450	2	58	18	94273	0	1	10.5	61.2	19.9	63.6	0	143	202	0	0	0
2372225	2576762619	450	2	58	20	152723	0	0	19.9	63.7	66.1	70.3	0	143	202	0	0	0
2372225	2576762697	176	2	58	24	184028	234580	1	39.2	34	20.9	51.4	0	144	203	0	0	0
2372225	2576762751	176	2	58	28	234580	234511	1	19.9	51.4	33.6	65.8	0	144	203	0	0	0
2372225	2576762785	176	2	58	31	234511	242830	1	34.9	63	27.5	48	0	144	203	0	0	0
2372225	2576762917	176	2	58	35	242830	210171	1	29.5	47	38.9	22.6	0	144	203	0	0	0
2372225	2576763017	176	2	58	42	210171	242830	1	46	21.7	43.4	46.6	0	144	203	0	0	0
2372225	2576763123	176	2	58	48	242830	210171	1	44.6	45.2	46.2	22.6	0	144	203	0	0	0
2372225	2576763153	176	2	58	50	210171	0	0	46.2	22	94.2	-1	0	144	203	0	0	0
2372225	2576763627	450	2	59	15	152723	94273	1	23.3	100	39.8	95.6	0	145	204	0	0	0
2372225	2576763643	450	2	59	16	94273	111232	1	40.8	94.8	35.3	85.9	0	145	204	0	3	0
2372225	2576763707	450	2	59	18	111232	0	1	35.3	85.9	30.6	94.4	0	145	204	0	0	0
2372225	2576764209	450	2	59	41	152723	94273	1	37.5	96.9	70.4	77.2	0	145	205	0	0	5
2372225	2576764235	450	2	59	44	94273	0	0	70	77.6	71.1	101	0	145	205	0	3	0
2372225	2576764451	176	2	59	53	242313	538283	1	31.2	0	43.1	18.2	0	146	206	0	0	0
2372225	2576764561	176	2	60	4	242313	247412	1	42.8	0	66	9	0	146	207	0	0	0
2372225	2576764693	450	2	60	9	152723	138039	1	16	93.3	8.1	47.2	0	147	208	0	0	0
2372225	2576764731	450	2	60	13	138039	0	0	7.5	46.3	49.6	27.7	0	147	208	0	0	0
2372225	2576764797	176	2	60	16	242830	0	0	49.1	65.3	67.9	72.2	0	0	0	0	3	0
2372225	2576764839	450	2	60	21	126290	111232	1	29	28.2	29.9	35.4	0	147	209	0	3	0
2372225	2576764881	450	2	60	22	111232	477463	1	29.8	36	34.6	23.9	0	147	209	0	3	0
2372225	2576764907	450	2	60	23	477463	0	0	34.3	24.1	64	32.5	0	147	209	0	0	0
2372225	2576764983	450	2	60	26	94273	130026	1	70.2	38.2	85.5	16.7	0	149	211	0	3	0
2372225	2576765001	450	2	60	29	130026	0	0	81.8	15.1	90.3	43.6	0	149	211	0	0	0
2372225	2576765691	450	2	61	6	109243	0	0	99.5	0.5	70.5	70.2	0	149	212	2	0	6
2372225	2576765911	176	2	61	16	210171	0	0	48.5	21.6	74.9	5.4	0	150	213	0	0	0
2372225	2576766069	450	2	61	24	152723	111232	1	2.3	84.7	12.7	86.6	0	151	214	0	0	0
2372225	2576766103	450	2	61	27	111232	477463	1	13.4	94.4	30.2	97.4	0	151	214	0	0	0
2372225	2576766181	450	2	61	28	477463	109243	1	32.2	94.2	31.7	79.4	0	151	214	0	0	0
2372225	2576766197	450	2	61	32	109243	98851	1	31.3	77.8	18.8	67	0	151	214	0	0	0
2372225	2576766209	450	2	61	33	98851	0	0	18.8	67	35.2	38.8	0	151	214	0	0	0
2372225	2576766259	176	2	61	36	40270	538283	1	70.6	57	78.5	39.4	0	152	215	0	0	0
2372225	2576766271	176	2	61	37	538283	0	0	78.5	39.4	77.4	61	0	152	215	0	0	0
2372225	2576766325	450	2	61	39	126290	130026	1	24.2	34.6	59.2	21.5	0	153	216	0	0	0
2372225	2576766435	450	2	61	48	130026	0	0	80.5	49.3	82.4	47.3	0	153	216	0	0	0
2372225	2576766511	450	2	61	53	109243	484702	1	73	49.9	72.8	17	0	153	217	0	0	0
2372225	2576766531	450	2	61	56	484702	109243	1	71.4	16.7	69.4	28.5	0	153	217	0	0	0
2372225	2576766633	450	2	61	57	109243	484702	1	68.7	28.9	69.6	9.7	0	153	217	0	0	0
2372225	2576767337	176	2	62	46	234580	247412	1	11.1	61	57	83.2	0	154	218	0	0	5
2372225	2576770829	176	2	62	48	247412	0	0	52.3	79	54.7	77.8	0	154	218	0	3	0
2372225	2576767451	450	2	62	50	126290	484702	1	31.3	14.3	70.2	40.4	0	155	219	0	0	0
2372225	2576767453	450	2	62	52	484702	0	0	71.3	44.9	78.5	38.8	0	155	219	0	3	0
2372225	2576767475	176	2	62	54	242830	0	1	32.2	63.6	34	63.2	0	156	220	0	0	0
2372225	2576767531	176	2	62	58	242830	242313	1	34	63.2	37.2	20.4	0	156	221	0	0	5
2372225	2576767599	176	2	63	2	242313	494932	1	36.7	20.2	45.3	3.8	0	156	221	0	0	0
2372225	2576767679	176	2	63	5	494932	242313	1	43.5	8.2	32.1	7	0	156	221	0	0	0
2372225	2576767709	176	2	63	8	242313	210171	1	27.9	4	26.6	27	0	156	221	0	0	0
2372225	2576767759	176	2	63	11	210171	242830	1	28.6	31.6	31.8	66	0	156	221	0	0	0
2372225	2576767785	176	2	63	15	242830	195883	1	39.7	73.2	56.5	79.4	0	156	221	0	0	0
2372225	2576767823	176	2	63	16	195883	234511	1	56.4	79.4	41.6	66.8	0	156	221	0	0	0
2372225	2576767859	176	2	63	18	234511	210171	1	38.8	64.8	31.9	38.6	0	156	221	0	0	0
2372225	2576767955	176	2	63	22	210171	40270	1	34.2	37.4	89.9	69.2	0	156	221	0	0	0
2372225	2576768469	450	2	63	55	138039	0	0	3.1	50.7	68.4	21	0	157	222	0	0	0
2372225	2576768495	176	2	63	58	242830	0	0	34.5	78.9	47.9	101.4	0	0	0	0	3	0
2372225	2576768775	450	2	64	13	126290	184028	100	53.7	0	69.6	15	0	157	223	0	0	0
2372225	2576768873	176	2	64	16	210171	0	0	28.5	67	30.2	64.9	0	158	224	0	0	0
2372225	2576768925	176	2	64	21	40270	195883	1	35.4	88.4	38.9	91.8	0	158	225	0	0	0
2372225	2576769005	176	2	64	25	195883	234511	1	40.3	72.8	45.6	48.4	0	158	225	0	0	0
2372225	2576769163	176	2	64	27	234511	494932	1	45.9	46.8	78.1	10.8	0	158	225	0	0	0
2372225	2576769647	450	2	65	6	138039	130026	1	5.3	50.7	55.4	16.7	0	159	226	0	0	0
2372225	2576769671	450	2	65	10	130026	0	0	55.3	16.7	57.6	29.8	0	159	226	0	3	0
2372225	2576769679	176	2	65	11	234511	0	1	47	74.4	47	66.2	0	160	227	0	3	0
2372225	2576769697	176	2	65	12	538283	40270	1	46.3	64.9	51.6	48.9	0	160	227	0	0	0
2372225	2576769727	176	2	65	13	40270	538283	1	54.5	51.4	47.7	52	0	160	227	0	0	0
2372225	2576769777	176	2	65	14	538283	242313	1	47.7	52	44.3	18.2	0	160	227	0	0	0
2372225	2576769825	176	2	65	19	242313	0	1	44.9	11.6	58	9	0	160	227	0	0	0
2372225	2576770181	176	2	65	37	242313	494932	1	55.4	5.6	61.5	8.2	0	160	228	0	0	5
2372225	2576770301	450	2	65	48	138039	126290	1	9.4	31.3	30.8	4.9	0	161	229	0	0	0
2372225	2576770335	450	2	65	52	126290	130026	1	36.6	5	57.8	15.6	0	161	229	0	0	0
2372225	2576770377	450	2	65	54	130026	111232	1	57.5	14.9	43.5	29.8	0	161	229	0	0	0
2372225	2576770429	450	2	65	55	111232	0	1	43.5	29.5	56.1	49.9	0	161	229	0	0	0
2372225	2576771099	450	2	66	44	111232	484702	1	54	42.8	64.2	41.6	0	161	230	0	0	5
2372225	2576771113	450	2	66	45	484702	244273	1	61.7	46	42.3	40.2	0	161	230	0	0	0
2372225	2576771159	450	2	66	48	244273	0	0	35.2	32.2	101.4	7.7	0	161	230	0	0	0
2372225	2576771313	176	2	67	1	234580	242830	1	3.3	55.6	10	70.4	0	162	231	0	0	0
2372225	2576771363	176	2	67	5	242830	184028	1	10	70.4	15.2	91.8	0	162	231	0	0	0
2372225	2576771385	176	2	67	8	184028	195883	1	27	88.8	36.5	90.6	0	162	231	0	0	0
2372225	2576771405	176	2	67	9	195883	234511	1	36.4	90.6	29.5	81.6	0	162	231	0	0	0
2372225	2576771429	176	2	67	10	234511	184028	1	29.5	82.2	24.5	90.8	0	162	231	0	0	0
2372225	2576771447	176	2	67	12	184028	242830	1	24.7	92.2	21	71.2	0	162	231	0	0	0
2372225	2576771487	176	2	67	14	242830	210171	1	21.5	69.6	20.8	25.8	0	162	231	0	0	0
2372225	2576771587	176	2	67	17	210171	242313	1	23.1	22.4	32.5	6.2	0	162	231	0	0	0
2372225	2576771617	176	2	67	23	242313	40270	1	41.6	27.6	58.9	25.4	0	162	231	0	0	0
2372225	2576771659	450	2	67	25	152723	0	0	30.9	95.7	35.3	96.2	0	163	232	0	0	0
2372225	2576771835	450	2	67	33	152723	98851	1	36.1	100	26.8	88.7	0	163	233	0	0	0
2372225	2576771891	450	2	67	37	98851	138039	1	15.8	87	7.3	52.2	0	163	233	0	0	0
2372225	2576771941	450	2	67	42	138039	111232	1	8.5	44.9	23.1	49.9	0	163	233	0	0	0
2372225	2576772005	450	2	67	45	111232	138039	1	24	48.4	9	52.4	0	163	233	0	0	0
2372225	2576772113	450	2	67	50	138039	0	1	9.7	39.4	40	7.4	0	163	233	0	0	0
2372225	2576772135	450	2	67	58	126290	0	0	70.7	35.5	89.3	14.7	0	163	233	0	0	0
2372225	2576772519	176	2	68	25	234580	0	0	14.3	78.2	78.5	76	0	164	234	0	0	5
2372225	2576772665	450	2	68	32	244273	0	0	13.3	12.3	42.1	16.2	0	165	235	0	0	0
2372225	2576772695	176	2	68	36	210171	0	0	40.2	80.4	66.1	85.2	0	166	236	0	0	0
2372225	2576772767	450	2	68	41	126290	152723	1	38.1	31.2	55.6	83.2	0	167	237	0	0	0
2372225	2576772781	450	2	68	46	152723	109243	1	59	85.7	51.9	77.8	0	167	237	0	0	0
2372225	2576772813	450	2	68	48	109243	152723	1	51.9	77.8	61.4	96.9	0	167	237	0	0	0
2372225	2576772863	450	2	68	52	152723	109243	1	61.4	96.8	55.4	91.5	0	167	237	0	0	0
2372225	2576772889	450	2	68	55	109243	111232	1	55.4	91.5	57	69	0	167	237	0	0	0
2372225	2576772933	450	2	68	57	111232	244273	1	56.3	68	40.6	39.4	0	167	237	0	0	0
2372225	2576772953	450	2	69	0	244273	126290	1	36.5	34.3	54.9	10.4	0	167	237	0	0	0
2372225	2576772957	450	2	69	2	126290	0	0	55.2	5.9	74.9	11.7	0	167	237	0	0	0
2372225	2576772971	176	2	69	3	242830	0	0	30	82.8	37.4	74.4	0	168	238	0	0	0
2372225	2576772999	450	2	69	5	126290	0	0	54.5	26.8	60.3	26.2	0	169	239	0	0	0
2372225	2576773035	450	2	69	7	126290	522856	1	57.2	27.3	64.3	23.7	0	169	240	0	0	0
2372225	2576773093	450	2	69	10	522856	484702	1	64.7	14.7	76.5	4.6	0	169	240	0	0	0
2372225	2576773115	450	2	69	14	484702	0	0	91.8	5.3	94.1	10.9	0	169	240	0	0	0
2372225	2576773147	450	2	69	18	522856	0	0	97.7	15	92.5	9.8	0	169	241	0	0	0
2372225	2576773325	176	2	69	20	184028	0	1	8.5	94	29.4	96.2	0	170	242	0	0	0
2372225	2576773493	176	2	69	38	184028	195883	1	34.4	96.2	55.4	88.2	0	170	243	0	0	5
2372225	2576775137	176	2	69	39	195883	247412	1	52.9	95.8	54.7	87	0	170	243	0	0	0
2372225	2576773509	176	2	69	39	247412	195883	1	56.1	86.8	64.9	94	0	170	243	0	0	0
2372225	2576773525	176	2	69	41	195883	247412	1	68.9	94.6	63.1	79.2	0	170	243	0	0	0
2372225	2576773561	450	2	69	43	98851	484702	1	30.2	31.5	44.8	44.9	0	171	244	0	0	0
2372225	2576773911	450	2	70	6	244273	522856	1	39.1	41	41.7	32.5	0	171	245	0	0	5
2372225	2576773947	450	2	70	9	522856	126290	1	41.6	32.1	55.7	7	0	171	245	0	0	0
2372225	2576774005	450	2	70	12	126290	484702	1	60.4	3.8	67.4	22.5	0	171	245	0	0	0
2372225	2576774017	450	2	70	14	484702	0	0	68.1	19.7	64.9	14.9	0	171	245	0	0	0
2372225	2576774049	450	2	70	15	477463	0	0	55.8	11.1	75.4	13.2	0	171	246	0	0	0
2372225	2576774027	176	2	70	17	184028	0	0	18	92.8	27	90.8	0	0	0	0	3	0
2372225	2576774097	450	2	70	19	484702	126290	1	70.5	7	72.4	22.2	0	171	247	0	0	0
2372225	2576774107	450	2	70	20	126290	111232	1	72.4	21.2	66.2	27.3	0	171	247	0	0	0
2372225	2576774115	450	2	70	22	111232	477463	1	63.4	27.9	65.3	13.2	0	171	247	0	0	0
2372225	2576774123	450	2	70	24	477463	126290	1	65.3	13.2	71.5	21	0	171	247	0	0	0
2372225	2576774145	450	2	70	25	126290	484702	1	71.5	21	73.4	6.5	0	171	247	0	0	0
2372225	2576774175	450	2	70	26	484702	234511	100	73.4	6.5	69.5	13.4	0	171	247	0	0	0
2372225	2576774177	450	2	70	28	126290	0	1	69.5	10.8	64.5	5.8	0	171	248	0	0	0
2372225	2576774265	450	2	70	29	477463	522856	1	64	7.3	41.6	12	0	171	248	0	0	0
2372225	2576774311	450	2	70	32	522856	138039	1	39	16.3	17.5	37.5	0	171	248	0	0	0
2372225	2576774355	450	2	70	35	138039	94273	1	17.1	38.2	64.6	31.5	0	171	248	0	0	0
2372225	2576774409	450	2	70	40	94273	477463	1	67.6	28.5	65.5	10.4	0	171	248	0	3	0
2372225	2576774579	176	2	70	55	184028	234511	1	33.7	100	34.7	92	0	172	249	0	0	0
2372225	2576774605	176	2	70	55	234511	184028	1	34.2	91.2	36.4	96.6	0	172	249	0	0	0
2372225	2576774635	176	2	70	58	184028	247412	1	36.4	96.6	45.9	93.2	0	172	249	0	0	0
2372225	2576775275	450	2	71	41	244273	94273	1	46.1	14.9	73	7.6	0	173	251	0	0	5
2372225	2576775407	176	2	71	51	184028	195883	1	25.5	100	32.2	93.6	0	174	252	0	0	0
2372225	2576775413	176	2	71	52	195883	184028	1	32.8	93.6	28.6	95.2	0	174	252	0	0	0
2372225	2576775433	176	2	71	53	184028	0	1	29.7	96	34.2	95.6	0	174	252	0	0	0
2372225	2576775609	176	2	72	7	184028	0	0	40	100	56.6	89.6	0	174	253	0	0	0
2372225	2576776287	450	2	72	50	244273	0	0	43.7	19.7	85.5	59.7	0	175	254	0	0	5
2372225	2576776359	450	2	72	55	111232	152723	1	62.7	75.4	64.1	87.8	0	175	255	0	0	0
2372225	2576776401	450	2	72	56	152723	109243	1	64.1	87.8	82	95.7	0	175	255	0	0	0
2372225	2576776415	450	2	72	59	109243	152723	1	71.4	94.1	70.6	83.8	0	175	255	0	0	0
2372225	2576776427	450	2	73	1	152723	109243	1	70.6	83.8	65.4	95.9	0	175	255	0	0	0
2372225	2576776481	450	2	73	1	109243	111232	1	65.4	95.9	52.1	86	0	175	255	0	0	0
2372225	2576776495	450	2	73	4	111232	109243	1	51.6	85.3	55.6	91.4	0	175	255	0	0	0
2372225	2576776537	450	2	73	8	109243	244273	1	55.2	91.7	48.6	59.9	0	175	255	0	0	0
2372225	2576776569	450	2	73	11	244273	126290	1	48.6	59.9	69.4	14.3	0	175	255	0	0	0
2372225	2576777873	176	2	74	41	40270	234511	1	50.2	50.2	43.1	67.2	0	176	257	0	0	0
2372225	2576777893	176	2	74	43	234511	184028	1	43.9	70.8	40.3	87.6	0	176	257	0	0	0
2372225	2576777931	176	2	74	46	184028	242830	1	40.3	87.6	33.3	71.4	0	176	257	0	0	0
2372225	2576777975	176	2	74	48	242830	210171	1	33.3	71.4	33.3	32.2	0	176	257	0	0	0
2372225	2576778055	176	2	74	52	210171	242830	1	35.1	28.2	29.3	48.6	0	176	257	0	0	0
2372225	2576778133	176	2	74	55	242830	0	0	32.5	38.2	101.2	14.4	0	176	257	0	0	0
2372225	2576778565	450	2	75	28	138039	111232	1	2.3	43.9	51.6	20.6	0	177	258	0	0	0
2372225	2576778599	450	2	75	31	111232	126290	1	52.7	24	55.4	11.4	0	177	258	0	3	0
2372225	2576778603	450	2	75	33	126290	0	0	53.6	6.2	55.6	7.3	0	177	258	0	0	0
2372225	2576778625	176	2	75	34	184028	514189	1	38.2	86	60.4	93.8	0	178	259	0	3	0
2372225	2576778875	450	2	75	49	126290	484702	1	39.4	0	64.9	12	0	179	260	0	0	0
2372225	2576778907	450	2	75	52	484702	477463	1	64.9	12	73.8	4.3	0	179	260	0	0	0
2372225	2576778931	450	2	75	53	477463	111232	1	73.8	4.9	72.7	15.8	0	179	260	0	0	0
2372225	2576778955	176	2	75	57	184028	195883	1	27.7	96.2	36.5	93.2	0	180	261	0	0	0
2372225	2576778963	176	2	75	58	195883	0	0	35.1	93.2	43.9	79.8	0	180	261	0	0	0
2372225	2576778989	450	2	76	0	244273	0	0	53.4	19.8	100.2	16.1	0	181	262	0	0	0
2372225	2576779181	176	2	76	7	234580	210171	1	0.9	45.8	36.5	32.4	0	182	263	0	0	0
2372225	2576779283	176	2	76	13	210171	40270	1	37.6	31.4	46.4	39.2	0	182	263	0	0	0
2372225	2576779431	176	2	76	25	234580	184028	1	9.4	56.8	26.2	86.4	0	184	265	0	0	0
2372225	2576779491	176	2	76	29	184028	195883	1	26.2	86.4	52.9	93	0	184	265	0	0	0
2372225	2576779515	176	2	76	31	195883	514189	1	55	94.4	56.4	79.2	0	184	265	0	0	0
2372225	2576779537	176	2	76	33	514189	0	0	56.4	79.2	67.2	70	0	184	265	0	0	0
2372225	2576779911	450	2	76	54	138039	0	0	8.5	59.1	67.5	29.8	0	185	266	0	0	0
2372225	2576779929	176	2	76	58	242830	210171	1	32.2	71.8	22.2	59	0	0	0	0	3	0
2372225	2576779975	176	2	77	0	210171	234580	1	22.7	59.2	10.6	50.4	0	186	267	0	3	0
2372225	2576780079	176	2	77	6	234580	242830	1	13.4	49.4	20.3	70.8	0	186	267	0	0	0
2372225	2576780123	176	2	77	9	242830	210171	1	20.5	68.4	20.6	27.6	0	186	267	0	0	0
2372225	2576780169	176	2	77	12	210171	242313	1	23	26.2	33.2	5.4	0	186	267	0	0	0
2372225	2576780209	176	2	77	14	242313	538283	1	33.2	5.4	28.2	11.8	0	186	267	0	0	0
2372225	2576780321	176	2	77	18	538283	210171	1	28.3	14	21	29	0	186	267	0	0	0
2372225	2576780395	176	2	77	24	210171	0	0	28.2	22.4	59	6.8	0	186	267	0	0	0
2372225	2576780519	450	2	77	29	98851	138039	1	19.6	92.7	7	65.2	0	187	268	0	0	0
2372225	2576780583	450	2	77	35	138039	94273	1	10	58.2	53.1	70	0	187	268	0	0	0
2372225	2576780665	450	2	77	38	94273	0	0	54.1	70.3	66.1	86.2	0	187	268	0	3	0
2372225	2576781379	176	2	78	26	210171	538283	1	32.6	22.6	44.1	25	0	188	269	0	0	5
2372225	2576781431	176	2	78	30	538283	242830	1	44.8	25.8	45.9	54.2	0	188	269	0	0	0
2372225	2576781457	176	2	78	35	242830	184028	1	52.3	72.4	55.4	90	0	188	269	0	0	0
2372225	2576781495	176	2	78	37	184028	242830	1	55.4	90	43.6	82	0	188	269	0	0	0
2372225	2576781529	176	2	78	40	242830	126290	100	43.5	85.6	81.9	90.4	0	188	269	0	0	0
2372225	2576781603	450	2	78	45	126290	0	0	30.5	10.6	35.1	-1.6	0	189	270	0	0	0
2372225	2576781725	176	2	78	54	184028	40270	1	70.6	100	74.1	87.2	0	190	271	0	0	0
2372225	2576781763	176	2	78	56	40270	184028	1	72.5	87.6	67.2	93.4	0	190	271	0	0	0
2372225	2576781827	176	2	79	0	184028	195883	1	69.3	93.6	75.5	95.4	0	190	271	0	0	0
2372225	2576781849	176	2	79	4	195883	184028	1	75.5	95.4	79.9	96.4	0	190	271	0	0	0
2372225	2576781937	176	2	79	6	184028	0	1	79.8	96.6	91.8	86.8	0	190	271	0	0	0
2372225	2576782373	176	2	79	42	538283	0	0	90.7	90	90	60.2	0	190	272	2	0	5
2372225	2576782517	450	2	79	54	152723	437549	1	26.6	92.9	47.1	88	0	191	273	0	0	0
2372225	2576782645	176	2	80	1	210171	234511	1	30.2	22.2	37.1	9.8	0	192	274	0	0	0
2372225	2576782687	176	2	80	8	234511	242830	1	43.9	27.2	38.6	62.8	0	192	274	0	0	0
2372225	2576782739	176	2	80	10	242830	184028	1	44.5	66.6	59.8	92.6	0	192	274	0	0	0
2372225	2576782779	176	2	80	14	184028	538283	1	61.4	93	55.5	79.6	0	192	274	0	0	0
2372225	2576782815	176	2	80	17	538283	234511	1	54.5	76.4	55.7	36.6	0	192	274	0	0	0
2372225	2576782917	176	2	80	20	234511	494932	1	57.2	26.8	78.5	6	0	192	274	0	0	0
2372225	2576782925	176	2	80	27	494932	0	0	96.7	20.6	102	44.8	0	192	274	2	0	0
2372225	2576783585	450	2	81	16	138039	522856	1	2.8	42.5	62.8	22.7	0	193	275	0	0	0
2372225	2576783651	450	2	81	21	522856	126290	1	59.2	14.1	48.2	9.8	0	193	275	0	0	0
2372225	2576783725	450	2	81	22	126290	242830	100	48.2	9.8	92	11	0	193	275	0	0	0
2372225	2576784195	450	2	81	54	437549	0	0	84.8	0	88.4	30	0	193	276	0	0	0
2372225	2576784559	450	2	82	14	437549	0	0	92.4	0	87.9	29.2	0	193	277	0	0	0
2372225	2576784611	450	2	82	19	126290	437549	1	70.3	20.6	76.1	8.2	0	193	278	0	0	0
2372225	2576784649	450	2	82	20	437549	0	0	76.1	8.2	88	51.2	0	193	278	0	3	0
2372225	2576784719	450	2	82	28	152723	244273	1	56.1	51.6	45.5	34.2	0	193	279	0	0	0
2372225	2576784757	450	2	82	30	244273	0	0	45.5	34.2	75.3	101.7	0	193	279	0	0	0
2372225	2576784921	176	2	82	39	242313	210171	1	26.8	0	13.2	18.6	0	194	280	0	0	0
2372225	2576784939	176	2	82	43	210171	234580	1	12.9	23.4	10.7	40.6	0	194	280	0	0	0
2372225	2576784967	176	2	82	47	234580	210171	1	10.7	40.6	15	21.4	0	194	280	0	0	0
2372225	2576785001	176	2	82	50	210171	242313	1	16	17.2	22.3	4.6	0	194	280	0	0	0
2372225	2576785033	176	2	82	54	242313	494932	1	26.3	6.6	36.7	5.8	0	194	280	0	0	0
2372225	2576785109	176	2	82	56	494932	242313	1	36.1	5	26.1	6.4	0	194	280	0	0	0
2372225	2576785197	176	2	83	1	242313	176414	1	18.9	18	31.8	51.6	0	194	280	0	0	0
2372225	2576785243	176	2	83	7	176414	465494	1	45.6	72.4	71	89.8	0	194	280	0	0	0
2372225	2576785253	176	2	83	10	465494	0	0	82.3	92.8	84.1	88.6	0	194	280	2	0	0
2372225	2576785359	176	2	83	14	465494	176414	1	76.6	94.6	61.7	85.8	0	194	281	0	0	0
2372225	2576785423	176	2	83	18	176414	242830	1	54	80	46.3	66	0	194	281	0	0	0
2372225	2576785529	176	2	83	20	242830	210171	1	46.3	66	48.5	31.2	0	194	281	0	0	0
2372225	2576785591	176	2	83	28	210171	242313	1	62.6	16.6	68.4	8	0	194	281	0	0	0
2372225	2576785631	176	2	83	32	242313	234511	1	69.9	10.8	70	22.6	0	194	281	0	0	0
2372225	2576785695	176	2	83	35	234511	126290	100	71.7	24.8	88.3	50.8	0	194	281	0	0	0
2372225	2576786055	176	2	84	3	195883	0	0	99.5	99.5	95.9	44.2	0	194	282	2	0	6
2372225	2576786205	176	2	84	9	234511	494932	1	80.4	9.4	69.2	19.8	0	194	283	0	0	0
2372225	2576786271	176	2	84	14	494932	234511	1	69.6	15	70.6	5.8	0	194	283	0	0	0
2372225	2576786323	176	2	84	19	234511	494932	1	74.1	6.8	67	26.2	0	194	283	0	0	0
2372225	2576786361	176	2	84	21	494932	0	0	67.5	27.8	102	73.6	0	194	283	0	0	0
2372225	2576786925	450	2	84	54	138039	0	0	3.4	44	56.6	26.7	0	195	284	0	0	0
2372225	2576786975	176	2	84	58	234511	195883	1	43.1	80.4	57	94.2	0	196	285	0	0	0
2372225	2576786981	176	2	84	59	195883	176414	1	57.2	94.4	60.8	87.2	0	196	285	0	0	0
2372225	2576787019	176	2	85	3	176414	0	0	60	90.2	52.6	83	0	196	286	0	0	0
2372225	2576787075	450	2	85	4	522856	477463	1	49.1	15.3	43.6	21.3	0	197	287	0	0	0
2372225	2576787139	450	2	85	5	477463	109243	1	44.3	19.2	48.1	33	0	197	287	0	0	0
2372225	2576787195	450	2	85	9	109243	205992	1	66.1	42.5	81.5	77.5	0	197	287	0	0	0
2372225	2576787265	450	2	85	17	205992	522856	1	70.3	65.5	76.3	14.1	0	197	287	0	0	0
2372225	2576787289	450	2	85	21	522856	0	0	76.4	12.3	88.1	50.1	0	197	287	2	0	0
2372225	2576787369	176	2	85	24	543932	0	0	29.8	41	20.6	13.6	0	198	288	0	0	0
2372225	2576787475	450	2	85	30	152723	109243	1	79.8	85	68.8	90.5	0	199	289	0	0	0
2372225	2576787517	450	2	85	34	109243	111232	1	66.4	93.5	66.4	78.2	0	199	289	0	0	0
2372225	2576787525	450	2	85	36	111232	242313	100	66.4	78.2	75.3	82	0	199	289	0	0	0
2372225	2576787619	176	2	85	39	242313	0	1	24.5	5.4	33.6	9	0	200	290	0	0	0
2372225	2576787673	176	2	85	42	543932	514189	1	33.7	9	55.8	12	0	200	291	0	0	5
2372225	2576787815	450	2	85	54	522856	111232	1	32.8	75.9	27.7	54.8	0	201	292	0	0	0
2372225	2576787871	450	2	85	57	111232	126290	1	26.4	51	25.1	24.9	0	201	292	0	0	0
2372225	2576787935	450	2	86	2	126290	0	0	26.6	14.3	55.8	40	0	201	292	0	0	0
2372225	2576787949	176	2	86	4	176414	0	0	44.2	63.3	45.2	61.6	0	0	0	0	3	0
2372225	2576788005	176	2	86	6	176414	234511	1	45.9	68.2	46.4	76.6	0	202	293	0	0	0
2372225	2576788027	176	2	86	9	234511	176414	1	46.3	72.4	55.5	52.2	0	202	293	0	0	0
2372225	2576788055	176	2	86	11	176414	514189	1	55.5	52.2	64.3	33.4	0	202	293	0	0	0
2372225	2576788093	176	2	86	12	514189	242313	1	64.4	33.4	59.6	34.6	0	202	293	0	0	0
2372225	2576788137	176	2	86	14	242313	514189	1	59.6	34.6	71.6	27	0	202	293	0	0	0
2372225	2576788169	176	2	86	21	514189	242313	1	73.4	25.6	71.7	28.6	0	202	293	0	0	0
2372225	2576788175	176	2	86	23	242313	0	0	71.7	28.6	84.4	29.2	0	202	293	0	0	0
2372225	2576788283	450	2	86	29	152723	0	0	5	92.7	37.4	76.3	0	203	294	0	0	0
2372225	2576788405	176	2	86	35	234511	494932	1	63.9	23.8	79.1	6.2	0	204	295	0	0	0
2372225	2576788437	176	2	86	39	494932	514189	1	80.9	7.4	75.3	14.2	0	204	295	0	0	0
2372225	2576788463	176	2	86	42	514189	0	0	78.3	14.6	87.3	55.2	0	204	295	2	0	0
2372225	2576788547	176	2	86	45	234511	176414	1	69.8	41	76.9	59.2	0	204	296	0	0	0
2372225	2576788579	176	2	86	48	176414	195883	1	83.9	61.2	92.6	69.8	0	204	296	0	0	0
2372225	2576789067	450	2	87	19	138039	205992	1	4.8	51	54.3	10	0	205	297	0	0	0
2372225	2576789123	450	2	87	22	205992	477463	1	54.3	10	63	26.1	0	205	297	0	3	0
2372225	2576789153	450	2	87	23	477463	0	0	60.1	23.9	74.6	24.3	0	205	297	0	3	0
2372225	2576789479	450	2	87	49	437549	205992	1	70.3	0	77.6	13.1	0	205	298	0	0	0
2372225	2576789555	450	2	87	50	205992	437549	1	77.6	13.1	86.6	5.5	0	205	298	0	0	0
2372225	2576789839	176	2	88	11	234580	210171	1	3.7	51.2	10.1	34.6	0	206	299	0	0	0
2372225	2576789959	176	2	88	14	210171	242313	1	10.1	34.6	23.8	14	0	206	299	0	0	0
2372225	2576789987	176	2	88	21	242313	234511	1	41.8	15.6	38.9	27.4	0	206	299	0	0	0
2372225	2576790009	176	2	88	23	234511	242313	1	38.9	27.4	38.6	8.6	0	206	299	0	0	0
2372225	2576790073	176	2	88	26	242313	210171	1	38.3	8.6	28.9	25.4	0	206	299	0	0	0
2372225	2576790115	176	2	88	28	210171	242830	1	29.4	31	35.1	69.8	0	206	299	0	0	0
2372225	2576790215	176	2	88	31	242830	465494	1	37.4	73.2	45.5	91	0	206	299	0	0	0
2372225	2576790271	176	2	88	37	465494	210171	1	55.7	69.6	41.7	39	0	206	299	0	0	0
2372225	2576790343	176	2	88	41	210171	242313	1	42.3	31.8	44.5	10.4	0	206	299	0	0	0
2372225	2576790387	176	2	88	45	242313	0	0	56.8	10	76.9	33.2	0	206	299	0	0	0
2372225	2576791191	176	2	89	39	242313	176414	1	65	0	62.4	27	0	206	300	0	0	0
2372225	2576791203	176	2	89	40	176414	234511	1	62.2	28.2	56.1	13.8	0	206	300	0	0	0
2372225	2576791233	176	2	89	44	234511	242313	1	55.8	13	60.5	4.4	0	206	300	0	0	0
2372225	2576791249	176	2	89	46	242313	589577	100	60.5	4.4	76.5	9.4	0	206	300	0	0	0
2372225	2576791455	176	2	89	57	242313	195883	1	75.6	0	85.5	42.4	0	206	301	0	0	0
2372225	2576791879	450	2	90	33	138039	0	1	8.5	52.4	38.6	16.1	0	209	304	0	0	5
2372225	2576791937	450	2	90	35	126290	589577	1	40.5	14.1	51.5	23.6	0	209	304	0	0	0
2372225	2576791967	450	2	90	37	589577	205992	1	54.3	22.7	71.5	8.5	0	209	304	0	3	0
2372225	2576796131	450	2	90	39	205992	0	0	70.8	6.4	89.5	-1.2	0	209	304	0	3	0
2372225	2576792053	176	2	90	46	465494	242830	1	11.7	100	8.1	89	0	210	305	0	0	0
2372225	2576792061	176	2	90	49	242830	0	0	9.7	92.2	13.2	92.2	0	210	305	0	0	0
2372225	2576792185	176	2	90	58	465494	244273	100	22.3	100	42.4	90.8	0	210	306	0	0	0
2372225	2576792283	176	2	91	5	195883	242830	1	31.2	89.6	22.2	66.4	0	210	307	0	0	0
2372225	2576792367	176	2	91	8	242830	210171	1	22.2	66.4	27.2	42.2	0	210	307	0	0	0
2372225	2576792397	176	2	91	12	210171	242313	1	31.5	23.8	38.5	7.2	0	210	307	0	0	0
2372225	2576792441	176	2	91	15	242313	152723	100	38.5	7.2	71.3	14.2	0	210	307	0	0	0
2372225	2576792827	450	2	91	36	138039	0	0	13.5	45.1	69.9	64.5	0	211	308	0	0	0
2372225	2576792845	176	2	91	40	210171	0	0	30.8	34.8	58.6	34.8	0	0	0	0	3	0
2372225	2576792947	450	2	91	44	152723	138039	1	36.4	76.1	13.2	59.7	0	211	309	0	0	0
2372225	2576792995	450	2	91	50	138039	152723	1	13.6	50.4	25.7	92.9	0	211	309	0	0	0
2372225	2576793017	450	2	91	54	152723	0	0	25.7	92.9	65.6	87.7	0	211	309	0	0	0
2372225	2576793063	176	2	91	56	242313	176414	1	43.8	9.8	48.4	6.6	0	212	310	0	0	0
2372225	2576793073	176	2	91	58	176414	0	0	47.1	6.8	44.6	5.6	0	212	310	0	0	0
2372225	2576793135	176	2	92	2	242313	234511	1	46.3	0	43.8	22.6	0	212	311	0	0	0
2372225	2576793265	450	2	92	9	109243	244273	1	48.8	79.4	31.1	47.2	0	213	312	0	0	0
2372225	2576793281	450	2	92	12	244273	126290	1	29.9	43	39.5	8.3	0	213	312	0	0	0
2372225	2576793339	450	2	92	16	126290	0	0	50.9	1.9	59	13.8	0	213	312	0	0	0
2372225	2576794053	176	2	92	17	176414	0	1	38.6	80.2	45.3	93.4	0	214	313	0	3	0
2372225	2576793427	176	2	92	22	195883	242830	1	30.9	95.2	20.5	75.8	0	214	313	0	0	0
2372225	2576793457	176	2	92	25	242830	234511	1	20.5	72.4	28	63.2	0	214	313	0	0	0
2372225	2576793493	176	2	92	28	234511	210171	1	29.1	65.2	27.9	40.2	0	214	313	0	0	0
2372225	2576793703	176	2	92	31	210171	494932	1	33.6	29.2	61.8	6	0	214	313	0	0	0
2372225	2576793923	176	2	92	52	494932	0	0	99.5	0.5	101.4	40.2	0	216	316	0	0	6
2372225	2576794261	450	2	93	23	138039	0	0	3.1	49.7	65	38.5	0	217	317	0	0	0
2372225	2576794287	176	2	93	27	234511	0	1	46	63.8	46.3	77.6	0	218	318	0	3	0
2372225	2576794395	176	2	93	33	543932	494932	1	46	72.8	65	17.8	0	218	318	0	0	0
2372225	2576794437	176	2	93	41	494932	0	0	67.5	23.9	75.2	15.9	0	218	318	0	0	0
2372225	2576794481	450	2	93	46	152723	0	0	7.3	83.3	40.7	89.4	0	219	319	0	0	0
2372225	2576794499	176	2	93	50	234511	210171	1	60.7	11.6	44.1	19.4	0	220	320	0	0	0
2372225	2576794529	176	2	93	52	210171	234511	1	43.9	19.4	54	5.4	0	220	320	0	0	0
2372225	2576794547	176	2	93	56	234511	543932	1	57.9	10.8	66.7	25.2	0	220	320	0	0	0
2372225	2576794581	176	2	93	57	543932	0	0	67.4	24	79	-0.6	0	220	320	0	0	0
2372225	2576794909	450	2	94	19	152723	494932	100	24.2	100	31.1	97.5	0	221	321	0	0	0
2372225	2576795137	450	2	94	37	152723	0	0	26.6	100	44.2	96	0	221	322	0	0	0
2372225	2576795745	450	2	94	39	219173	0	0	38.4	94.8	41.5	93.2	0	0	0	0	3	0
2372225	2576795213	176	2	94	42	210171	514189	1	57.5	0	73	8.8	0	222	323	0	0	0
2372225	2576795251	176	2	94	48	514189	242313	1	71.7	8.8	76	17	0	222	323	0	0	0
2372225	2576795277	176	2	94	50	242313	494932	1	76	17	89.2	12.6	0	222	323	0	0	0
2372225	2576795301	176	2	94	51	494932	543932	1	90.1	12.6	88.5	41.4	0	222	323	0	0	0
