match_id	id	team_id	period_id	min	sec	player_id_1	player_id_2	outcome	start_x	start_y	end_x	end_y	offside	possession	sequence	extra_1	extra_2	extra_3
2372230	2575846247	188	1	0	0	178880	481655	1	50.1	50.2	38.1	48.5	0	1	1	0	0	0
2372230	2575846273	188	1	0	1	481655	224919	1	37.8	48.7	28.8	62.4	0	1	1	0	0	0
2372230	2575846301	188	1	0	3	224919	0	0	29.1	61.6	74.7	39.8	0	1	1	0	0	0
2372230	2575846317	2893	1	0	7	58877	248498	1	21.2	62.3	20.9	72.1	0	2	2	0	3	0
2372230	2575846373	2893	1	0	8	248498	102884	1	20.2	71.9	5.7	69.9	0	2	2	0	3	0
2372230	2575846469	2893	1	0	15	102884	517333	1	9	48.8	26.6	7.4	0	2	2	0	0	0
2372230	2575846547	2893	1	0	20	517333	11129	1	26.2	9.3	11.8	24.3	0	2	2	0	0	0
2372230	2575846627	2893	1	0	31	11129	58877	1	19.3	23.7	16.2	62.7	0	2	3	0	0	5
2372230	2575846639	2893	1	0	34	58877	178871	1	11.6	57.9	22.2	51.8	0	2	3	0	0	0
2372230	2575846683	2893	1	0	35	178871	102884	1	22.2	51.8	5.3	50.4	0	2	3	0	0	0
2372230	2575847077	2893	1	1	3	102884	11129	1	2.1	47.9	11.6	28.2	0	2	4	0	0	0
2372230	2575847097	2893	1	1	3	11129	102884	1	11.6	28.2	6.6	40.1	0	2	4	0	0	0
2372230	2575847105	2893	1	1	3	102884	0	0	9.1	34.7	38.6	-1	0	2	4	0	0	0
2372230	2575847297	188	1	1	22	472145	488026	1	65.4	100	68.8	79.1	0	3	5	0	0	0
2372230	2575847347	188	1	1	23	488026	174528	1	68.6	77.4	59	37.5	0	3	5	0	0	0
2372230	2575847393	188	1	1	27	174528	178880	1	58.9	32.5	68.8	25.9	0	3	5	0	0	0
2372230	2575847407	188	1	1	29	178880	0	1	68.4	16.3	71.7	5.6	0	3	5	0	0	0
2372230	2575847499	188	1	1	32	219271	178880	1	69.6	12.4	71.9	18	0	3	5	0	0	0
2372230	2575847531	188	1	1	37	178880	224919	1	68.6	14.5	51.7	54.1	0	3	5	0	0	0
2372230	2575847591	188	1	1	40	224919	472145	1	54	65.5	56.6	95.7	0	3	5	0	0	0
2372230	2575847635	188	1	1	45	472145	224919	1	53.6	91.4	42	75.8	0	3	5	0	0	0
2372230	2575847703	188	1	1	47	224919	216475	1	31.5	67.8	35.5	37.1	0	3	5	0	0	0
2372230	2575847727	188	1	1	50	216475	174528	1	35.3	27.7	40.8	9.7	0	3	5	0	0	0
2372230	2575847739	188	1	1	51	174528	481655	1	40.7	8.1	45	16.5	0	3	5	0	0	0
2372230	2575847779	188	1	1	53	481655	178880	1	44.8	16	59.3	21.9	0	3	5	0	0	0
2372230	2575847879	2893	1	2	2	11129	178871	1	36.7	41.3	31.2	45.5	0	4	6	0	0	0
2372230	2575847897	2893	1	2	3	178871	58877	1	31.2	45.5	25.5	67.5	0	4	6	0	0	0
2372230	2575847963	2893	1	2	4	58877	248498	1	25.5	67.5	34.5	83.5	0	4	6	0	0	0
2372230	2575848017	2893	1	2	9	248498	468236	1	35.4	80.8	54.1	94.4	0	4	6	0	0	0
2372230	2575848293	2893	1	2	22	248498	58877	1	50.1	100	26.6	86.2	0	4	7	0	0	0
2372230	2575848351	2893	1	2	27	58877	11129	1	9.8	81.1	22.5	58.5	0	4	7	0	0	0
2372230	2575848523	2893	1	2	29	11129	517333	1	23	58.4	35.7	20.4	0	4	7	0	0	0
2372230	2575848561	2893	1	2	38	517333	510281	1	60.1	17.9	63.8	4.4	0	4	7	0	0	0
2372230	2575848589	2893	1	2	40	510281	517333	1	65.7	4.6	60.3	9.8	0	4	7	0	0	0
2372230	2575848639	2893	1	2	41	517333	178871	1	61.4	8.2	58.9	29.1	0	4	7	0	0	0
2372230	2575849191	188	1	3	2	174528	216475	1	25.5	15.3	10.7	24.9	0	5	8	0	0	5
2372230	2575849209	188	1	3	7	216475	224919	1	10.7	24.9	9.3	71	0	5	8	0	0	0
2372230	2575849239	188	1	3	12	224919	472145	1	9	77.9	14	93.7	0	5	8	0	0	0
2372230	2575849337	188	1	3	13	472145	219000	1	14.2	94.1	35.7	93.7	0	5	8	0	0	0
2372230	2575948721	2893	1	3	19	517333	0	1	59.7	4.8	64.6	5.5	0	6	9	0	0	0
2372230	2575849429	2893	1	3	21	510281	194282	1	68.1	4.6	70.9	11.6	0	6	9	0	0	0
2372230	2575849561	2893	1	3	28	226541	510281	1	68.5	20.2	76.3	5.9	0	8	11	0	0	0
2372230	2575849631	2893	1	3	32	510281	517333	1	77.5	4.9	66	10.6	0	8	11	0	0	0
2372230	2575849689	2893	1	3	35	517333	0	1	67.2	11.4	62.8	22.1	0	8	11	0	0	0
2372230	2575850049	2893	1	3	52	178871	468236	1	54	33	75.6	91.5	0	8	12	0	0	5
2372230	2575850139	188	1	3	56	174528	0	0	24.4	10.9	46.6	45.7	0	9	13	0	0	0
2372230	2575850243	2893	1	4	2	11129	0	0	53.7	43.6	69.8	18.8	0	10	14	0	0	0
2372230	2575850451	188	1	4	10	472145	219271	1	80.8	96.4	87	40.4	0	11	15	2	0	0
2372230	2575852625	2893	1	5	31	49464	517333	1	50.2	50.1	32.6	34.3	0	12	16	0	0	0
2372230	2575852869	2893	1	5	35	517333	0	1	42	22.9	63	11.4	0	12	16	0	0	0
2372230	2575852885	2893	1	5	38	510281	0	0	89	26.2	92.6	47.4	0	12	16	2	0	0
2372230	2575853527	188	1	5	50	197316	224919	1	8.6	55	15.7	70.1	0	13	17	0	0	0
2372230	2575853679	188	1	5	59	224919	472145	1	15.2	71.3	23	92.3	0	13	17	0	0	0
2372230	2575853785	188	1	6	3	472145	0	1	23.5	92.1	41.3	85	0	13	17	0	0	0
2372230	2575853867	188	1	6	7	176189	488026	1	38.9	86.6	35.7	82.7	0	13	17	0	0	0
2372230	2575853907	188	1	6	10	488026	472145	1	36.4	83.3	28.3	90.1	0	13	17	0	0	0
2372230	2575854063	188	1	6	11	472145	197316	1	28.2	89.1	8.7	63.2	0	13	17	0	0	0
2372230	2575854251	188	1	6	17	197316	0	0	7.9	56.8	78.4	18.3	0	13	17	0	0	0
2372230	2575854343	2893	1	6	23	58877	102884	1	21.8	77.3	4.2	59.6	0	14	18	0	0	0
2372230	2575854433	2893	1	6	24	102884	58877	1	3.9	59.4	8.7	93.6	0	14	18	0	0	0
2372230	2575854507	2893	1	6	28	58877	248498	1	9.2	93.6	29.3	79	0	14	18	0	0	0
2372230	2575854587	2893	1	6	30	248498	468236	1	29.5	79	40.5	95.9	0	14	18	0	0	0
2372230	2575854623	2893	1	6	32	468236	0	0	41.5	95.7	32.8	80	0	14	18	0	3	0
2372230	2575854689	188	1	6	34	176189	0	1	72.9	13.8	66.3	13.4	0	15	19	0	3	0
2372230	2575854783	188	1	6	35	481655	0	1	62.1	13.7	61.8	28.5	0	15	19	0	0	0
2372230	2575855365	188	1	6	54	481655	216475	1	60	30.9	44.5	24.2	0	15	20	0	0	5
2372230	2575855419	188	1	6	56	216475	224919	1	44.4	26.7	37.5	57.8	0	15	20	0	0	0
2372230	2575855523	188	1	6	59	224919	472145	1	37.5	58.4	39.8	90.9	0	15	20	0	0	0
2372230	2575855583	188	1	7	2	472145	219000	1	40.4	92.4	54.5	76.6	0	15	20	0	0	0
2372230	2575855671	188	1	7	4	219000	481655	1	54.5	76.6	49.3	83.3	0	15	20	0	0	0
2372230	2575855797	188	1	7	6	481655	0	0	56.9	81.5	76.7	91.1	0	15	20	0	0	0
2372230	2575856567	188	1	7	31	472145	0	0	82.8	100	88.3	62.9	0	15	21	0	0	0
2372230	2575857621	2893	1	7	54	226541	178871	1	26.9	32.4	11.7	40.8	0	16	22	0	0	5
2372230	2575860215	2893	1	8	0	178871	11129	1	14	40.4	4.9	29.5	0	16	22	0	0	0
2372230	2575857687	2893	1	8	2	11129	0	0	6.3	30.7	44.9	25.6	0	16	22	0	0	0
2372230	2575857741	188	1	8	4	224919	0	1	56.3	70.9	71.1	68.6	0	17	23	0	3	0
2372230	2575857767	188	1	8	7	178880	0	0	71	73.1	82.3	71.6	0	17	23	0	0	0
2372230	2575861567	2893	1	9	51	11129	0	1	3.9	56.1	4.8	39.1	0	18	25	0	0	0
2372230	2575861683	2893	1	9	54	102884	0	0	5.6	28.9	66	20.7	0	18	25	0	0	0
2372230	2575861771	188	1	9	57	481655	0	1	42.3	75.9	58.8	63.7	0	19	26	0	3	0
2372230	2575861833	188	1	10	0	178880	174528	1	56	52	51.9	47.4	0	19	26	0	0	0
2372230	2575861907	188	1	10	0	174528	219000	1	54.2	50.2	64	63	0	19	26	0	0	0
2372230	2575862203	2893	1	10	8	11129	194282	1	14.9	18.2	47.3	11.4	0	20	27	0	0	0
2372230	2575862247	2893	1	10	9	194282	510281	1	47.3	11.4	39.5	3.5	0	20	27	0	0	0
2372230	2575862269	2893	1	10	11	510281	226541	1	39.1	3.2	37.3	14.9	0	20	27	0	0	0
2372230	2575862327	2893	1	10	11	226541	517333	1	37.3	14.9	29.3	6.1	0	20	27	0	0	0
2372230	2575862383	2893	1	10	13	517333	11129	1	24.5	11	14.7	28.2	0	20	27	0	0	0
2372230	2575862501	2893	1	10	15	11129	102884	1	14.7	28.2	3.8	50.3	0	20	27	0	0	0
2372230	2575862557	2893	1	10	17	102884	58877	1	3.9	50.7	7.1	76.1	0	20	27	0	0	0
2372230	2575862687	2893	1	10	19	58877	0	1	6.7	84.4	32.8	92.4	0	20	27	0	0	0
2372230	2575862703	2893	1	10	23	468236	0	0	21.2	92.9	21.2	90.5	0	20	27	0	0	0
2372230	2575862815	188	1	10	24	174528	216475	1	77.9	10.1	71.2	13.5	0	21	28	0	0	0
2372230	2575862877	188	1	10	26	216475	178880	1	70.8	13.4	73.4	20.6	0	21	28	0	0	0
2372230	2575862967	188	1	10	27	178880	216475	1	73.4	20.6	70.8	14.5	0	21	28	0	0	0
2372230	2575863149	188	1	10	29	216475	224919	1	66.4	14.7	42.2	35.1	0	21	28	0	0	0
2372230	2575863303	188	1	10	36	224919	481655	1	45.2	43.6	45.8	68.2	0	21	28	0	0	0
2372230	2575863385	188	1	10	39	481655	197316	1	40.8	67.5	17.9	44.6	0	21	28	0	0	0
2372230	2575863449	188	1	10	43	197316	481655	1	17.9	44.6	30.6	52.3	0	21	28	0	0	0
2372230	2575863681	188	1	10	45	481655	216475	1	30.2	43.7	25.6	21.1	0	21	28	0	0	0
2372230	2575863805	188	1	10	50	216475	197316	1	26.9	29	9.4	50.2	0	21	28	0	0	0
2372230	2575864117	188	1	10	54	197316	224919	1	8.8	51.2	17.5	76.4	0	21	28	0	0	0
2372230	2575864129	188	1	10	59	224919	0	0	20.9	87.1	36.1	101.3	0	21	28	0	0	0
2372230	2575864333	2893	1	11	3	510281	226541	1	65.4	0	61.8	7.1	0	22	29	0	0	0
2372230	2575864459	2893	1	11	7	226541	510281	1	61.9	7.1	69.9	4	0	22	29	0	0	0
2372230	2575864577	2893	1	11	9	510281	178871	1	65.4	2.1	58.5	20.7	0	22	29	0	0	0
2372230	2575864609	2893	1	11	12	178871	11129	1	52.4	21.1	47.2	45.6	0	22	29	0	0	0
2372230	2575864693	2893	1	11	14	11129	58877	1	46.3	45.5	45.4	70.9	0	22	29	0	0	0
2372230	2575864789	2893	1	11	17	58877	468236	1	48.5	73.5	68.2	95.6	0	22	29	0	0	0
2372230	2575864891	2893	1	11	19	468236	58877	1	68.2	95.6	46	84.1	0	22	29	0	0	0
2372230	2575865099	2893	1	11	23	58877	11129	1	46.5	79.1	39	49.6	0	22	29	0	0	0
2372230	2575865307	2893	1	11	29	11129	517333	1	48.8	43.1	45.8	24.3	0	22	29	0	0	0
2372230	2575865437	2893	1	11	33	517333	11129	1	45.7	31.8	43.3	45.7	0	22	29	0	0	0
2372230	2575865465	2893	1	11	36	11129	0	0	45.7	47.5	69.8	28.8	0	22	29	0	0	0
2372230	2575865507	188	1	11	37	481655	0	1	34.7	60.2	44.4	67.5	0	23	30	0	3	0
2372230	2575865599	188	1	11	39	219000	178880	1	47	64.9	43.3	52.2	0	23	30	0	0	0
2372230	2575865667	188	1	11	40	178880	0	1	47.4	52.2	64.8	73.2	0	23	30	0	0	0
2372230	2575865807	188	1	11	42	176189	219000	1	73.2	76.5	85	59.4	0	23	30	0	0	0
2372230	2575873557	2893	1	15	17	102884	0	0	14.1	43.1	56.7	86.6	0	24	32	0	0	0
2372230	2575873991	2893	1	15	28	468236	0	0	95.5	89.7	95.1	86.8	0	24	33	2	0	0
2372230	2575874823	188	1	15	49	197316	224919	1	8.8	54.4	15	73.4	0	25	34	0	0	0
2372230	2575874917	188	1	15	53	224919	0	1	16.3	77.4	29.8	81.1	0	25	34	0	0	0
2372230	2575875843	188	1	16	16	224919	197316	1	30.4	78.1	13.9	54	0	25	35	0	0	5
2372230	2575875969	188	1	16	20	197316	216475	1	13.8	52.1	21.2	22.2	0	25	35	0	0	0
2372230	2575876083	188	1	16	24	216475	197316	1	20.3	19.8	8	52.7	0	25	35	0	0	0
2372230	2575876273	188	1	16	27	197316	224919	1	8.3	51.6	20	75.7	0	25	35	0	0	0
2372230	2575876359	188	1	16	31	224919	488026	1	24.1	76.5	32.9	76.6	0	25	35	0	0	0
2372230	2575876565	188	1	16	32	488026	216475	1	37.4	73.3	26.6	32.8	0	25	35	0	0	0
2372230	2575876657	188	1	16	39	216475	0	0	41	28.7	74.8	79.4	0	25	35	0	0	0
2372230	2575876877	188	1	16	46	219000	0	0	72.1	71.8	96.7	59.5	0	27	37	0	0	0
2372230	2575877811	2893	1	17	2	102884	0	1	9.4	57.3	35.4	67.2	0	28	38	0	0	0
2372230	2575878065	2893	1	17	13	58877	468236	1	30.3	76.1	66.6	93.9	0	28	39	0	0	5
2372230	2575878127	2893	1	17	20	468236	0	0	76.4	68.2	90	62.3	0	28	39	0	0	0
2372230	2575878865	2893	1	17	40	248498	0	1	80.6	100	75.5	96.2	0	30	41	0	0	0
2372230	2575878919	2893	1	17	42	194282	58877	1	76.1	96.2	63	97.1	0	30	41	0	0	0
2372230	2575878983	2893	1	17	43	58877	178871	1	63	97.1	67.4	78.8	0	30	41	0	0	0
2372230	2575879057	2893	1	17	44	178871	11129	1	67.5	77.2	41.8	64.6	0	30	41	0	0	0
2372230	2575879181	2893	1	17	47	11129	517333	1	42.2	64.5	45.5	43.7	0	30	41	0	0	0
2372230	2575879237	2893	1	17	49	517333	11129	1	39.2	42.8	29.5	54.3	0	30	41	0	0	0
2372230	2575879341	2893	1	17	51	11129	102884	1	29.7	54.3	13	38.5	0	30	41	0	0	0
2372230	2575879601	2893	1	17	53	102884	178871	1	12.6	38.8	26.6	20.4	0	30	41	0	0	0
2372230	2575879687	2893	1	18	1	178871	58877	1	28.1	52.7	20.5	67.8	0	30	41	0	0	0
2372230	2575879791	2893	1	18	4	58877	11129	1	21.2	65.8	12.6	36.7	0	30	41	0	0	0
2372230	2575879945	2893	1	18	7	11129	226541	1	12.8	36.4	38	6.7	0	30	41	0	0	0
2372230	2575880085	2893	1	18	10	226541	0	1	35.3	11	45.7	2.1	0	30	41	0	0	0
2372230	2575880159	2893	1	18	13	510281	194282	1	43.6	2.3	39.4	19.5	0	30	41	0	0	0
2372230	2575880179	2893	1	18	15	194282	58877	1	39.7	20.4	29.9	42.2	0	30	41	0	0	0
2372230	2575880247	2893	1	18	16	58877	11129	1	29.9	42.2	17.3	29.7	0	30	41	0	0	0
2372230	2575880303	2893	1	18	21	11129	517333	1	16.2	30.7	23	9.1	0	30	41	0	0	0
2372230	2575880401	2893	1	18	23	517333	0	1	22.8	11	29.1	3.5	0	30	41	0	0	0
2372230	2575881261	2893	1	18	46	517333	102884	1	24.4	19.1	9	46	0	30	42	0	0	5
2372230	2575881363	2893	1	18	52	102884	11129	1	12.6	45.4	11.2	23.6	0	30	42	0	0	0
2372230	2575881505	2893	1	18	54	11129	102884	1	10.8	23.9	7.5	50.3	0	30	42	0	0	0
2372230	2575881623	2893	1	18	59	102884	58877	1	9.2	50.1	6.4	76.4	0	30	42	0	0	0
2372230	2575881737	2893	1	19	2	58877	226541	1	6.7	80.3	34	94.8	0	30	42	0	0	0
2372230	2575882365	188	1	19	18	174528	481655	1	71.6	0	66.6	5.9	0	31	43	0	0	0
2372230	2575882447	188	1	19	19	481655	216475	1	62.2	5.2	43.5	8	0	31	43	0	0	0
2372230	2575882529	188	1	19	23	216475	224919	1	39.8	13.6	35.9	56.7	0	31	43	0	0	0
2372230	2575882671	188	1	19	26	224919	472145	1	36.2	60	38.8	84.2	0	31	43	0	0	0
2372230	2575882783	188	1	19	29	472145	176189	1	35.5	92.4	57.7	84.3	0	31	43	0	0	0
2372230	2575883039	2893	1	19	34	517333	178871	1	43.8	6.2	40.4	28.9	0	32	44	0	0	0
2372230	2575883353	2893	1	19	45	178871	468236	1	64.8	41.2	79.9	94.2	0	32	45	0	0	0
2372230	2575883411	2893	1	19	50	468236	58877	1	82.4	94.5	63.2	79.1	0	32	45	0	0	0
2372230	2575883467	2893	1	19	53	58877	178871	1	63.4	78.7	68.2	68.5	0	32	45	0	0	0
2372230	2575883535	2893	1	19	54	178871	248498	1	68.2	68.5	72.7	89.6	0	32	45	0	0	0
2372230	2575883631	2893	1	19	57	248498	58877	1	71.6	89.4	51.3	78.5	0	32	45	0	0	0
2372230	2575883751	2893	1	19	59	58877	11129	1	47.7	77.3	44.3	50.6	0	32	45	0	0	0
2372230	2575883849	2893	1	20	2	11129	517333	1	44.3	50.6	43.6	32.5	0	32	45	0	0	0
2372230	2575883891	2893	1	20	5	517333	248498	1	42.2	34.3	58.7	33.6	0	32	45	0	0	0
2372230	2575884103	2893	1	20	6	248498	226541	1	58.7	33.6	62.3	10	0	32	45	0	0	0
2372230	2575884217	2893	1	20	13	226541	510281	1	64.6	11.9	67.7	4	0	32	45	0	0	0
2372230	2575884221	2893	1	20	16	510281	0	0	66.1	13.2	73.4	27	0	32	45	2	0	0
2372230	2575884441	2893	1	20	23	510281	226541	1	94.5	4.7	87.8	8.6	0	32	46	0	0	0
2372230	2575884543	2893	1	20	25	226541	248498	1	86.1	9.5	77.7	26.4	0	32	46	0	0	0
2372230	2575884693	2893	1	20	28	248498	178871	1	79.6	27.3	67.5	21.3	0	32	46	0	0	0
2372230	2575884779	2893	1	20	31	178871	0	0	69.5	25.2	93.5	53.4	0	32	46	2	0	0
2372230	2575887741	188	1	22	5	197316	224919	1	8.6	58	19.7	87.7	0	33	48	0	0	0
2372230	2575887885	188	1	22	11	224919	219000	1	13.5	97.3	30.2	96.4	0	33	48	0	0	0
2372230	2575887975	188	1	22	17	219000	488026	1	32	95.7	42.2	96.9	0	33	48	0	0	0
2372230	2575888125	188	1	22	21	488026	472145	1	44.3	96.5	45.9	92.9	0	33	48	0	0	0
2372230	2575888625	188	1	22	38	472145	0	0	44.4	92.9	66.7	65.9	0	33	49	0	0	5
2372230	2576105753	2893	1	22	40	248498	0	1	34.3	56.5	30.1	49.3	0	34	50	0	0	0
2372230	2575888689	2893	1	22	42	178871	226541	1	33.6	36.4	38	24	0	34	50	0	0	0
2372230	2575888737	2893	1	22	43	226541	517333	1	39.1	21.6	29.9	22.2	0	34	50	0	0	0
2372230	2575888885	2893	1	22	45	517333	102884	1	23.6	32.4	7.1	50.1	0	34	50	0	0	0
2372230	2575888909	2893	1	22	47	102884	0	0	7.4	50.7	39.6	66.3	0	34	50	0	0	0
2372230	2575888989	188	1	22	51	174528	0	0	56.2	29.6	62.1	-1.5	0	0	0	0	3	0
2372230	2575889607	2893	1	23	8	248498	0	0	50.6	100	73	102	0	34	51	0	0	0
2372230	2575890539	188	1	23	34	174528	0	0	39.5	0	70.1	11	0	35	52	0	0	0
2372230	2575890837	188	1	23	41	178880	219000	1	86.3	10.8	96.3	74.2	0	37	54	0	0	0
2372230	2575891793	2893	1	24	6	11129	49464	1	3.1	56.8	48.3	85	0	38	55	0	0	0
2372230	2575891839	2893	1	24	9	49464	468236	1	48.3	85	54	90.4	0	38	55	0	3	0
2372230	2575891859	2893	1	24	11	468236	49464	1	55	92.5	52.6	86	0	38	55	0	0	0
2372230	2575892173	2893	1	24	19	468236	226541	1	61.1	100	58	75.2	0	38	56	0	0	0
2372230	2575892329	2893	1	24	20	226541	194282	1	58	75.2	74.6	53.2	0	38	56	0	0	0
2372230	2575892383	188	1	24	24	216475	178880	1	24.6	29.5	39	29.9	0	39	57	0	0	0
2372230	2575892563	188	1	24	26	178880	488026	1	39.2	28.9	32.9	52	0	39	57	0	0	0
2372230	2575892685	188	1	24	32	488026	472145	1	53.7	83.9	62.7	94	0	39	57	0	0	0
2372230	2575892773	2893	1	24	35	517333	0	1	23.9	11.3	31.3	12.9	0	40	58	0	0	0
2372230	2575893579	2893	1	24	58	178871	0	0	29.2	14.3	69.6	70.1	0	40	59	0	0	5
2372230	2575893995	2893	1	25	9	248498	58877	1	64.6	100	40.6	91.5	0	40	60	0	0	0
2372230	2575894057	2893	1	25	11	58877	11129	1	43.6	87.8	36.5	54.8	0	40	60	0	0	0
2372230	2575894307	2893	1	25	18	11129	517333	1	35.2	46.9	38.7	22.2	0	40	60	0	0	0
2372230	2575894419	2893	1	25	26	517333	178871	1	64.3	35	57.8	39.7	0	40	60	0	0	0
2372230	2575894481	2893	1	25	29	178871	58877	1	57.1	44.1	56.4	68.2	0	40	60	0	0	0
2372230	2575894639	2893	1	25	31	58877	468236	1	56.4	68.9	68.8	91	0	40	60	0	0	0
2372230	2575894653	2893	1	25	35	468236	216475	100	73.9	93.6	79.4	86.4	0	40	60	0	0	0
2372230	2575895781	188	1	26	6	197316	219271	1	24.8	26.1	74.4	28.2	0	41	61	0	0	5
2372230	2575896009	2893	1	26	11	517333	49464	1	27.1	45.5	58.6	89.2	0	42	62	0	0	0
2372230	2575896665	188	1	26	35	174528	0	0	54.1	0	74.4	17.4	0	43	63	0	0	0
2372230	2575896761	2893	1	26	36	178871	0	0	23.9	78.1	26.9	89.8	0	0	0	0	3	0
2372230	2575896779	188	1	26	38	178880	176189	1	71.6	10.5	74	15.7	0	43	64	0	0	0
2372230	2575896797	188	1	26	40	176189	178871	100	72.4	13.9	75.1	11.8	0	43	64	0	0	0
2372230	2575896899	2893	1	26	41	248498	58877	1	30.4	94.3	20	85.5	0	44	65	0	0	0
2372230	2575896943	2893	1	26	42	58877	224919	100	26	87.4	48.3	67.3	0	44	65	0	0	0
2372230	2575897289	188	1	26	53	216475	224919	1	33.1	46.6	30.8	60.9	0	45	66	0	0	0
2372230	2575897389	188	1	26	55	224919	481655	1	31.6	62.2	29.7	48.9	0	45	66	0	0	0
2372230	2575897509	188	1	26	58	481655	224919	1	30.6	52.1	34.2	76.2	0	45	66	0	0	0
2372230	2575897681	188	1	27	1	224919	197316	1	32.3	73.9	7.8	54.7	0	45	66	0	0	0
2372230	2575897807	188	1	27	7	197316	174528	1	8.2	50.5	45.3	7.1	0	45	66	0	0	0
2372230	2575898155	2893	1	27	19	248498	58877	1	54.8	100	42.7	94.3	0	46	67	0	0	0
2372230	2575898161	2893	1	27	21	58877	219271	100	47	96.2	54.1	95.6	0	46	67	0	0	0
2372230	2575898529	2893	1	27	29	248498	58877	1	66.3	100	59.2	94.6	0	46	68	0	0	0
2372230	2575898969	2893	1	27	44	248498	194282	1	56	100	59.4	84.1	0	46	69	0	0	0
2372230	2575899155	188	1	27	49	219271	178880	1	62.8	14.7	64.2	26.6	0	47	70	0	0	0
2372230	2575899227	2893	1	27	52	248498	58877	1	29.7	76	27.7	73.8	0	48	71	0	0	0
2372230	2575899311	2893	1	27	53	58877	226541	1	27.2	75.8	33	69	0	48	71	0	0	0
2372230	2575899399	2893	1	27	56	226541	178871	1	30.9	58.1	27.1	60.4	0	48	71	0	0	0
2372230	2575899505	2893	1	27	59	178871	517333	1	27	44.5	31	13.3	0	48	71	0	0	0
2372230	2575899651	2893	1	28	2	517333	510281	1	31.5	10.8	41.2	4.1	0	48	71	0	0	0
2372230	2575899675	2893	1	28	6	510281	517333	1	43.8	2	35.2	2.6	0	48	71	0	0	0
2372230	2575899701	2893	1	28	8	517333	178871	1	35.2	2.6	38.5	11.7	0	48	71	0	0	0
2372230	2575899781	2893	1	28	9	178871	11129	1	40.3	11.8	26.2	28.3	0	48	71	0	0	0
2372230	2575899935	2893	1	28	12	11129	58877	1	25.4	33.3	26.8	64.3	0	48	71	0	0	0
2372230	2575900035	2893	1	28	17	58877	102884	1	29.2	67.3	10.8	49.9	0	48	71	0	0	0
2372230	2575900151	2893	1	28	19	102884	0	0	12.1	49.7	76.8	71.8	0	48	71	0	0	0
2372230	2575900607	2893	1	28	32	468236	248498	1	78	100	71.4	95.3	0	48	72	0	0	0
2372230	2575900705	2893	1	28	39	248498	58877	1	73.4	89.7	64.4	92.9	0	48	72	0	0	0
2372230	2575900745	2893	1	28	40	58877	468236	1	59.3	91.3	67.9	98.3	0	48	72	0	0	0
2372230	2575900783	2893	1	28	42	468236	11129	1	64.7	96.6	43.6	78.7	0	48	72	0	0	0
2372230	2575900931	2893	1	28	45	11129	517333	1	46.3	73.8	52.8	40.4	0	48	72	0	0	0
2372230	2575900997	2893	1	28	50	517333	510281	1	65.3	14.5	70.9	1	0	48	72	0	0	0
2372230	2575901401	2893	1	29	0	178871	468236	1	56	25.5	87.7	91	0	50	74	0	0	0
2372230	2575901439	2893	1	29	6	468236	0	0	80	85.3	89.9	47.8	0	50	74	2	0	0
2372230	2575901673	2893	1	29	11	178871	510281	1	74.6	31.3	80.2	17.6	0	50	75	0	0	0
2372230	2575901775	2893	1	29	13	510281	49464	1	79.9	22.7	92	56.4	0	50	75	2	0	0
2372230	2575903473	2893	1	29	58	248498	11129	1	76.4	100	54.3	89.7	0	50	77	0	0	0
2372230	2575903559	2893	1	30	6	11129	517333	1	46.9	59.7	45.6	38.9	0	50	77	0	0	0
2372230	2575903629	2893	1	30	8	517333	11129	1	46.3	41.5	43.5	56.4	0	50	77	0	0	0
2372230	2575903745	2893	1	30	11	11129	58877	1	45	54.8	42.5	88.7	0	50	77	0	0	0
2372230	2575903943	2893	1	30	14	58877	11129	1	37.5	81.7	26.3	46.8	0	50	77	0	0	0
2372230	2575904031	2893	1	30	21	11129	517333	1	31.3	34.8	33	11.5	0	50	77	0	0	0
2372230	2575904127	2893	1	30	22	517333	510281	1	29.6	10.1	38.1	1.5	0	50	77	0	0	0
2372230	2575904175	2893	1	30	26	510281	49464	1	38.5	23.9	51.1	34.2	0	50	77	0	0	0
2372230	2575904253	2893	1	30	27	49464	178871	1	52.1	34.9	41.1	43.4	0	50	77	0	0	0
2372230	2575904369	2893	1	30	28	178871	468236	1	41.2	43.4	60.2	84.1	0	50	77	0	0	0
2372230	2575904465	2893	1	30	34	468236	0	1	79.5	79.2	87.4	86.4	0	50	77	0	0	0
2372230	2575904489	2893	1	30	36	248498	0	0	89.4	86.2	96.6	51.5	0	50	77	2	0	0
2372230	2575904743	188	1	30	44	219000	472145	1	30.2	69.7	16.4	93.8	0	51	78	0	0	0
2372230	2575904805	188	1	30	47	472145	0	0	21.3	95.4	45.1	77.6	0	51	78	0	0	0
2372230	2575904885	2893	1	30	49	178871	0	1	56.4	13.8	67.1	3.3	0	52	79	0	0	0
2372230	2575905023	2893	1	30	54	510281	226541	1	69.3	4.7	66.5	0.8	0	52	79	0	0	0
2372230	2575905087	2893	1	30	56	226541	510281	1	66.5	0.8	69.1	6.9	0	52	79	0	0	0
2372230	2575905163	188	1	30	59	219000	178880	1	33.6	92.4	36.8	92.5	0	53	80	0	0	0
2372230	2575905313	2893	1	31	2	517333	0	1	63.1	4.7	59.4	19.2	0	54	81	0	0	0
2372230	2575905371	2893	1	31	4	178871	248498	1	62.1	24.3	67.4	46.6	0	54	81	0	0	0
2372230	2575905485	2893	1	31	7	248498	49464	1	71.4	44.1	85.8	52	0	54	81	0	0	0
2372230	2575906099	188	1	31	27	197316	481655	1	12	51.8	35.5	51.5	0	55	82	0	0	0
2372230	2575906165	188	1	31	30	481655	174528	1	44.8	41.2	50.8	15.7	0	55	82	0	0	0
2372230	2575906209	188	1	31	33	174528	219271	1	51.9	14.4	59.2	9.2	0	55	82	0	0	0
2372230	2575906277	188	1	31	35	219271	174528	1	58.5	8.9	47	11.6	0	55	82	0	0	0
2372230	2575906365	188	1	31	37	174528	216475	1	46.5	13.2	38.2	35.4	0	55	82	0	0	0
2372230	2575906421	188	1	31	40	216475	224919	1	37.6	36.8	34.5	68	0	55	82	0	0	0
2372230	2575906489	188	1	31	42	224919	472145	1	34.8	69.1	39.8	90.1	0	55	82	0	0	0
2372230	2575906549	188	1	31	45	472145	0	0	39.2	90.4	44.3	91.9	0	55	82	0	0	0
2372230	2575907359	188	1	32	7	472145	488026	1	41.3	100	48.3	70.5	0	55	83	0	0	0
2372230	2575907435	188	1	32	9	488026	216475	1	48.2	67.8	38.1	41.2	0	55	83	0	0	0
2372230	2575907815	188	1	32	13	216475	219271	1	45.4	37.3	63.3	7.1	0	55	83	0	0	0
2372230	2575907833	188	1	32	25	219271	0	0	90.6	9.7	91.2	35.7	0	55	83	2	0	0
2372230	2575907949	2893	1	32	26	178871	58877	1	11	67.8	9.7	62.7	0	56	84	0	0	0
2372230	2575907977	2893	1	32	28	58877	248498	1	9.7	62.7	12.2	90.1	0	56	84	0	0	0
2372230	2575908055	2893	1	32	30	248498	468236	1	12.2	90.1	17.7	94.6	0	56	84	0	0	0
2372230	2575908077	2893	1	32	31	468236	0	0	18.2	93.8	38.9	77.8	0	56	84	0	0	0
2372230	2575908451	188	1	32	37	481655	472145	1	68.9	45.8	72.2	84.8	0	57	85	0	0	0
2372230	2575908555	188	1	32	45	472145	481655	1	76.8	82.6	67	68	0	57	85	0	0	0
2372230	2575908649	188	1	32	47	481655	178880	1	67.4	67	76.1	45.5	0	57	85	0	0	0
2372230	2575908725	188	1	32	51	176189	481655	1	79.2	57.5	68.8	62.4	0	57	86	0	0	0
2372230	2575908845	188	1	32	53	481655	219271	1	67.9	60.6	88.1	9.6	0	57	86	0	0	0
2372230	2575908949	188	1	32	56	219271	174528	1	88.1	9.6	97.7	11.2	0	57	86	0	0	0
2372230	2575909001	188	1	33	0	174528	178880	1	95.3	9.4	72	8.4	0	57	86	0	0	0
2372230	2575909109	188	1	33	1	178880	219271	1	72	8.4	79.6	12.1	0	57	86	0	0	0
2372230	2575910217	2893	1	33	35	11129	102884	1	4	51	7.3	29.7	0	58	87	0	0	0
2372230	2575910779	188	1	33	52	216475	224919	1	35.7	36	33.6	57.2	0	59	88	0	0	5
2372230	2575910855	188	1	33	53	224919	216475	1	33.5	59.5	34.8	30.7	0	59	88	0	0	0
2372230	2575911053	188	1	33	56	216475	224919	1	31.3	29.3	30.1	61.1	0	59	88	0	0	0
2372230	2575911139	188	1	34	2	224919	472145	1	40.6	68.1	37.3	85.6	0	59	88	0	0	0
2372230	2575911195	188	1	34	4	472145	0	0	38.8	87.4	46.6	33.3	0	59	88	0	0	0
2372230	2575911383	2893	1	34	7	468236	0	0	55	64.5	56.3	60.6	0	60	89	0	0	0
2372230	2575916383	2893	1	34	8	49464	11129	1	57.3	51.1	43.9	38.2	0	60	90	0	0	0
2372230	2575917195	2893	1	34	11	11129	178871	1	45.4	36.7	47.7	45.6	0	60	90	0	3	0
2372230	2575911615	2893	1	34	12	178871	0	1	46.2	45.2	40.9	38.2	0	60	90	0	3	0
2372230	2575917801	2893	1	34	13	11129	58877	1	43	34.7	29.8	57.6	0	60	90	0	0	0
2372230	2575911729	2893	1	34	18	58877	178871	1	29.2	58.5	34.8	50.3	0	60	90	0	0	0
2372230	2575911867	2893	1	34	22	178871	11129	1	36.1	51	30.2	45	0	60	90	0	0	0
2372230	2575911985	2893	1	34	25	11129	517333	1	29.9	44.1	27.4	26.8	0	60	90	0	0	0
2372230	2575912123	2893	1	34	29	517333	11129	1	29.8	31.5	14.6	52	0	60	90	0	0	0
2372230	2575912277	2893	1	34	33	11129	0	1	22	65.7	36.1	94.1	0	60	90	0	0	0
2372230	2575912783	2893	1	34	51	248498	58877	1	43.1	78.8	35.1	65	0	60	91	0	0	5
2372230	2575912925	2893	1	34	55	58877	248498	1	34	66.4	42.4	86.9	0	60	91	0	0	0
2372230	2575913045	2893	1	35	0	248498	58877	1	44.9	89.5	33.1	80.4	0	60	91	0	0	0
2372230	2575913139	2893	1	35	3	58877	11129	1	38	74.3	36.3	43.2	0	60	91	0	0	0
2372230	2575913259	2893	1	35	8	11129	226541	1	41.7	34.1	60.5	7.8	0	60	91	0	0	0
2372230	2575913327	2893	1	35	12	226541	517333	1	67.5	10.5	56.7	16.2	0	60	91	0	0	0
2372230	2575913357	2893	1	35	15	517333	178871	1	63	26.4	55.6	28.9	0	60	91	0	0	0
2372230	2575913467	2893	1	35	17	178871	510281	1	55.5	28.5	63.2	3.6	0	60	91	0	0	0
2372230	2575913807	2893	1	35	28	517333	178871	1	63.8	2	51.2	9.8	0	60	92	0	0	0
2372230	2575913909	2893	1	35	31	178871	11129	1	50.9	18.3	39.2	42.2	0	60	92	0	0	0
2372230	2575914049	2893	1	35	34	11129	58877	1	38.3	45.9	37.6	67.5	0	60	92	0	0	0
2372230	2575914157	2893	1	35	37	58877	0	0	36.1	77.3	101.6	83.2	0	60	92	0	0	0
2372230	2575915181	188	1	36	7	197316	224919	1	4.2	46.5	9.3	69.9	0	61	93	0	0	0
2372230	2575915267	188	1	36	12	224919	472145	1	13.2	73	12.5	95.1	0	61	93	0	0	0
2372230	2575915313	188	1	36	15	472145	0	0	12.1	95.4	38.5	90.4	0	61	93	0	0	0
2372230	2575915483	2893	1	36	18	11129	226541	1	53.8	13.8	62.6	1	0	62	94	0	3	0
2372230	2575915531	2893	1	36	20	226541	510281	1	58.4	4	62.6	4.5	0	62	94	0	0	0
2372230	2575915615	2893	1	36	21	510281	517333	1	62.6	4.5	44.4	17.6	0	62	94	0	0	0
2372230	2575915697	2893	1	36	28	517333	58877	1	45.5	38.9	40	68	0	62	94	0	0	0
2372230	2575915901	2893	1	36	34	58877	219271	100	56.6	75.3	69.5	75.9	0	62	94	0	0	0
2372230	2575916073	188	1	36	36	481655	219271	1	40.9	28.8	47.5	27.9	0	63	95	0	0	0
2372230	2575916309	188	1	36	39	219271	219000	1	49	47.2	68.8	73.6	0	63	95	0	0	0
2372230	2575917897	188	1	37	30	178880	0	0	99.5	99.5	94.7	55.9	0	63	96	2	0	6
2372230	2575918159	188	1	37	39	178880	0	0	61.1	94.8	64.1	94.6	0	65	98	0	0	0
2372230	2575919267	188	1	38	10	472145	176189	1	65.2	100	90.3	96.5	0	65	99	0	0	0
2372230	2575919289	188	1	38	14	176189	0	0	85.2	96.4	86.8	95.3	0	65	99	0	0	0
2372230	2575919891	2893	1	38	30	517333	58877	1	29	12.4	21.5	52	0	66	100	0	0	5
2372230	2575919905	2893	1	38	33	58877	11129	1	18.1	54.4	16	24.7	0	66	100	0	0	0
2372230	2575919949	2893	1	38	35	11129	102884	1	13.8	26	5.1	48	0	66	100	0	0	0
2372230	2575920063	2893	1	38	37	102884	0	0	4.7	48.2	55.1	51.8	0	66	100	0	0	0
2372230	2575920109	188	1	38	40	224919	0	0	45	45.5	56.2	34.3	0	0	0	0	3	0
2372230	2575920271	2893	1	38	44	248498	468236	1	44.6	81.1	58.8	95	0	66	101	0	0	0
2372230	2575920471	2893	1	38	47	468236	248498	1	58.9	84.1	92.8	96.2	0	66	101	0	0	0
2372230	2575920561	2893	1	38	56	248498	0	0	94.7	94.1	96.5	57.3	0	66	101	2	0	0
2372230	2575921127	188	1	39	14	197316	481655	1	13.8	45.3	30.5	39.1	0	67	102	0	0	0
2372230	2575921295	188	1	39	15	481655	224919	1	29.4	39.9	16	72.5	0	67	102	0	0	0
2372230	2575921445	188	1	39	21	224919	197316	1	18.5	65.6	6.3	53	0	67	102	0	0	0
2372230	2575921575	188	1	39	25	197316	488026	1	8.1	50.3	29.4	74.6	0	67	102	0	0	0
2372230	2575921701	188	1	39	28	488026	472145	1	29.5	75.4	25.3	93.5	0	67	102	0	0	0
2372230	2575922101	188	1	39	31	472145	224919	1	25.3	92.5	16.4	82.4	0	67	102	0	0	0
2372230	2575922227	188	1	39	43	224919	216475	1	25.7	69.4	19.9	30.3	0	67	103	0	0	0
2372230	2575922289	188	1	39	47	216475	197316	1	15.7	30.3	5.1	46.5	0	67	103	0	0	0
2372230	2575922447	188	1	39	48	197316	0	0	6.5	46	60	16.8	0	67	103	0	0	0
2372230	2575951753	2893	1	39	52	248498	0	0	36.3	84.9	37.2	84.7	0	0	0	0	3	0
2372230	2575924997	188	1	40	56	178880	0	0	99.7	0.7	96.3	34.9	0	67	105	2	0	6
2372230	2575925847	2893	1	41	30	11129	0	1	9.4	61.5	11.6	37.1	0	68	106	0	0	5
2372230	2575925977	2893	1	41	32	102884	11129	1	10	36.8	10.2	66.7	0	68	106	0	0	0
2372230	2575926083	188	1	41	39	174528	178880	1	72.3	19.2	77.8	23.8	0	69	107	0	0	0
2372230	2575926107	188	1	41	40	178880	0	0	78.1	24.2	77.2	27.7	0	69	107	0	0	0
2372230	2575926421	2893	1	41	45	517333	178871	1	11.7	52	11.7	34.5	0	70	108	0	0	0
2372230	2575926503	2893	1	41	48	178871	0	1	13	27.8	33.6	18.3	0	70	108	0	0	0
2372230	2575927795	2893	1	42	31	11129	517333	1	41.3	26.2	41.3	15	0	70	109	0	0	5
2372230	2575927973	2893	1	42	33	517333	11129	1	41.4	11.7	37.9	24.7	0	70	109	0	0	0
2372230	2575928069	2893	1	42	39	11129	517333	1	39.4	28.5	39.4	8	0	70	109	0	0	0
2372230	2575928203	2893	1	42	41	517333	510281	1	39.2	5.2	50	2.6	0	70	109	0	0	0
2372230	2575928247	2893	1	42	43	510281	517333	1	50	2.6	35.1	9.8	0	70	109	0	0	0
2372230	2575928319	2893	1	42	46	517333	11129	1	35.1	9.8	28.6	42.2	0	70	109	0	0	0
2372230	2575928453	2893	1	42	49	11129	58877	1	27	46.1	27.5	66.6	0	70	109	0	0	0
2372230	2575928503	2893	1	42	51	58877	102884	1	27.5	66.6	10.4	49.4	0	70	109	0	0	0
2372230	2575928655	2893	1	42	55	102884	178871	1	11.1	50.6	24.7	42.7	0	70	109	0	0	0
2372230	2575928777	2893	1	42	56	178871	0	0	24.7	42.7	13.7	-2	0	70	109	0	0	0
2372230	2575929963	188	1	43	33	472145	176189	1	84.5	100	91.8	55.6	0	71	110	0	0	0
2372230	2575930023	188	1	43	35	176189	0	0	91.8	56.4	93.1	43.4	0	71	110	0	3	0
2372230	2575930383	188	1	43	43	197316	0	0	37.1	58.2	92.8	101.5	0	71	111	0	0	0
2372230	2575930689	2893	1	43	54	517333	11129	1	14.3	0	8.8	14	0	72	112	0	0	0
2372230	2575930767	2893	1	43	56	11129	102884	1	8.8	14	6.2	48.9	0	72	112	0	0	0
2372230	2575930831	2893	1	44	0	102884	58877	1	6.4	49.6	11.1	78.3	0	72	112	0	0	0
2372230	2575930969	2893	1	44	6	58877	11129	1	22	69.2	14.9	34.3	0	72	112	0	0	0
2372230	2575931253	2893	1	44	13	11129	517333	1	24.2	42.2	24.8	23.8	0	72	112	0	0	0
2372230	2575931349	2893	1	44	16	517333	11129	1	24.8	23.8	16.7	50.3	0	72	112	0	0	0
2372230	2575931487	2893	1	44	20	11129	58877	1	18.8	62	13.9	79.6	0	72	112	0	0	0
2372230	2575931709	2893	1	44	23	58877	0	1	15.3	88.5	69.6	96.4	0	72	112	0	0	0
2372230	2575933257	2893	1	45	13	178871	517333	1	69.4	91.9	93.9	31.3	0	72	113	2	0	5
2372230	2575933347	2893	1	45	16	517333	49464	1	93.9	31.3	95.4	50.3	0	72	113	0	3	0
2372230	2575935413	2893	1	46	14	178871	194282	1	99.8	99.2	95.8	89.1	0	72	114	0	0	6
2372230	2575935437	2893	1	46	16	194282	178871	1	95.8	89.1	88.8	85.1	0	72	114	0	0	0
2372230	2575935481	2893	1	46	17	178871	468236	1	88.1	85.1	73.1	69.6	0	72	114	0	0	0
2372230	2576024067	2893	1	46	25	517333	11129	1	79.2	38.2	86	42.3	0	74	116	0	3	0
2372230	2575939065	188	1	48	4	197316	176189	1	4.7	42.5	57.7	19.8	0	75	117	0	0	0
2372230	2575939173	188	1	48	8	176189	0	0	60.4	22.3	85.9	22.7	0	75	117	0	3	0
2372230	2575939449	2893	1	48	12	58877	102884	1	12.1	74.4	4.7	51.1	0	76	118	0	0	0
2372230	2575939543	2893	1	48	18	102884	0	0	13.3	44.3	64.3	90.4	0	76	118	0	0	0
2372230	2575939623	188	1	48	20	174528	0	0	39.7	11.6	59	19.8	0	0	0	0	3	0
2372230	2575939779	2893	1	48	22	248498	226541	1	41.6	76	37.8	55.7	0	76	0	0	3	0
2372230	2575939885	2893	1	48	25	226541	0	1	37.8	55.7	35	58	0	76	0	0	3	0
2372230	2575940217	2893	1	48	40	11129	58877	1	36.7	49.6	31.4	67.6	0	76	119	0	0	5
2372230	2575940313	2893	1	48	43	58877	11129	1	34.6	65	35	49	0	76	119	0	0	0
2372230	2575940409	2893	1	48	45	11129	0	0	33.6	49.6	69.9	95.7	0	76	119	0	0	0
2372230	2575940445	188	1	48	49	174528	0	0	32.5	4.6	47.6	6	0	0	0	0	3	0
2372230	2575941403	188	1	49	17	174528	0	0	60.5	0	71.9	22.6	0	77	121	0	0	0
2372230	2575941545	2893	1	49	20	248498	11129	1	25.9	74.2	21.6	68.4	0	78	122	0	0	0
2372230	2575941617	2893	1	49	22	11129	0	0	21.5	67.4	84.7	46.2	0	78	122	0	0	0
2372230	2575942535	188	1	49	47	197316	0	0	13.1	48.5	88.3	45.6	0	79	123	0	0	0
2372230	2575965821	2893	2	45	0	49464	178871	1	50	50.1	39.7	51.1	0	81	125	0	0	0
2372230	2575965851	2893	2	45	2	178871	11129	1	39.7	51.1	29.3	51.5	0	81	125	0	0	0
2372230	2575965863	2893	2	45	4	11129	517333	1	29.3	51.5	28.8	18.9	0	81	125	0	0	0
2372230	2575965887	2893	2	45	6	517333	510281	1	28.8	18.9	34.2	7.5	0	81	125	0	0	0
2372230	2575965897	188	2	45	9	219000	0	1	68.8	92.3	63.8	80	0	82	126	0	0	0
2372230	2575965955	188	2	45	11	472145	219000	1	68.8	77.9	74.9	93.8	0	82	126	0	0	0
2372230	2575966045	188	2	45	15	219000	178880	1	84	93.1	88.3	81.3	0	82	126	0	0	0
2372230	2575966073	188	2	45	19	178880	481655	1	82.3	81.3	73.5	64	0	82	126	0	0	0
2372230	2575966203	188	2	45	27	174528	216475	1	62.6	22.7	47.6	27.2	0	82	127	0	0	0
2372230	2575966281	188	2	45	29	216475	224919	1	47.6	27.9	46.6	62.4	0	82	127	0	0	0
2372230	2575966315	188	2	45	33	224919	216475	1	45.9	65.1	45.3	24.5	0	82	127	0	0	0
2372230	2575966345	188	2	45	36	216475	0	0	46	21.3	65.7	17.9	0	82	127	0	0	0
2372230	2575966413	188	2	45	38	219271	174528	1	56.7	10.6	48.6	3.6	0	84	129	0	0	0
2372230	2575966487	188	2	45	41	174528	197316	1	46.3	8.4	12.2	32.7	0	84	129	0	0	0
2372230	2575966523	188	2	45	45	197316	216475	1	12.2	32.5	20.2	17.9	0	84	129	0	0	0
2372230	2575966581	188	2	45	48	216475	224919	1	23.9	26.9	23.8	68.1	0	84	129	0	0	0
2372230	2575966645	188	2	45	53	224919	197316	1	22.8	71.2	6.9	48.4	0	84	129	0	0	0
2372230	2575966679	188	2	45	56	197316	481655	1	7	48.1	23.4	64.3	0	84	129	0	0	0
2372230	2575966703	188	2	45	58	481655	224919	1	23.4	64.3	14.6	81.8	0	84	129	0	0	0
2372230	2575966721	188	2	46	0	224919	472145	1	14.6	81.8	20.4	93.2	0	84	129	0	0	0
2372230	2575966757	188	2	46	1	472145	0	0	20.3	94.3	29.7	102	0	84	129	0	0	0
2372230	2575966917	2893	2	46	11	517333	226541	1	71.8	0	57.5	2.4	0	85	130	0	0	0
2372230	2575966939	2893	2	46	13	226541	11129	1	56.4	2.7	34.1	14.3	0	85	130	0	0	0
2372230	2575967013	2893	2	46	16	11129	58877	1	34.1	14.3	31.6	49.2	0	85	130	0	0	0
2372230	2575967059	2893	2	46	20	58877	248498	1	36.7	71.1	43.4	66	0	85	130	0	0	0
2372230	2575967105	2893	2	46	22	248498	11129	1	43.4	66	30.5	41.3	0	85	130	0	0	0
2372230	2575967129	2893	2	46	25	11129	0	0	33	37.6	68.1	21.7	0	85	130	0	0	0
2372230	2575967163	188	2	46	27	472145	0	0	25.7	84.2	33.2	79.2	0	0	0	0	3	0
2372230	2575967235	2893	2	46	29	194282	0	1	67.3	28.5	75.4	10.5	0	85	131	0	3	0
2372230	2575967269	2893	2	46	32	510281	226541	1	74.8	7.3	69	14.8	0	85	131	0	0	0
2372230	2575967313	2893	2	46	34	226541	178871	1	65.4	15.9	53.4	37.3	0	85	131	0	0	0
2372230	2575967339	2893	2	46	36	178871	58877	1	53.4	37.3	53.8	74.8	0	85	131	0	0	0
2372230	2575967421	2893	2	46	39	58877	468236	1	53.8	74.8	67.7	94.5	0	85	131	0	0	0
2372230	2575967427	2893	2	46	43	468236	0	0	81.8	86.6	83.5	88.4	0	85	131	0	0	0
2372230	2575967631	2893	2	46	55	248498	468236	1	84.1	100	77	94.1	0	85	132	0	0	0
2372230	2575967651	2893	2	46	59	468236	58877	1	66.5	95.2	53.8	92.4	0	85	132	0	0	0
2372230	2575967679	2893	2	47	0	58877	11129	1	53.8	92.4	45.8	69.7	0	85	132	0	0	0
2372230	2575967715	2893	2	47	3	11129	58877	1	47	60.2	53.9	87.3	0	85	132	0	0	0
2372230	2575967755	2893	2	47	7	58877	468236	1	54.5	86.4	67.3	81.7	0	85	132	0	0	0
2372230	2575967771	2893	2	47	10	468236	0	1	73.5	79.6	77.8	69	0	85	132	0	0	0
2372230	2575967809	2893	2	47	11	194282	468236	1	77.8	69	88.7	78.5	0	85	132	0	0	0
2372230	2575967861	2893	2	47	14	468236	248498	1	95.1	85.9	85.4	94.6	0	85	132	0	0	0
2372230	2575967891	2893	2	47	16	248498	194282	1	84.1	92.7	85.6	82.2	0	85	132	0	0	0
2372230	2575967925	2893	2	47	18	194282	248498	1	88.3	81.5	76.3	81.7	0	85	132	0	0	0
2372230	2575967947	2893	2	47	19	248498	178871	1	84.8	83.9	80.1	69.9	0	85	132	0	0	0
2372230	2575967979	2893	2	47	20	178871	58877	1	79.9	69.9	74.8	87.6	0	85	132	0	0	0
2372230	2575968033	2893	2	47	22	58877	468236	1	75.2	88	83.9	95.3	0	85	132	0	0	0
2372230	2575968059	2893	2	47	26	468236	0	0	82.5	93.9	89.4	54.3	0	85	132	2	0	0
2372230	2575968107	2893	2	47	29	194282	0	0	74.6	73.4	71	74.6	0	85	133	0	0	0
2372230	2575968191	188	2	47	31	178880	0	0	32.2	30.3	61.1	14.5	0	86	134	0	0	0
2372230	2575968321	2893	2	47	41	58877	178871	1	40.1	88.1	45.1	77.3	0	87	136	0	0	5
2372230	2575968345	2893	2	47	43	178871	517333	1	38.7	70.1	33.5	49.4	0	87	136	0	0	0
2372230	2575968385	2893	2	47	45	517333	11129	1	33.5	49.6	30.5	61.8	0	87	136	0	0	0
2372230	2575968951	2893	2	48	18	11129	102884	1	3.8	57.5	5.6	32.7	0	89	138	0	0	0
2372230	2575968979	2893	2	48	23	102884	49464	1	12.4	27.8	46.6	20.3	0	89	138	0	0	0
2372230	2575969001	2893	2	48	26	49464	0	0	46.6	20.3	61.9	29.4	0	89	138	0	3	0
2372230	2575969079	188	2	48	28	224919	0	1	36.2	75	40.5	83.5	0	90	139	0	3	0
2372230	2575969121	188	2	48	31	216475	178880	1	46.3	89	60.3	83.9	0	90	139	0	0	0
2372230	2575969139	2893	2	48	33	178871	0	1	35.2	13.1	38.4	8.9	0	91	140	0	0	0
2372230	2575969181	2893	2	48	34	517333	0	1	38.4	8.9	42	19.6	0	91	140	0	0	0
2372230	2575969641	2893	2	49	3	178871	468236	1	39.4	19.2	73.6	96.9	0	91	141	0	0	5
2372230	2575969661	2893	2	49	6	468236	0	0	73.6	96.9	91.1	73.9	0	91	141	0	3	0
2372230	2575969863	188	2	49	18	197316	224919	1	7.2	36.8	20.1	75.7	0	92	142	0	0	0
2372230	2575969879	188	2	49	23	224919	178880	1	27.6	81	46.2	58.3	0	92	142	0	0	0
2372230	2575969901	188	2	49	24	178880	176189	1	48	59.8	53.4	67.8	0	92	142	0	0	0
2372230	2575969963	188	2	49	26	176189	219000	1	56.8	79.4	73.4	80.5	0	92	142	0	0	0
2372230	2575969985	188	2	49	31	219000	0	0	89.6	76.8	90.1	48.9	0	92	142	0	0	0
2372230	2575970087	2893	2	49	35	226541	510281	1	22	18	25.9	6.8	0	93	143	0	0	0
2372230	2575970929	188	2	50	24	472145	176189	1	62.9	100	86	96.1	0	94	144	0	0	0
2372230	2575971049	2893	2	50	30	510281	178871	1	26.6	10.1	10.1	21.5	0	95	145	0	0	0
2372230	2575971109	2893	2	50	33	178871	510281	1	6.6	33.8	46.5	5.5	0	95	145	0	0	0
2372230	2575971545	188	2	50	58	472145	517333	100	37.2	100	60.3	93.5	0	96	146	0	0	0
2372230	2575971557	188	2	51	1	176189	0	0	59.9	92.2	74.4	81.6	0	96	147	0	0	0
2372230	2575971595	2893	2	51	3	11129	194282	1	28.8	17.8	43.7	26.2	0	0	0	0	3	0
2372230	2575971621	2893	2	51	6	194282	0	0	44.2	27.1	45.6	15.5	0	0	0	0	3	0
2372230	2575971639	188	2	51	7	472145	0	0	55.4	88.2	65.6	90.4	0	96	148	0	0	0
2372230	2575972203	2893	2	51	33	517333	11129	1	38.5	5.7	34.6	11.2	0	97	150	0	0	5
2372230	2575972215	2893	2	51	33	11129	0	0	34.6	11.2	82.8	8.3	0	97	150	0	0	0
2372230	2575972329	2893	2	51	43	510281	194282	1	81.3	0	85.5	5.4	0	97	151	0	0	0
2372230	2575972359	2893	2	51	43	194282	510281	1	85.5	5.4	84.9	3.3	0	97	151	0	0	0
2372230	2575972441	2893	2	51	47	510281	517333	1	84.4	5	69	5.5	0	97	151	0	0	0
2372230	2575972485	2893	2	51	50	517333	11129	1	70.3	14.8	55.1	30.4	0	97	151	0	0	0
2372230	2575972543	2893	2	51	53	11129	178871	1	55.1	30.4	58.6	14.1	0	97	151	0	0	0
2372230	2575972591	2893	2	51	56	178871	0	0	62.3	14.7	93.2	54.5	0	97	151	2	0	0
2372230	2575972803	188	2	52	7	197316	224919	1	9.9	40	21.1	68.3	0	98	152	0	0	0
2372230	2575972851	188	2	52	12	224919	488026	1	21.6	69.6	28.3	72.6	0	98	152	0	0	0
2372230	2575972911	188	2	52	13	488026	224919	1	28.4	72.6	18.2	66	0	98	152	0	0	0
2372230	2575972941	188	2	52	17	224919	216475	1	19.5	66.7	15.8	23	0	98	152	0	0	0
2372230	2575973027	188	2	52	20	216475	197316	1	14.5	25.4	4.7	43.6	0	98	152	0	0	0
2372230	2575973085	188	2	52	23	197316	0	0	6	46.3	63	55.1	0	98	152	0	0	0
2372230	2575973181	2893	2	52	28	11129	102884	1	33	51	10.5	50.4	0	99	153	0	0	0
2372230	2575973275	2893	2	52	32	102884	58877	1	11.9	50.4	26.6	75.9	0	99	153	0	0	0
2372230	2575973353	2893	2	52	38	58877	248498	1	35.4	91.5	44.5	87.3	0	99	153	0	0	0
2372230	2575973433	2893	2	52	42	248498	11129	1	35.3	75.9	25.3	78.8	0	99	153	0	0	0
2372230	2575973445	2893	2	52	46	11129	224919	100	24.8	74.5	46	56.4	0	99	153	0	0	0
2372230	2575973515	2893	2	52	48	226541	0	0	39.2	51.7	64.3	54.1	0	99	154	0	0	0
2372230	2575973575	188	2	52	52	216475	0	0	38.2	55.9	39.9	59.8	0	0	0	0	3	0
2372230	2575973555	2893	2	52	53	194282	0	0	61.1	37.3	58.7	40.4	0	0	0	0	3	0
2372230	2575973667	188	2	52	55	488026	178880	1	42.2	60.4	51.4	58.5	0	100	155	0	0	0
2372230	2575973803	188	2	53	1	178880	0	1	52.5	33.1	74.3	11.8	0	100	155	0	0	0
2372230	2575973811	188	2	53	8	219271	58877	100	74.7	39.6	79	41	0	100	155	0	0	0
2372230	2575973977	188	2	53	14	481655	178880	1	61.3	31.7	65.5	8.9	0	100	156	0	0	0
2372230	2575974011	188	2	53	16	178880	174528	1	64.8	9.2	70.4	6.3	0	100	156	0	0	0
2372230	2575974027	188	2	53	17	174528	481655	1	70.4	6.3	60	24	0	100	156	0	0	0
2372230	2575974051	188	2	53	20	481655	178880	1	60	24	67.5	8.3	0	100	156	0	0	0
2372230	2575974089	188	2	53	22	178880	481655	1	67.8	8	61.1	18.9	0	100	156	0	0	0
2372230	2575974127	188	2	53	24	481655	216475	1	60.9	18.9	53.7	40	0	100	156	0	0	0
2372230	2575974163	188	2	53	26	216475	224919	1	53.6	41.7	56.8	64.1	0	100	156	0	0	0
2372230	2575974297	188	2	53	29	224919	472145	1	56.9	69.6	62	88.4	0	100	156	0	0	0
2372230	2575974377	188	2	53	40	472145	481655	1	73.4	69	71.1	63.9	0	100	156	0	0	0
2372230	2575974435	188	2	53	43	481655	472145	1	70.4	65.8	79.9	65.8	0	100	156	0	0	0
2372230	2575974567	188	2	53	53	219271	174528	1	80.3	8.7	89.9	8.3	0	100	157	0	0	0
2372230	2575974601	188	2	53	55	174528	178880	1	87.5	8	85.3	25.9	0	100	157	0	0	0
2372230	2575974611	188	2	53	56	178880	0	0	85.4	25.3	86	27	0	100	157	2	0	0
2372230	2575975157	2893	2	54	25	58877	0	0	27.3	79.6	53	45.4	0	101	159	0	0	5
2372230	2575975199	2893	2	54	30	11129	517333	1	24.8	18	26.8	6.9	0	101	160	0	0	0
2372230	2575975245	2893	2	54	34	517333	178871	1	26.8	6.9	25.5	45.9	0	101	160	0	0	0
2372230	2575975291	2893	2	54	38	178871	58877	1	13.9	56.2	23	90.2	0	101	160	0	0	0
2372230	2575975311	2893	2	54	40	58877	468236	1	23.8	93.1	40.8	93.2	0	101	160	0	0	0
2372230	2575975349	2893	2	54	42	468236	58877	1	39.4	93.2	35.8	84.5	0	101	160	0	0	0
2372230	2575975373	2893	2	54	45	58877	226541	1	36.1	87.4	36.3	62.7	0	101	160	0	0	0
2372230	2575975393	2893	2	54	47	226541	0	0	38.6	64.3	56.1	67.6	0	101	160	0	0	0
2372230	2575975469	188	2	54	49	216475	0	0	45.9	24.6	101.4	5.4	0	102	161	0	0	0
2372230	2575975781	2893	2	55	9	11129	102884	1	3.9	59.2	5.3	35	0	103	162	0	0	0
2372230	2575975833	2893	2	55	13	102884	0	0	10.2	32	63.3	38	0	103	162	0	0	0
2372230	2575975877	188	2	55	16	224919	0	1	35	61.6	51.3	69.7	0	104	163	0	3	0
2372230	2575975909	188	2	55	17	488026	481655	1	51	69.7	45.2	54.5	0	104	163	0	0	0
2372230	2575976003	188	2	55	19	481655	178880	1	45.3	55.3	64.1	73	0	104	163	0	0	0
2372230	2575976061	188	2	55	29	178880	174528	1	63.1	58.8	57.6	35.7	0	104	164	0	0	0
2372230	2575976087	188	2	55	30	174528	178880	1	57.6	35.7	61.4	42.9	0	104	164	0	0	0
2372230	2575976109	188	2	55	31	178880	174528	1	63.2	41.7	55.4	33.8	0	104	164	0	0	0
2372230	2575976177	188	2	55	33	174528	219271	1	55.3	32.3	63.6	9.4	0	104	164	0	0	0
2372230	2575976217	188	2	55	37	219271	178880	1	71.1	16.5	67.3	26.1	0	104	164	0	0	0
2372230	2575976641	2893	2	56	4	11129	102884	1	3.6	56.8	5.7	35.2	0	105	165	0	0	0
2372230	2575976707	2893	2	56	4	102884	0	0	5.8	35	65.8	7.8	0	105	165	0	0	0
2372230	2575977051	2893	2	56	24	517333	510281	1	67	0	57.3	5.4	0	105	166	0	0	0
2372230	2575977087	2893	2	56	26	510281	11129	1	57.3	5.4	39.2	7.8	0	105	166	0	0	0
2372230	2575977151	2893	2	56	27	11129	58877	1	39.2	7.8	34	43.1	0	105	166	0	0	0
2372230	2575977215	2893	2	56	31	58877	0	0	25.5	50.8	40.6	102	0	105	166	0	0	0
2372230	2575977381	188	2	56	41	174528	481655	1	64.8	0	59.2	13.4	0	106	167	0	0	0
2372230	2575977405	188	2	56	46	481655	488026	1	67	36	62.1	56.6	0	106	167	0	0	0
2372230	2575977463	188	2	56	48	488026	472145	1	61.9	62	62.4	80	0	106	167	0	0	0
2372230	2575977543	188	2	56	51	472145	481655	1	63.6	87.4	62.4	66.2	0	106	167	0	0	0
2372230	2575977591	188	2	56	56	481655	174528	1	66.2	40.2	71.9	10	0	106	167	0	0	0
2372230	2575977707	188	2	56	59	174528	219271	1	74.4	10.4	78.9	5.2	0	106	167	0	0	0
2372230	2575977763	188	2	57	6	219271	174528	1	89.6	7.1	80.3	4.9	0	106	167	0	0	0
2372230	2575977791	188	2	57	8	174528	219271	1	80.8	6.5	82.9	4.1	0	106	167	0	0	0
2372230	2575977817	188	2	57	10	219271	0	0	81.6	5.4	101.4	31.6	0	106	167	0	0	0
2372230	2575978089	2893	2	57	27	11129	58877	1	3.8	53.1	11.9	90.4	0	107	168	0	0	0
2372230	2575978217	2893	2	57	29	58877	248498	1	11.9	90.4	22.2	95.7	0	107	168	0	0	0
2372230	2575978277	188	2	57	38	224919	178880	1	58	28.7	66.5	25.4	0	108	169	0	0	0
2372230	2575978281	188	2	57	41	178880	176189	1	65.6	26.6	73.3	34.1	0	108	169	0	0	0
2372230	2575978329	188	2	57	42	176189	178880	1	73.3	34.1	67.4	40.5	0	108	169	0	0	0
2372230	2575978383	2893	2	57	45	49464	510281	1	24.9	31.2	35.2	-2	0	109	170	0	0	0
2372230	2575979477	188	2	58	52	472145	471138	1	64.2	100	84.3	91.2	0	110	171	0	0	0
2372230	2575979507	188	2	59	1	471138	0	0	97.3	83.7	96	59.2	0	110	172	2	0	0
2372230	2575979579	188	2	59	5	481655	174528	1	69.8	59.1	65.7	41.7	0	110	173	0	0	0
2372230	2575979703	188	2	59	8	174528	219271	1	65	36	73.1	11.5	0	110	173	0	0	0
2372230	2575980079	2893	2	59	36	11129	102884	1	4.9	55	4.6	36.8	0	111	174	0	0	0
2372230	2575980119	2893	2	59	36	102884	0	0	6.3	27.3	66.8	24.5	0	111	174	0	0	0
2372230	2575983335	188	2	59	40	216475	0	0	33.3	66.4	36	66.7	0	0	0	0	3	0
2372230	2575980659	188	2	60	9	224919	0	1	4.3	61.8	3.1	51.3	0	112	176	0	0	0
2372230	2575980705	188	2	60	16	197316	224919	1	3.7	58	9.9	72.1	0	112	176	0	0	0
2372230	2575980763	188	2	60	21	224919	219000	1	32.2	81.6	52.1	79.6	0	112	176	0	0	0
2372230	2575980779	188	2	60	24	219000	0	0	42.5	82.6	40.7	83.9	0	112	176	0	0	0
2372230	2575980807	2893	2	60	25	194282	226541	1	57.7	28.7	51.7	26.6	0	113	177	0	0	0
2372230	2575980817	2893	2	60	25	226541	0	0	51.7	26.6	86	38.3	0	113	177	0	0	0
2372230	2575980909	188	2	60	31	197316	216475	1	10	60.8	22.9	23.4	0	114	178	0	0	0
2372230	2575981063	188	2	60	36	216475	481655	1	25.7	20.8	26.5	38.4	0	114	178	0	0	0
2372230	2575981079	188	2	60	44	481655	488026	1	33.2	44.5	43.9	51.3	0	114	178	0	0	0
2372230	2575981127	188	2	60	46	488026	224919	1	44.3	51.9	35	77.3	0	114	178	0	0	0
2372230	2575981151	188	2	60	49	224919	488026	1	33.3	76	42.5	66.7	0	114	178	0	0	0
2372230	2575981197	188	2	60	50	488026	481655	1	42.5	66.7	27.5	55.1	0	114	178	0	0	0
2372230	2575981249	188	2	60	53	481655	216475	1	26.8	54.3	20.9	22.7	0	114	178	0	0	0
2372230	2575981323	188	2	60	56	216475	197316	1	21.2	24.8	6.2	46.8	0	114	178	0	0	0
2372230	2575981401	188	2	61	0	197316	0	0	6.9	52.7	65.6	87.7	0	114	178	0	0	0
2372230	2575981501	2893	2	61	9	11129	58877	1	21.9	11	22.8	57.3	0	115	179	0	0	0
2372230	2575981545	2893	2	61	15	58877	0	0	25	61.5	65.5	102	0	115	179	0	0	0
2372230	2575981845	188	2	61	30	174528	216475	1	49	0	33.8	14.5	0	116	180	0	0	0
2372230	2575981941	188	2	61	34	216475	197316	1	31.7	16.3	9.8	39.1	0	116	180	0	0	0
2372230	2575981965	188	2	61	40	197316	178880	1	9.1	36.2	34	18.1	0	116	180	0	0	0
2372230	2575982005	188	2	61	42	178880	174528	1	33	18.5	39	4.7	0	116	180	0	0	0
2372230	2575982035	188	2	61	45	174528	178880	1	39.6	4.9	34.3	12.9	0	116	180	0	0	0
2372230	2575982069	188	2	61	46	178880	174528	1	34.1	13.1	36.7	5.1	0	116	180	0	0	0
2372230	2575982097	188	2	61	47	174528	481655	1	36.4	5.9	58.4	15.5	0	116	180	0	0	0
2372230	2575982135	188	2	61	48	481655	219271	1	59	15.2	63.1	4.4	0	116	180	0	0	0
2372230	2575982169	188	2	61	51	219271	481655	1	63.9	6.5	84.7	12.9	0	116	180	0	0	0
2372230	2575982219	188	2	61	53	481655	0	0	85	12.9	84.6	43.6	0	116	180	0	0	0
2372230	2575982245	2893	2	61	55	226541	178871	1	14.1	54.6	16.7	63.6	0	117	181	0	0	0
2372230	2575982289	2893	2	61	57	178871	58877	1	16.7	63.6	10.8	59.4	0	117	181	0	0	0
2372230	2575982355	2893	2	61	59	58877	178871	1	13.9	61	13.2	78.1	0	117	181	0	0	0
2372230	2575982375	2893	2	62	2	178871	11129	1	10.7	76.7	11.9	67.5	0	117	181	0	0	0
2372230	2575982379	2893	2	62	4	11129	0	0	11.9	67.5	13.8	70.6	0	117	181	0	0	0
2372230	2575982461	2893	2	62	6	11129	517333	1	7.7	65.3	3.6	28.3	0	117	182	0	0	0
2372230	2575982569	2893	2	62	9	517333	0	1	3.6	28.3	15.5	5.4	0	117	182	0	0	0
2372230	2575982613	2893	2	62	14	510281	11129	1	11.5	5	14.5	18.7	0	117	182	0	0	0
2372230	2575982681	2893	2	62	16	11129	0	0	16.8	14	68	21	0	117	182	0	0	0
2372230	2575982905	188	2	62	20	216475	197316	1	28	74.6	4.4	55.3	0	118	183	0	0	0
2372230	2575982941	188	2	62	32	197316	224919	1	8.1	52.6	14.8	67.7	0	118	184	0	0	0
2372230	2575983099	188	2	62	35	224919	197316	1	15	68	6.7	47.8	0	118	184	0	0	0
2372230	2575983183	188	2	62	44	197316	224919	1	7.6	47.3	18.2	74.6	0	118	184	0	0	0
2372230	2575983215	188	2	62	50	224919	0	0	22.4	81.9	29.2	102	0	118	184	0	0	0
2372230	2575984127	2893	2	63	43	517333	11129	1	52.6	0	34.7	9.6	0	119	185	0	0	0
2372230	2575984149	2893	2	63	46	11129	102884	1	34.7	9.6	10.7	39.9	0	119	185	0	0	0
2372230	2575984193	2893	2	63	50	102884	0	1	18.2	37.3	30.9	33.8	0	119	185	0	0	0
2372230	2575984391	2893	2	64	2	11129	178871	1	30.2	18.3	24.9	45.5	0	119	186	0	0	5
2372230	2575984425	2893	2	64	4	178871	58877	1	25.4	49.1	25.7	78.7	0	119	186	0	0	0
2372230	2575984503	2893	2	64	8	58877	0	0	26.1	78.8	83.2	102	0	119	186	0	0	0
2372230	2575984881	188	2	64	41	174528	471138	1	25.8	0	45.9	29.9	0	120	187	0	0	0
2372230	2575984973	2893	2	64	45	11129	517333	1	63.1	58.7	55.5	34.5	0	121	188	0	0	0
2372230	2575985017	2893	2	64	49	517333	213294	1	60.5	32.2	78.1	30.8	0	121	188	0	0	0
2372230	2575985073	2893	2	64	52	226541	194282	1	68.7	29.6	76.9	8.2	0	121	189	0	0	0
2372230	2575985107	2893	2	64	56	194282	213294	1	86	12.2	92.9	24.3	0	121	189	0	0	0
2372230	2575985117	2893	2	64	58	213294	194282	1	91.9	25.8	89	27.2	0	121	189	0	0	0
2372230	2575986027	188	2	65	38	197316	219000	1	5.4	51.1	63.4	45	0	122	191	0	0	0
2372230	2575986051	188	2	65	42	219000	0	0	64.3	46	76	57.4	0	122	191	0	3	0
2372230	2575986111	2893	2	65	45	517333	0	0	21.5	41	62.4	36.1	0	123	192	0	0	0
2372230	2575986125	188	2	65	48	224919	488026	1	37.7	74.1	44.6	73	0	124	193	0	3	0
2372230	2575986157	188	2	65	49	488026	0	1	44.1	74.2	56.6	71.7	0	124	193	0	3	0
2372230	2575986209	188	2	65	52	471138	0	1	59.5	81.5	53.2	77.4	0	124	193	0	0	0
2372230	2575986319	188	2	66	3	481655	0	0	53.6	84.7	63.2	84.8	0	124	194	0	0	5
2372230	2575986397	188	2	66	7	219271	471138	1	64.5	86.9	69.3	93.7	0	124	195	0	0	0
2372230	2575986429	188	2	66	10	471138	0	1	71.4	92.2	56.8	88	0	124	195	0	0	0
2372230	2575986501	188	2	66	15	481655	224919	1	54.8	93.3	39.7	76.8	0	124	195	0	0	0
2372230	2575986563	188	2	66	18	224919	216475	1	38.9	68.4	40.7	29	0	124	195	0	0	0
2372230	2575986683	188	2	66	22	216475	219000	1	42.6	27	56.7	32.7	0	124	195	0	0	0
2372230	2575986731	188	2	66	27	219000	224919	1	40.4	23.8	29.7	51.8	0	124	195	0	0	0
2372230	2575986779	188	2	66	30	224919	481655	1	30.7	53.4	30.2	72.1	0	124	195	0	0	0
2372230	2575986815	188	2	66	33	481655	472145	1	32.6	80.5	55.5	91.4	0	124	195	0	0	0
2372230	2575986829	188	2	66	35	472145	219271	1	56.4	91.6	60.6	81.1	0	124	195	0	0	0
2372230	2575986853	188	2	66	36	219271	0	0	60.1	84.1	73.5	100.6	0	124	195	0	0	0
2372230	2575986999	2893	2	66	45	517333	11129	1	26.1	0	9.4	11.9	0	125	196	0	0	0
2372230	2575987051	2893	2	66	47	11129	102884	1	9.4	11.9	5.2	32	0	125	196	0	0	0
2372230	2575987103	2893	2	66	50	102884	11129	1	6.6	34.8	8.2	10.6	0	125	196	0	0	0
2372230	2575987249	2893	2	66	54	11129	0	0	11.8	10.8	74.1	7.5	0	125	196	0	0	0
2372230	2575987403	188	2	67	0	224919	197316	1	17.4	91.6	8.5	52.6	0	126	197	0	0	0
2372230	2575987427	188	2	67	5	197316	0	0	9.3	42	64.7	27	0	126	197	0	0	0
2372230	2575987447	2893	2	67	9	58877	0	1	35.7	83.6	44.6	72.4	0	127	198	0	3	0
2372230	2575987561	2893	2	67	12	178871	248498	1	44.7	72.4	45.7	92.9	0	127	198	0	0	0
2372230	2575987571	188	2	67	18	178880	219000	1	54	4.3	58	9.2	0	128	199	0	0	0
2372230	2575987599	188	2	67	20	219000	174528	1	55.8	8.1	45.6	2.9	0	128	199	0	0	0
2372230	2575987643	188	2	67	21	174528	481655	1	39	7.5	38.7	23.2	0	128	199	0	0	0
2372230	2575987757	188	2	67	25	481655	472145	1	38.9	35.2	52.4	89	0	128	199	0	0	0
2372230	2575987795	188	2	67	29	472145	471138	1	60.6	89.2	68.6	95.4	0	128	199	0	0	0
2372230	2575987849	188	2	67	32	471138	472145	1	70.6	94	65.1	80.3	0	128	199	0	0	0
2372230	2575987893	188	2	67	33	472145	481655	1	66.9	83.7	57.2	86.4	0	128	199	0	0	0
2372230	2575987957	188	2	67	35	481655	471138	1	57.2	86.4	64.1	77.6	0	128	199	0	0	0
2372230	2575987987	188	2	67	38	471138	481655	1	65.1	79.9	60	79.4	0	128	199	0	0	0
2372230	2575988031	188	2	67	40	481655	178880	1	61	71.3	74	44.2	0	128	199	0	0	0
2372230	2575988075	188	2	67	41	178880	219000	1	78.8	42.9	83.6	50.3	0	128	199	0	0	0
2372230	2575988491	2893	2	67	50	226541	178871	1	25.7	19.4	23.1	32.9	0	129	200	0	0	0
2372230	2575988519	2893	2	68	4	178871	517333	1	27.1	33.3	23.2	7.1	0	129	201	0	0	0
2372230	2575988523	2893	2	68	5	517333	11129	1	23.2	7.1	11.6	24.7	0	129	201	0	0	0
2372230	2575988561	2893	2	68	8	11129	102884	1	11.2	26.1	2.8	51.5	0	129	201	0	0	0
2372230	2575988625	2893	2	68	11	102884	0	0	10.2	59	44.5	63.2	0	129	201	0	0	0
2372230	2575988685	188	2	68	14	481655	0	0	54.6	35.6	68.4	56.9	0	0	0	0	3	0
2372230	2575988723	188	2	68	16	471138	0	0	70.1	57.7	72.6	39.7	0	130	202	0	0	0
2372230	2575988783	2893	2	68	18	58877	0	0	19.2	69.4	35.2	61.1	0	131	203	0	0	0
2372230	2575988943	188	2	68	26	481655	488026	1	52.6	73.4	54.6	44.7	0	132	204	0	0	0
2372230	2575988973	188	2	68	29	488026	174528	1	54.5	42.8	61.1	13.7	0	132	204	0	0	0
2372230	2575988997	188	2	68	31	174528	219271	1	63	11.6	74.8	5.5	0	132	204	0	0	0
2372230	2575989131	188	2	68	38	219271	178880	1	76.2	24.3	76.3	14.5	0	132	204	0	0	0
2372230	2575989147	188	2	68	40	178880	174528	1	75.9	12.4	60.1	8.8	0	132	204	0	0	0
2372230	2575989201	188	2	68	41	174528	219271	1	60.1	8.8	63.4	19.2	0	132	204	0	0	0
2372230	2575989255	188	2	68	45	219271	219000	1	65.6	28.8	76.6	38.3	0	132	204	0	0	0
2372230	2575989297	2893	2	68	49	226541	0	1	28.5	55.2	35.6	65.3	0	133	205	0	0	0
2372230	2575989721	2893	2	69	17	522627	11129	1	43.2	64.7	38.6	27.4	0	133	206	0	0	5
2372230	2575989797	2893	2	69	26	11129	178871	1	32.9	21.7	17.6	36.2	0	133	206	0	0	0
2372230	2575989871	2893	2	69	29	178871	102884	1	17.6	36.2	22.6	69.4	0	133	206	0	0	0
2372230	2575989919	2893	2	69	32	102884	469274	1	25	70.1	44.9	97.1	0	133	206	0	0	0
2372230	2575989939	2893	2	69	36	469274	522627	1	46.6	94.8	39.4	91.1	0	133	206	0	0	0
2372230	2575989953	2893	2	69	37	522627	469274	1	39.4	91.1	42.8	84.1	0	133	206	0	0	0
2372230	2575989963	2893	2	69	39	469274	471138	100	46.6	66.4	43.9	56.1	0	133	206	0	0	0
2372230	2575990049	188	2	69	42	471138	219000	1	65.1	48.1	84	74.7	0	134	207	0	0	0
2372230	2575990067	188	2	69	46	219000	0	0	88.2	72.1	92.6	62.4	0	134	207	0	0	0
2372230	2575990539	2893	2	70	20	102884	178871	1	8.3	23.8	21.7	43.1	0	135	209	0	0	5
2372230	2575990573	2893	2	70	22	178871	102884	1	18.7	36.9	8	32.8	0	135	209	0	0	0
2372230	2575990579	2893	2	70	24	102884	58877	1	10.1	33.4	12.8	67.8	0	135	209	0	0	0
2372230	2575990619	2893	2	70	26	58877	178871	1	12.8	67.8	32.1	56.1	0	135	209	0	0	0
2372230	2575990641	2893	2	70	30	178871	522627	1	31.9	67.6	40.8	91.5	0	135	209	0	0	0
2372230	2575990679	2893	2	70	32	522627	469274	1	42.9	92.7	60.8	85.2	0	135	209	0	0	0
2372230	2575990707	2893	2	70	34	469274	58877	1	45.6	87.1	40.2	68.7	0	135	209	0	0	0
2372230	2575990743	2893	2	70	37	58877	522627	1	45.2	65.3	54.4	81.5	0	135	209	0	0	0
2372230	2575990777	2893	2	70	39	522627	0	0	55.8	70.6	90.7	57.8	0	135	209	0	0	0
2372230	2575990963	188	2	70	50	197316	224919	1	11.3	47.9	20.3	62.5	0	136	210	0	0	0
2372230	2575991005	188	2	70	55	224919	216475	1	21	63.2	21.9	21.3	0	136	210	0	0	0
2372230	2575991053	188	2	70	58	216475	197316	1	22.8	25.4	4.5	49.4	0	136	210	0	0	0
2372230	2575991123	188	2	71	1	197316	224919	1	4.5	49.8	10.1	73.8	0	136	210	0	0	0
2372230	2575991159	188	2	71	5	224919	197316	1	10.7	73.8	2.6	61.2	0	136	210	0	0	0
2372230	2575991191	188	2	71	7	197316	0	0	2.6	63	40.5	73	0	136	210	0	0	0
2372230	2575991225	2893	2	71	11	11129	178871	1	61.4	38.3	66.3	45.9	0	137	211	0	0	0
2372230	2575991271	2893	2	71	13	178871	58877	1	66.3	49.6	50.1	55.2	0	137	211	0	0	0
2372230	2575991301	2893	2	71	16	58877	469274	1	53.7	57.8	66	67.1	0	137	211	0	0	0
2372230	2575991329	2893	2	71	17	469274	58877	1	66	67.1	57.2	70.3	0	137	211	0	0	0
2372230	2575991363	2893	2	71	21	58877	248498	1	57.3	66.4	63.8	93.8	0	137	211	0	0	0
2372230	2575991401	2893	2	71	24	248498	58877	1	62.5	87.8	53.7	83.4	0	137	211	0	0	0
2372230	2575991459	2893	2	71	26	58877	178871	1	52.8	79.2	52.8	62.5	0	137	211	0	0	0
2372230	2575991493	2893	2	71	29	178871	522627	1	52.2	57.6	66.6	57.6	0	137	211	0	0	0
2372230	2575991585	2893	2	71	31	522627	194282	1	71.1	47	91.9	14.3	0	137	211	0	0	0
2372230	2575991643	2893	2	71	38	194282	213294	1	97.9	27.7	97	53	0	137	211	2	0	0
2372230	2575992823	188	2	73	21	178880	481655	1	50.1	49.8	37	46.6	0	138	212	0	0	0
2372230	2575992861	188	2	73	24	481655	216475	1	33.8	43.1	26.1	28.2	0	138	212	0	0	0
2372230	2575992917	188	2	73	28	216475	224919	1	27.1	31.2	22.5	66.2	0	138	212	0	0	0
2372230	2575992951	188	2	73	31	224919	472145	1	23.4	69.9	28.5	89.3	0	138	212	0	0	0
2372230	2575993025	188	2	73	34	472145	0	1	29	91.6	46.4	76.2	0	138	212	0	0	0
2372230	2575993131	188	2	73	40	481655	488026	1	38.5	78.9	56.4	93	0	138	213	0	0	0
2372230	2575993157	188	2	73	41	488026	471138	1	58.2	93	81.6	88.7	0	138	213	0	0	0
2372230	2575993257	188	2	73	45	471138	0	0	83.6	89	94.6	-1.5	0	138	213	2	0	0
2372230	2575993805	2893	2	74	5	248498	0	0	13	100	32.1	96.2	0	139	214	0	0	0
2372230	2575993889	188	2	74	21	477406	216475	1	61.1	5.6	54.7	5.8	0	140	215	0	0	5
2372230	2575993899	188	2	74	24	216475	477406	1	53	14	58	7.3	0	140	215	0	0	0
2372230	2575993965	188	2	74	25	477406	216475	1	58.5	7.3	40.1	11	0	140	215	0	0	0
2372230	2575994003	188	2	74	29	216475	224919	1	39.6	16.5	35.7	64.8	0	140	215	0	0	0
2372230	2575994249	188	2	74	36	224919	197316	1	42.6	86.6	15.3	67.2	0	140	215	0	0	0
2372230	2575994379	188	2	74	47	197316	477406	1	17.8	55.6	31.4	8.1	0	140	216	0	0	0
2372230	2575994443	188	2	74	55	477406	216475	1	42	12.4	28.4	23.8	0	140	216	0	0	0
2372230	2575994487	188	2	74	59	216475	224919	1	29.9	36.5	30.4	61.7	0	140	216	0	0	0
2372230	2575994575	188	2	75	6	224919	477406	1	35.2	61.2	43.5	10.2	0	140	216	0	0	0
2372230	2575994717	188	2	75	11	477406	490884	1	43.5	9.6	53.8	5.2	0	140	216	0	0	0
2372230	2575994799	188	2	75	16	490884	178880	1	73.8	18.8	70.1	22.3	0	140	216	0	0	0
2372230	2575994865	188	2	75	18	178880	472145	1	71.9	27.9	72.7	63.9	0	140	216	0	0	0
2372230	2575995343	2893	2	75	41	517333	58877	1	25	0	26.1	11	0	141	217	0	0	0
2372230	2575995417	2893	2	75	44	58877	517333	1	26.1	11	26.9	4	0	141	217	0	0	0
2372230	2575995433	2893	2	75	45	517333	0	0	26.9	4	43.3	10.8	0	141	217	0	0	0
2372230	2575995479	188	2	75	48	224919	0	0	57.3	82.4	65.2	82.4	0	0	0	0	3	0
2372230	2575995499	2893	2	75	50	226541	194282	1	32.6	19	40.9	20.6	0	141	218	0	3	0
2372230	2575995521	2893	2	75	51	194282	213294	1	43.3	19.8	50.7	14.7	0	141	218	0	3	0
2372230	2575995531	2893	2	75	52	213294	0	0	48.9	20.8	51	20.3	0	141	218	0	3	0
2372230	2575995705	188	2	75	58	472145	471138	1	30.6	100	45.4	95.7	0	142	219	0	0	0
2372230	2575996043	188	2	76	29	472145	178880	1	77.6	100	76.6	88.7	0	142	220	0	0	0
2372230	2575996095	188	2	76	30	178880	472145	1	76.6	88.7	79.1	96.5	0	142	220	0	0	0
2372230	2575996145	2893	2	76	38	517333	0	0	8.7	22.7	31.1	18.6	0	143	222	0	0	0
2372230	2575996657	2893	2	77	23	102884	0	0	3.8	42.9	65.3	29.9	0	145	224	0	0	0
2372230	2575996699	188	2	77	27	224919	0	0	33.8	74.6	70.1	53.8	0	0	0	0	3	0
2372230	2575996749	2893	2	77	31	58877	102884	1	28.6	46	7.7	44.7	0	145	225	0	0	0
2372230	2575996793	2893	2	77	34	102884	11129	1	7.4	41.3	14.3	11.2	0	145	225	0	0	0
2372230	2575996873	2893	2	77	37	11129	226541	1	13.8	5.4	33.8	20.1	0	145	225	0	0	0
2372230	2575996879	2893	2	77	38	226541	178871	1	33.8	20.1	31	25.2	0	145	225	0	0	0
2372230	2575996943	2893	2	77	40	178871	0	1	31	25.2	48.4	8.3	0	145	225	0	0	0
2372230	2575997365	2893	2	77	57	178871	0	1	48.5	11.5	78.1	72.7	0	145	226	0	0	5
2372230	2575997801	188	2	78	34	216475	224919	1	24.6	31.9	26.6	60.9	0	146	227	0	0	5
2372230	2575997817	188	2	78	36	224919	216475	1	26.6	60.9	26.2	34.8	0	146	227	0	0	0
2372230	2575997835	188	2	78	39	216475	178880	1	26.2	34.8	39.8	29.9	0	146	227	0	0	0
2372230	2575997871	188	2	78	40	178880	224919	1	39.8	29.9	28.8	52.2	0	146	227	0	0	0
2372230	2575998017	188	2	78	44	224919	471138	1	33.4	64.3	62.3	91.4	0	146	227	0	0	0
2372230	2575998087	188	2	78	51	471138	0	0	70.1	56.7	101.4	31.9	0	146	227	0	0	0
2372230	2575998823	2893	2	79	36	102884	0	0	3.3	42.2	48.7	14.5	0	147	228	0	0	0
2372230	2575998851	188	2	79	40	224919	0	0	31.4	69.1	57.7	75	0	0	0	0	3	0
2372230	2575998871	2893	2	79	42	11129	0	0	38.6	12.7	53.8	13.6	0	0	0	0	3	0
2372230	2575998893	188	2	79	43	513945	0	1	46	82.2	51	84.9	0	148	229	0	3	0
2372230	2575998975	2893	2	79	47	226541	0	0	41.8	16.6	52.2	9.9	0	149	231	0	0	0
2372230	2575999035	188	2	79	48	472145	196878	1	48.9	92.7	58	93.1	0	150	232	0	0	0
2372230	2575999271	2893	2	80	7	517333	178871	1	32.4	0	29.2	9.9	0	151	234	0	0	0
2372230	2575999337	2893	2	80	8	178871	0	0	30.9	8.5	82.9	32.5	0	151	234	0	0	0
2372230	2575999371	188	2	80	14	216475	0	0	18.5	72.3	31.1	89.2	0	152	235	0	0	0
2372230	2575999419	2893	2	80	17	194282	213294	1	66.3	5.9	70.8	16.4	0	153	236	0	3	0
2372230	2575999513	188	2	80	21	224919	0	0	37.4	79.7	67.4	91.7	0	154	237	0	0	0
2372230	2575999541	2893	2	80	25	11129	102884	1	26.4	8.9	10.8	33.6	0	155	238	0	0	0
2372230	2575999617	2893	2	80	29	102884	248498	1	11.9	35	31.9	92.7	0	155	238	0	0	0
2372230	2575999717	2893	2	80	32	248498	58877	1	31.9	92.7	23	75.2	0	155	238	0	3	0
2372230	2575999759	2893	2	80	39	58877	102884	1	28.5	71.5	7.7	47.6	0	155	238	0	0	0
2372230	2575999853	2893	2	80	42	102884	11129	1	8.9	46.2	24.6	16.8	0	155	238	0	0	0
2372230	2575999909	2893	2	80	47	11129	517333	1	35.6	14.1	38.3	27.3	0	155	238	0	0	0
2372230	2575999921	2893	2	80	49	517333	11129	1	49.4	28.7	47.9	16.4	0	155	238	0	0	0
2372230	2575999941	2893	2	80	52	11129	194282	1	47.9	16.4	62.6	29.7	0	155	238	0	0	0
2372230	2575999963	2893	2	80	54	194282	248498	1	62.6	29.7	70.6	59.6	0	155	238	0	0	0
2372230	2576000049	2893	2	80	56	248498	469274	1	71.2	58.5	83.8	85	0	155	238	0	0	0
2372230	2576000065	2893	2	81	1	469274	0	0	85.6	67.8	90.4	41.1	0	155	238	0	0	0
2372230	2576000133	2893	2	81	4	58877	226541	1	69.3	61.8	71.8	41.7	0	155	239	0	0	0
2372230	2576000151	2893	2	81	6	226541	178871	1	71.8	41.7	63.3	55.5	0	155	239	0	0	0
2372230	2576000213	2893	2	81	8	178871	517333	1	63.3	55.5	62.8	22.9	0	155	239	0	0	0
2372230	2576000339	2893	2	81	12	517333	226541	1	61.5	15.4	75.2	11.2	0	155	239	0	0	0
2372230	2576000367	2893	2	81	18	226541	0	0	88.1	4.1	90.1	44.8	0	155	239	2	0	0
2372230	2576000661	2893	2	81	31	248498	469274	1	86.1	100	66.2	94.5	0	155	241	0	0	0
2372230	2576000669	2893	2	81	35	469274	58877	1	59.5	94.8	46.4	77.5	0	155	241	0	0	0
2372230	2576000673	2893	2	81	37	58877	178871	1	45.7	75.2	52.3	69.5	0	155	241	0	0	0
2372230	2576000771	2893	2	81	38	178871	11129	1	54	69.7	34.8	39.2	0	155	241	0	0	0
2372230	2576000843	2893	2	81	46	11129	469274	1	56.2	33.8	61.3	96.9	0	155	241	0	0	0
2372230	2576000921	2893	2	81	51	469274	522627	1	64.7	82.4	62	68.5	0	155	241	0	0	0
2372230	2576000961	2893	2	81	56	522627	224919	100	69.9	55.5	79.1	53.4	0	155	241	0	0	0
2372230	2576000983	188	2	81	58	481655	178880	1	31.2	39.6	37.2	31.4	0	156	242	0	0	0
2372230	2576001017	188	2	81	59	178880	490884	1	37.2	31.4	43.1	18.1	0	156	242	0	0	0
2372230	2576001131	188	2	82	6	490884	471138	1	68.5	41.2	71.7	63.3	0	156	242	0	0	0
2372230	2576001867	2893	2	82	10	11129	522627	1	27.2	46.2	37.3	48.9	0	157	243	0	0	0
2372230	2576001633	188	2	82	37	216475	477406	1	38.7	30.7	64	11.2	0	158	244	0	0	5
2372230	2576002035	188	2	83	12	178880	0	0	99.5	0.5	89.7	44.1	0	158	245	2	0	6
2372230	2576002053	188	2	83	16	513945	0	0	65.8	38.1	70.4	31.9	0	0	0	0	3	0
2372230	2576002069	2893	2	83	17	469274	0	0	24.3	67.8	28	68.5	0	159	246	0	0	0
2372230	2576002095	188	2	83	19	471138	517333	100	72.1	49.7	78.6	44.5	0	160	247	0	0	0
2372230	2576002129	188	2	83	22	471138	490884	1	77.6	42.5	80.3	37.7	0	160	248	0	0	0
2372230	2576002131	188	2	83	23	490884	471138	1	76.8	39.2	80	45.7	0	160	248	0	0	0
2372230	2576002219	2893	2	83	24	469274	213294	1	18.7	53.4	23.6	60.4	0	161	249	0	0	0
2372230	2576002247	2893	2	83	35	213294	0	0	64.7	75.5	64.3	66.9	0	161	249	0	0	0
2372230	2576002359	188	2	83	41	481655	471138	1	59.5	37.2	57.6	62.2	0	162	250	0	0	0
2372230	2576002383	188	2	83	44	471138	196878	1	68.5	64.9	74.8	76.5	0	162	250	0	0	0
2372230	2576002385	188	2	83	48	196878	0	0	66.5	65.4	70.2	62.8	0	162	250	0	0	0
2372230	2576002509	188	2	83	53	224919	472145	1	46.1	83.5	58	92	0	162	251	0	0	0
2372230	2576002543	188	2	83	58	472145	224919	1	62.7	90.8	53.6	85.6	0	162	251	0	0	0
2372230	2576002579	188	2	84	1	224919	481655	1	53.5	84.2	60	57.2	0	162	251	0	0	0
2372230	2576002599	188	2	84	4	481655	178880	1	61.7	59.4	71.4	59.6	0	162	251	0	0	0
2372230	2576002623	188	2	84	5	178880	513945	1	70.4	62.5	72.7	70.1	0	162	251	0	0	0
2372230	2576002695	188	2	84	7	513945	471138	1	71.5	67.3	86	85.1	0	162	251	0	0	0
2372230	2576002721	188	2	84	11	471138	472145	1	86.3	83.4	78	82.3	0	162	251	0	0	0
2372230	2576002763	188	2	84	14	472145	196878	1	79.1	84	95.1	31.2	0	162	251	2	0	0
2372230	2576003535	2893	2	85	18	102884	0	1	2.5	49.6	63.9	98	0	163	252	0	0	0
2372230	2576003877	2893	2	86	1	178871	0	0	62.8	93.8	88.4	40.8	0	163	253	2	0	5
2372230	2576003947	188	2	86	6	472145	0	0	4.7	91.4	23	102	0	164	254	0	0	0
2372230	2576004271	2893	2	86	28	517333	224467	1	82.8	0	86.3	9.4	0	165	255	0	0	0
2372230	2576004305	2893	2	86	29	224467	0	0	86.3	9.4	89.2	-1.3	0	165	255	0	0	0
2372230	2576004965	188	2	86	39	472145	0	0	12.5	100	31.1	97.3	0	166	256	0	0	0
2372230	2576004701	188	2	87	5	472145	196878	1	47.7	100	73.1	91.4	0	166	257	0	0	0
2372230	2576004733	188	2	87	8	196878	0	0	74.9	94.2	100.8	93.7	0	166	257	0	3	0
2372230	2576005057	2893	2	87	46	102884	0	0	5.4	59.6	68.7	87.6	0	167	258	0	0	0
2372230	2576005139	188	2	87	57	178880	216475	1	37	17.6	31.4	28.8	0	168	259	0	0	5
2372230	2576005157	188	2	88	0	216475	224919	1	32	31.4	30.3	63	0	168	259	0	0	0
2372230	2576005177	188	2	88	4	224919	216475	1	30.8	55.3	35.5	18.4	0	168	259	0	0	0
2372230	2576005217	188	2	88	6	216475	0	1	37.4	12.9	59.5	4.9	0	168	259	0	0	0
2372230	2576005223	188	2	88	10	490884	477406	1	52.1	8.7	46.4	2.7	0	168	259	0	0	0
2372230	2576005251	188	2	88	12	477406	216475	1	41.4	3.6	33.1	20.8	0	168	259	0	0	0
2372230	2576005275	188	2	88	16	216475	224919	1	38.5	32.2	35.1	63.6	0	168	259	0	0	0
2372230	2576005303	188	2	88	21	224919	216475	1	40.8	68.1	40.1	33.8	0	168	259	0	0	0
2372230	2576005321	188	2	88	26	216475	178880	1	44.7	28.8	60.1	6.2	0	168	259	0	0	0
2372230	2576005337	188	2	88	27	178880	477406	1	60.1	6.2	52.5	8.9	0	168	259	0	0	0
2372230	2576005345	188	2	88	31	477406	481655	1	54.9	9.4	59.3	13.7	0	168	259	0	0	0
2372230	2576005351	188	2	88	32	481655	178880	1	59.3	13.7	61.1	5.1	0	168	259	0	0	0
2372230	2576005367	188	2	88	33	178880	490884	1	60.9	5.4	66.6	8.1	0	168	259	0	0	0
2372230	2576005369	188	2	88	34	490884	481655	1	67.8	8.5	77.1	23.5	0	168	259	0	0	0
2372230	2576005415	188	2	88	40	481655	0	0	98.3	33.6	96.6	36.3	0	168	259	0	0	0
2372230	2576005719	188	2	89	9	178880	224919	1	99.5	0.5	94.6	51.1	0	168	260	2	0	6
2372230	2576006067	2893	2	89	47	102884	0	0	4.7	56.9	62.8	54.4	0	169	261	0	0	0
2372230	2576006087	188	2	89	51	224919	0	0	38.6	44.7	69.8	43.5	0	0	0	0	3	0
2372230	2576006679	2893	2	91	18	102884	213294	1	29.1	56.5	68.4	91.1	0	169	262	0	0	5
2372230	2576006685	2893	2	91	22	213294	0	0	69.7	90.8	77.9	101.3	0	169	262	0	3	0
2372230	2576006805	188	2	91	35	477406	178880	1	13.4	0	32.6	6	0	170	263	0	0	0
2372230	2576006815	188	2	91	36	178880	0	0	35.3	6.2	46.9	6.2	0	170	263	0	3	0
2372230	2576006821	2893	2	91	37	58877	0	0	51.8	89.2	56.7	80.8	0	0	0	0	3	0
2372230	2576006843	188	2	91	39	490884	0	0	44.6	15.3	45.9	21.1	0	0	0	0	3	0
2372230	2576006851	188	2	91	42	513945	0	0	46.4	21.6	43.1	21	0	172	266	0	0	0
2372230	2576010437	2893	2	91	44	58877	0	0	41.4	68	40.5	72.2	0	173	267	0	0	0
2372230	2576006891	188	2	91	45	490884	471138	1	54.4	25.3	59.3	30.3	0	174	268	0	0	0
2372230	2576006933	188	2	91	45	471138	178880	1	59.3	30.3	63.3	15	0	174	268	0	0	0
2372230	2576006949	188	2	91	48	178880	513945	1	70.9	18.8	72.2	50.1	0	174	268	0	0	0
2372230	2576007029	188	2	91	50	513945	196878	1	72.9	52.6	96.4	83.1	0	174	268	0	0	0
2372230	2576007077	188	2	91	56	196878	471138	1	86.9	92	91.5	77.4	0	174	268	0	0	0
2372230	2576007109	188	2	91	58	471138	0	0	95	71.7	95.2	56.3	0	174	268	0	0	0
2372230	2576007295	188	2	92	19	472145	0	0	88.6	100	91.8	60.9	0	174	269	0	0	0
2372230	2576007331	188	2	92	25	481655	472145	1	69.2	82	74.5	95.8	0	174	270	0	0	0
2372230	2576007333	188	2	92	27	472145	481655	1	70.6	90.8	64.8	87.6	0	174	270	0	0	0
2372230	2576007347	188	2	92	28	481655	471138	1	69.2	92.3	74.2	84.9	0	174	270	0	0	0
2372230	2576007353	188	2	92	29	471138	513945	1	73.3	83.2	66.4	70.7	0	174	270	0	0	0
2372230	2576007377	188	2	92	31	513945	477406	1	68.2	68.3	63.8	42.3	0	174	270	0	0	0
2372230	2576007419	188	2	92	35	477406	490884	1	65.7	34.1	77.7	11.3	0	174	270	0	0	0
2372230	2576007441	188	2	92	39	490884	0	0	72.8	32.2	101.1	58.7	0	174	270	0	0	0
2372230	2576007777	2893	2	93	12	102884	0	0	2.8	46.4	68.1	53.9	0	175	271	0	0	0
2372230	2576007795	188	2	93	19	224919	178880	1	30.3	38	52.8	31.5	0	0	0	0	3	0
2372230	2576007799	188	2	93	21	178880	0	0	53.1	29.9	66.9	22.9	0	0	0	0	3	0
2372230	2576007819	2893	2	93	23	469274	0	0	33.4	88.7	60	64.1	0	175	272	0	0	0
2372230	2576007833	188	2	93	27	513945	197316	1	42	35.9	14.4	38.8	0	176	273	0	3	0
2372230	2576007879	188	2	93	33	197316	216475	1	14.4	38.8	21.2	20.1	0	176	273	0	0	0
2372230	2576007931	188	2	93	40	216475	224919	1	36	40.4	37.5	65.5	0	176	273	0	0	0
2372230	2576007983	188	2	93	47	224919	216475	1	46	57.4	45.3	31.7	0	176	273	0	0	0
2372230	2576007993	188	2	93	50	216475	490884	1	54.4	23.5	67.3	5.9	0	176	273	0	0	0
2372230	2576008109	188	2	94	3	477406	178880	1	65.7	0	59.4	6.7	0	176	274	0	0	0
2372230	2576008157	188	2	94	6	178880	216475	1	56.7	8.9	38.8	17.4	0	176	274	0	0	0
2372230	2576008189	188	2	94	9	216475	224919	1	38.7	28.5	43.1	63.6	0	176	274	0	0	0
2372230	2576008217	188	2	94	11	224919	472145	1	44.3	67.8	52.5	84.2	0	176	274	0	0	0
2372230	2576008245	188	2	94	14	472145	224919	1	53.6	84.5	41.3	67.8	0	176	274	0	0	0
2372230	2576008279	188	2	94	16	224919	216475	1	43.2	64.3	47	29	0	176	274	0	0	0
2372230	2576008307	188	2	94	20	216475	196878	1	56.2	27.9	85.3	49.8	0	176	274	0	0	0
