match_id	id	team_id	period_id	min	sec	player_id_1	player_id_2	outcome	start_x	start_y	end_x	end_y	offside	possession	sequence	extra_1	extra_2	extra_3
2372223	2576157481	174	1	0	0	197334	76012	1	50	50	46.1	52.8	0	1	1	0	0	0
2372223	2576157487	174	1	0	2	76012	96736	1	46.4	51.5	42.8	36.3	0	1	1	0	0	0
2372223	2576157519	174	1	0	4	96736	59062	1	43.3	34.6	44.5	7	0	1	1	0	0	0
2372223	2576157587	174	1	0	6	59062	440593	1	44.5	7.3	27.8	54	0	1	1	0	0	0
2372223	2576157613	174	1	0	9	440593	197314	1	27.8	54	36.9	81.8	0	1	1	0	0	0
2372223	2576157659	174	1	0	11	197314	76012	1	36.9	82	51.2	81.5	0	1	1	0	0	0
2372223	2576157687	174	1	0	12	76012	197326	1	51.2	81.5	43.4	70.6	0	1	1	0	0	0
2372223	2576157777	174	1	0	14	197326	523654	1	43.4	70.6	72.5	7.7	0	1	1	0	0	0
2372223	2576157923	174	1	0	23	523654	197326	1	96.6	14.9	70.8	67	0	1	1	2	0	0
2372223	2576157973	174	1	0	29	197326	0	0	72.9	72.3	91.7	37.1	0	1	1	2	0	0
2372223	2576158453	174	1	1	0	76012	0	0	99.5	0.5	91.6	52.1	0	1	2	2	0	6
2372223	2576158567	186	1	1	6	246333	88483	1	18.7	62	14.9	60.9	0	2	3	0	0	0
2372223	2576158635	186	1	1	6	88483	0	0	14.9	60.9	58.7	95.4	0	2	3	0	0	0
2372223	2576158815	186	1	1	19	227166	246333	1	59.3	100	53.3	93.9	0	2	4	0	0	0
2372223	2576158831	186	1	1	23	246333	475561	1	53.2	93.9	42.8	96.2	0	2	4	0	0	0
2372223	2576158899	186	1	1	25	475561	218449	1	42.8	91.8	31.9	42.8	0	2	4	0	0	0
2372223	2576158943	186	1	1	30	218449	219292	1	32.1	34.5	41.7	33.9	0	2	4	0	0	0
2372223	2576159057	186	1	1	32	219292	0	1	40.8	30.9	45.1	2	0	2	4	0	0	0
2372223	2576159363	186	1	1	51	88483	219292	1	40	3.2	33.2	42.8	0	2	5	0	0	5
2372223	2576159419	186	1	1	54	219292	227166	1	32.9	45.2	34.4	95	0	2	5	0	0	0
2372223	2576159453	186	1	1	56	227166	244855	1	34.4	95	39.4	75.9	0	2	5	0	0	0
2372223	2576159483	186	1	1	58	244855	50188	1	39.4	75.9	23.9	75.3	0	2	5	0	0	0
2372223	2576159501	186	1	2	1	50188	244855	1	22.8	76.9	29.8	74.8	0	2	5	0	0	0
2372223	2576159563	186	1	2	3	244855	218449	1	28.1	72.1	25.1	35.1	0	2	5	0	0	0
2372223	2576159581	186	1	2	6	218449	244855	1	23.7	40.4	28.3	63.7	0	2	5	0	0	0
2372223	2576159645	186	1	2	7	244855	50188	1	28.3	63.7	18.2	89.9	0	2	5	0	0	0
2372223	2576159685	186	1	2	9	50188	227166	1	22.9	88.2	33.2	96.4	0	2	5	0	0	0
2372223	2576159775	174	1	2	12	59062	197334	1	54.6	10.6	67	10.2	0	3	6	0	0	0
2372223	2576159827	174	1	2	13	197334	523654	1	67.8	12.6	65.4	5.2	0	3	6	0	0	0
2372223	2576160049	174	1	2	26	59062	96736	1	71.1	0	67.6	10.6	0	3	7	0	0	0
2372223	2576160075	174	1	2	26	96736	59062	1	65.8	14.3	68.1	4.4	0	3	7	0	0	0
2372223	2576160091	174	1	2	28	59062	76012	1	70.7	5.8	66.5	34	0	3	7	0	0	0
2372223	2576160157	174	1	2	31	76012	523654	1	63.5	27.4	76.2	3.4	0	3	7	0	0	0
2372223	2576160197	174	1	2	36	523654	76012	1	74	4	71.2	13.4	0	3	7	0	0	0
2372223	2576160211	174	1	2	36	76012	0	0	71.2	13.4	89.1	-1	0	3	7	0	0	0
2372223	2576160499	186	1	2	47	227166	50188	1	14.3	100	7.5	90.9	0	4	8	0	0	0
2372223	2576160521	186	1	2	49	50188	227166	1	5.6	84.5	3.3	93.8	0	4	8	0	0	0
2372223	2576268177	186	1	2	50	227166	440077	1	2.4	91.1	44.2	79.5	0	4	8	0	0	0
2372223	2576268317	186	1	2	53	440077	0	0	44.2	81	57.2	68	0	4	8	0	3	0
2372223	2576160699	174	1	2	59	197314	212769	1	41.6	68.4	22.7	58.8	0	5	9	0	0	0
2372223	2576160753	174	1	3	3	212769	440593	1	18.9	56.4	20.9	76.7	0	5	9	0	0	0
2372223	2576160841	174	1	3	6	440593	197326	1	20.9	76.7	25.2	69.5	0	5	9	0	0	0
2372223	2576160887	174	1	3	10	197326	197314	1	31.8	91.1	33.9	95.8	0	5	9	0	0	0
2372223	2576160897	174	1	3	11	197314	0	0	32.6	96.2	37.6	87.8	0	5	9	0	0	0
2372223	2576160989	186	1	3	14	88483	475561	1	70.2	17.4	65.2	36.9	0	6	10	0	0	0
2372223	2576161001	186	1	3	16	475561	0	0	66.5	39.8	66.6	42.1	0	6	10	0	0	0
2372223	2576161111	174	1	3	19	59062	0	1	14.4	27.2	28.2	13.3	0	7	11	0	0	0
2372223	2576161137	186	1	3	25	475561	0	0	66.4	88.7	64	77.5	0	8	12	0	0	0
2372223	2576161821	186	1	4	4	50188	475561	1	35.6	74.4	43.2	90.3	0	10	15	0	0	5
2372223	2576161899	186	1	4	5	475561	0	0	43.2	90.3	101.5	77.6	0	10	15	0	0	0
2372223	2576162101	174	1	4	16	212769	440593	1	3.4	45.5	14.2	69.5	0	11	16	0	0	0
2372223	2576162131	174	1	4	17	440593	197314	1	12	65.1	22.4	87.2	0	11	16	0	0	0
2372223	2576162145	174	1	4	19	197314	197326	1	23.1	88.2	30.4	69.6	0	11	16	0	0	0
2372223	2576162159	174	1	4	21	197326	0	0	30.8	70.7	66.1	73.8	0	11	16	0	0	0
2372223	2576162315	186	1	4	28	218449	50188	1	35.3	25.9	27.1	59.7	0	12	17	0	0	0
2372223	2576162367	186	1	4	33	50188	246333	1	31.6	70	42.5	70	0	12	17	0	0	0
2372223	2576162447	186	1	4	36	246333	223255	1	42.5	60.5	47.2	24	0	12	17	0	0	0
2372223	2576162471	186	1	4	41	223255	219292	1	51.2	23.9	45.8	36.7	0	12	17	0	0	0
2372223	2576162487	186	1	4	43	219292	475561	1	45.6	36.7	47.1	52.8	0	12	17	0	0	0
2372223	2576162537	186	1	4	44	475561	219292	1	47.1	52.2	45.9	31.8	0	12	17	0	0	0
2372223	2576162669	186	1	4	46	219292	88483	1	46	30	63.6	2.2	0	12	17	0	0	0
2372223	2576162767	186	1	4	54	88483	50188	1	37.2	14.1	29.7	60.2	0	12	17	0	0	0
2372223	2576162789	186	1	4	59	50188	227166	1	34.3	67.5	40.5	98.1	0	12	17	0	0	0
2372223	2576162819	186	1	5	2	227166	475561	1	40.6	95.4	34.5	88.1	0	12	17	0	0	0
2372223	2576162905	186	1	5	4	475561	224965	1	33.6	87.1	13.1	58.7	0	12	17	0	0	0
2372223	2576162969	186	1	5	7	224965	218449	1	13.1	58.7	16.9	31.5	0	12	17	0	0	0
2372223	2576163007	186	1	5	12	218449	50188	1	19.2	37.3	20.1	63.3	0	12	17	0	0	0
2372223	2576163051	186	1	5	15	50188	475561	1	22.2	66.2	34	87.2	0	12	17	0	0	0
2372223	2576163121	186	1	5	18	475561	227166	1	28.3	90.9	45.9	97.5	0	12	17	0	0	0
2372223	2576163147	186	1	5	21	227166	219292	1	41.6	75.9	33.7	46.1	0	12	17	0	0	0
2372223	2576163201	186	1	5	24	219292	88483	1	33	43	61	3.4	0	12	17	0	0	0
2372223	2576163243	186	1	5	30	88483	0	0	72.7	10.8	91.3	40	0	12	17	0	0	0
2372223	2576163369	174	1	5	35	212769	96736	1	12.8	53	23.9	48.1	0	13	18	0	0	0
2372223	2576163415	174	1	5	41	96736	197314	1	36.8	69.9	31.2	89.6	0	13	18	0	0	0
2372223	2576163461	174	1	5	43	197314	440593	1	32.9	90.5	16	71.3	0	13	18	0	0	0
2372223	2576163523	174	1	5	46	440593	59062	1	16	71.3	30.9	11.6	0	13	18	0	0	0
2372223	2576163549	174	1	5	49	59062	76012	1	31.1	15.5	40.3	24.6	0	13	18	0	0	0
2372223	2576163561	174	1	5	50	76012	96736	1	38.7	23.6	33.1	29	0	13	18	0	0	0
2372223	2576163597	174	1	5	51	96736	59062	1	33.1	29	28.4	17.8	0	13	18	0	0	0
2372223	2576163629	174	1	5	53	59062	197326	1	34.9	18.2	33.3	34	0	13	18	0	0	0
2372223	2576163667	174	1	5	55	197326	212769	1	29.6	34.1	12.6	43.6	0	13	18	0	0	0
2372223	2576163729	174	1	5	57	212769	440593	1	12.6	43.6	21.7	66.5	0	13	18	0	0	0
2372223	2576163777	174	1	6	1	440593	619506	1	36.5	71.9	56	78.5	0	13	18	0	0	0
2372223	2576163849	174	1	6	3	619506	523654	1	55.8	81	65.1	96.2	0	13	18	0	0	0
2372223	2576164093	186	1	6	15	88483	218449	1	31.3	0	17.5	9.9	0	14	19	0	0	0
2372223	2576164111	186	1	6	17	218449	224965	1	18.1	8.3	4.4	43.7	0	14	19	0	0	0
2372223	2576164165	186	1	6	18	224965	50188	1	7.3	45.6	11.2	65.3	0	14	19	0	0	0
2372223	2576164189	186	1	6	24	50188	475561	1	18.7	72.6	26.9	63.4	0	14	19	0	0	0
2372223	2576164221	186	1	6	25	475561	227166	1	27	67.8	29.3	97.4	0	14	19	0	0	0
2372223	2576164271	186	1	6	27	227166	50188	1	29.3	97.4	18.4	89.3	0	14	19	0	0	0
2372223	2576164295	186	1	6	30	50188	0	0	22.8	90.8	69	65.2	0	14	19	0	0	0
2372223	2576164311	174	1	6	33	440593	197326	1	31.8	35.8	37.4	39.5	0	15	20	0	3	0
2372223	2576164339	186	1	6	36	244855	0	0	54.2	52.5	47.8	31.9	0	16	21	0	0	0
2372223	2576164381	186	1	6	38	223255	88483	1	47	28.3	47.4	14.7	0	16	22	0	0	0
2372223	2576164391	186	1	6	40	88483	244855	1	47.6	16.1	48	28.1	0	16	22	0	0	0
2372223	2576164403	186	1	6	41	244855	223255	1	47.4	26.6	41.9	24.2	0	16	22	0	0	0
2372223	2576164439	186	1	6	42	223255	219292	1	44.4	25	41.7	38.4	0	16	22	0	0	0
2372223	2576164481	186	1	6	45	219292	227166	1	45.1	45.5	52.9	93	0	16	22	0	0	0
2372223	2576164505	186	1	6	48	227166	246333	1	53.6	93.5	61.9	83.6	0	16	22	0	0	0
2372223	2576164537	186	1	6	48	246333	227166	1	61.9	83.6	53.4	80	0	16	22	0	0	0
2372223	2576164577	186	1	6	51	475561	50188	1	55	74.8	37.6	75.7	0	16	23	0	0	0
2372223	2576164637	186	1	6	53	50188	219292	1	37.6	75.7	44.3	42.1	0	16	23	0	0	0
2372223	2576164657	186	1	6	56	219292	197326	100	44.3	42.1	55.6	28.5	0	16	23	0	0	0
2372223	2576164719	186	1	6	58	223255	88483	1	48.6	18.2	60.4	8.5	0	16	24	0	0	0
2372223	2576164785	186	1	6	59	88483	0	0	61.1	6.4	62.8	8.7	0	16	24	0	0	0
2372223	2576164823	186	1	7	4	244855	0	0	66.1	9.3	81.2	46.6	0	16	25	0	0	0
2372223	2576164979	186	1	7	10	227166	0	0	73	80.9	93.8	85.1	0	16	27	0	0	0
2372223	2576165295	174	1	7	31	437554	197326	1	16	15.9	27.2	55	0	17	28	0	0	5
2372223	2576165315	174	1	7	33	197326	0	0	25.9	66.4	47	84.1	0	17	28	0	0	0
2372223	2576165363	186	1	7	36	88483	218449	1	45	13.8	31.3	19.8	0	18	29	0	0	0
2372223	2576165419	186	1	7	39	218449	50188	1	38.3	28.1	31.3	60.2	0	18	29	0	0	0
2372223	2576165499	186	1	7	42	50188	227166	1	31.1	74	46.6	94.4	0	18	29	0	0	0
2372223	2576165567	186	1	7	46	227166	475561	1	60.8	95.6	46.2	77.2	0	18	29	0	0	0
2372223	2576165655	186	1	7	49	475561	218449	1	45.8	72.4	44	37.7	0	18	29	0	0	0
2372223	2576165689	186	1	7	57	218449	88483	1	62.7	26	69.7	5.8	0	18	29	0	0	0
2372223	2576165745	186	1	7	59	88483	223255	1	68.7	3.1	91	23.5	0	18	29	0	0	0
2372223	2576165759	186	1	8	1	223255	0	0	92	23.7	92.6	47.8	0	18	29	0	0	0
2372223	2576165947	186	1	8	13	88483	223255	1	90	0	76.5	6.4	0	18	30	0	0	0
2372223	2576165969	186	1	8	16	223255	475561	1	76.8	5	67.4	35.5	0	18	30	0	0	0
2372223	2576166005	186	1	8	19	475561	227166	1	73.1	39.4	71.7	88.2	0	18	30	0	0	0
2372223	2576166055	186	1	8	22	227166	50188	1	71.3	87.8	55.9	73	0	18	30	0	0	0
2372223	2576166101	186	1	8	26	50188	227166	1	57.5	73.5	72.2	97.2	0	18	30	0	0	0
2372223	2576166137	186	1	8	29	227166	475561	1	69.5	95.4	64.1	80.8	0	18	30	0	0	0
2372223	2576166143	186	1	8	32	475561	244855	1	61.1	79.6	67	83.3	0	18	30	0	0	0
2372223	2576166173	186	1	8	33	244855	475561	1	70.2	82.6	63	80	0	18	30	0	0	0
2372223	2576166183	186	1	8	34	475561	50188	1	58.4	80.8	48.4	71.9	0	18	30	0	0	0
2372223	2576166221	186	1	8	36	50188	218449	1	46.8	69.4	45.1	45.5	0	18	30	0	0	0
2372223	2576166259	186	1	8	38	218449	88483	1	44.8	45.4	67.5	2.9	0	18	30	0	0	0
2372223	2576166307	186	1	8	41	88483	0	0	67.5	3.1	87.3	14	0	18	30	0	0	0
2372223	2576166383	174	1	8	44	440593	212769	1	16.8	89	4.1	63.9	0	19	31	0	0	0
2372223	2576166461	174	1	8	49	212769	197334	1	5.7	53.1	41.4	67.6	0	19	31	0	0	0
2372223	2576166509	174	1	8	51	197334	619506	1	44.6	68.6	50.1	45.4	0	19	31	0	0	0
2372223	2576166553	174	1	8	55	197334	76012	1	54.6	50.5	51.3	29.7	0	19	32	0	0	0
2372223	2576166599	174	1	8	57	76012	96736	1	52.1	31.6	46.4	45	0	19	32	0	3	0
2372223	2576166601	174	1	8	59	96736	437554	1	44.3	45.4	35.6	33	0	19	33	0	0	0
2372223	2576166685	174	1	9	1	437554	59062	1	33.2	32.6	38.3	6.4	0	19	33	0	3	0
2372223	2576166713	174	1	9	5	59062	244855	100	44.2	5.2	52.1	22.3	0	19	33	0	0	0
2372223	2576166773	186	1	9	8	227166	50188	1	39.1	82.9	26.7	64.6	0	20	34	0	0	0
2372223	2576166839	186	1	9	11	50188	218449	1	26.8	66.4	24.9	44.1	0	20	34	0	0	0
2372223	2576166931	186	1	9	14	218449	246333	1	25.6	43.3	61.7	92.1	0	20	34	0	0	0
2372223	2576167377	174	1	9	42	212769	437554	1	4.5	50.7	5.4	28.6	0	21	35	0	0	0
2372223	2576167413	174	1	9	44	437554	59062	1	5.5	28.6	18.5	5	0	21	35	0	0	0
2372223	2576167451	174	1	9	47	59062	0	0	19.6	4.9	21.5	4.9	0	21	35	0	0	0
2372223	2576167565	174	1	9	53	197334	76012	1	46.3	12.4	52.8	5.8	0	21	36	0	0	0
2372223	2576167671	174	1	9	54	76012	59062	1	54.1	5.5	36.2	5.6	0	21	36	0	0	0
2372223	2576167753	174	1	9	59	59062	197334	1	38.4	7.4	76	22.5	0	21	36	0	0	0
2372223	2576167791	174	1	10	4	197334	96736	1	73.1	22.3	67.8	38.8	0	21	36	0	0	0
2372223	2576167871	174	1	10	6	96736	76012	1	67	37.9	93.4	6.8	0	21	36	0	0	0
2372223	2576167883	174	1	10	12	76012	197334	1	86.9	11.8	84.5	17.8	0	21	36	0	0	0
2372223	2576167939	174	1	10	13	197334	76012	1	81.5	14.9	80.2	8.2	0	21	36	0	0	0
2372223	2576167955	174	1	10	16	76012	0	0	79.8	11	89.3	25.8	0	21	36	0	0	0
2372223	2576167997	186	1	10	17	50188	475561	1	10.1	74.8	16.2	87.2	0	22	37	0	0	0
2372223	2576168005	186	1	10	19	475561	0	0	14.8	92.5	33.6	91.7	0	22	37	0	0	0
2372223	2576168079	174	1	10	21	437554	197326	1	64.3	6.4	67.1	17.3	0	23	38	0	0	0
2372223	2576168123	174	1	10	25	197326	76012	1	66.4	31.8	73.1	11.7	0	23	38	0	0	0
2372223	2576168153	174	1	10	28	76012	59062	1	73.6	11.9	78.2	5	0	23	38	0	0	0
2372223	2576168177	174	1	10	29	59062	76012	1	78.2	5	73.1	11.3	0	23	38	0	0	0
2372223	2576168235	174	1	10	31	76012	197326	1	73.1	11.3	67.5	35.2	0	23	38	0	0	0
2372223	2576168265	174	1	10	34	197326	619506	1	68.1	38.6	77.4	33.4	0	23	38	0	0	0
2372223	2576168387	174	1	10	34	619506	0	1	75.5	33.4	79.5	40	0	23	38	0	0	0
2372223	2576168395	174	1	10	42	197334	59062	1	91	20.7	89.5	13.4	0	23	38	0	0	0
2372223	2576168939	186	1	11	14	227166	219292	1	28.4	100	29.2	86.9	0	24	40	0	0	0
2372223	2576168977	186	1	11	15	219292	227166	1	29.2	86.9	27.7	95.9	0	24	40	0	0	0
2372223	2576168983	186	1	11	19	227166	0	0	27.9	95.9	29.6	95.1	0	24	40	0	0	0
2372223	2576169197	186	1	11	29	227166	246333	1	33	100	41.7	95.9	0	24	41	0	0	0
2372223	2576169227	186	1	11	30	246333	475561	1	39.9	97.7	32.8	83.9	0	24	41	0	0	0
2372223	2576169319	186	1	11	35	475561	88483	1	29.3	59	29.6	22.3	0	24	41	0	0	0
2372223	2576169385	186	1	11	38	88483	440077	1	32.1	20.9	43.5	6.2	0	24	41	0	0	0
2372223	2576169477	186	1	11	40	440077	223255	1	35.8	7.3	37.3	15.7	0	24	41	0	0	0
2372223	2576169483	186	1	11	47	223255	0	0	82.2	25.2	80.3	25.2	0	24	41	0	0	0
2372223	2576170523	186	1	12	54	50188	0	0	99.7	0.5	96.6	51.2	0	24	42	2	0	6
2372223	2576170995	186	1	13	23	50188	246333	1	99.5	99.5	91	92.6	0	24	43	0	0	6
2372223	2576171025	186	1	13	26	246333	223255	1	91	91.7	72.4	82	0	24	43	0	0	0
2372223	2576171037	186	1	13	29	223255	0	0	73.5	81.4	78.8	75.6	0	24	43	0	0	0
2372223	2576171351	174	1	13	45	212769	440593	1	3.8	51.8	7.3	65.3	0	25	45	0	0	0
2372223	2576171399	174	1	13	48	440593	96736	1	13	54.9	20.2	38.6	0	25	45	0	0	0
2372223	2576171433	174	1	13	50	96736	59062	1	20.2	37.7	24.5	7.1	0	25	45	0	0	0
2372223	2576171471	174	1	13	53	59062	0	0	26.6	6.1	61.7	34.9	0	25	45	0	0	0
2372223	2576171507	186	1	13	55	218449	0	1	36.1	64.6	35.3	75.7	0	26	46	0	0	0
2372223	2576171539	186	1	13	58	50188	227166	1	36.9	79.7	42	90.3	0	26	46	0	0	0
2372223	2576171589	186	1	14	1	227166	0	0	45.8	91.5	76.4	70.5	0	26	46	0	0	0
2372223	2576171629	174	1	14	3	440593	0	1	21.9	32.4	31.2	31.5	0	27	47	0	3	0
2372223	2576171701	174	1	14	7	96736	59062	1	32.8	30.1	37.6	6.8	0	27	47	0	0	0
2372223	2576171777	174	1	14	9	59062	76012	1	43	5.6	55.6	21.1	0	27	47	0	0	0
2372223	2576171927	186	1	14	19	227166	50188	1	36.3	100	13.1	88.6	0	28	48	0	0	0
2372223	2576172079	186	1	14	24	50188	218449	1	13.5	85.5	18.9	63.3	0	28	48	0	0	0
2372223	2576172187	186	1	14	27	218449	223255	1	19.7	59.6	25.5	39.7	0	28	48	0	0	0
2372223	2576172251	186	1	14	35	223255	0	0	42.3	73.8	61.3	27.3	0	28	48	0	0	0
2372223	2576172285	174	1	14	38	197314	0	1	34.2	77.3	46.3	79.9	0	29	49	0	3	0
2372223	2576172337	174	1	14	42	523654	197314	1	39.7	82.8	41.9	95	0	29	49	0	0	0
2372223	2576172351	174	1	14	45	197314	523654	1	54.1	94.1	53.7	83.3	0	29	49	0	0	0
2372223	2576172387	174	1	14	46	523654	197326	1	53.7	83.3	44.3	83.5	0	29	49	0	0	0
2372223	2576172473	174	1	14	49	197326	59062	1	45	77.2	41.4	16.2	0	29	49	0	0	0
2372223	2576172535	174	1	14	54	59062	96736	1	52.7	8	54.1	33	0	29	49	0	0	0
2372223	2576172573	174	1	14	57	96736	197326	1	52.8	40.9	55.8	53	0	29	49	0	0	0
2372223	2576172679	174	1	15	0	197326	440593	1	56.6	49.5	35.5	55.7	0	29	49	0	0	0
2372223	2576172693	174	1	15	3	440593	96736	1	37	57.9	47.6	66.8	0	29	49	0	0	0
2372223	2576172747	174	1	15	8	96736	523654	1	54.3	70	64.2	92.6	0	29	49	0	0	0
2372223	2576172763	174	1	15	12	523654	96736	1	63.5	85.3	56.8	78.5	0	29	49	0	0	0
2372223	2576172781	174	1	15	15	96736	197326	1	56.1	72.7	53.6	55.5	0	29	49	0	0	0
2372223	2576172795	174	1	15	15	197326	96736	1	53.9	55.5	57	64	0	29	49	0	0	0
2372223	2576172841	174	1	15	16	96736	437554	1	55.4	67.2	57	34.7	0	29	49	0	0	0
2372223	2576172883	174	1	15	19	437554	59062	1	67.5	31	76.8	8.3	0	29	49	0	0	0
2372223	2576172907	174	1	15	22	59062	0	0	78.4	8	84.8	44.5	0	29	49	2	0	0
2372223	2576172969	186	1	15	26	244855	475561	1	20.4	71.1	26.9	84.9	0	30	50	0	0	0
2372223	2576173429	174	1	15	54	437554	96736	1	24.6	26	40.2	36.3	0	31	52	0	0	5
2372223	2576173445	174	1	15	54	96736	197314	1	40.5	36.7	38.3	85.3	0	31	52	0	0	0
2372223	2576173467	174	1	15	59	197314	76012	1	42.2	82.6	57.4	76.5	0	31	52	0	0	0
2372223	2576173489	174	1	16	0	76012	440593	1	57.1	76.9	31.3	67	0	31	52	0	0	0
2372223	2576173495	174	1	16	2	440593	96736	1	29.7	64.3	36.8	56.9	0	31	52	0	0	0
2372223	2576173517	174	1	16	5	96736	197314	1	36.9	56.9	37.3	85.3	0	31	52	0	0	0
2372223	2576173543	174	1	16	6	197314	76012	1	37.3	85.3	46.2	93.2	0	31	52	0	0	0
2372223	2576173557	174	1	16	8	76012	197326	1	46.2	93.2	39.6	72.4	0	31	52	0	0	0
2372223	2576173571	174	1	16	9	197326	197314	1	39.6	72.4	32	90	0	31	52	0	0	0
2372223	2576173613	174	1	16	10	197314	0	0	33.5	90.9	63.5	82.6	0	31	52	0	0	0
2372223	2576173643	186	1	16	12	218449	0	1	35.5	17.2	41.2	4.8	0	32	53	0	3	0
2372223	2576173717	186	1	16	15	88483	224965	1	40.1	7.7	14.1	40	0	32	53	0	0	0
2372223	2576173773	186	1	16	18	224965	227166	1	12.7	47.8	32.4	89	0	32	53	0	0	0
2372223	2576174187	186	1	16	47	50188	218449	1	23.1	66.7	23.1	34.9	0	34	55	0	0	5
2372223	2576174227	186	1	16	47	218449	88483	1	23.9	33.2	35.6	12.4	0	34	55	0	0	0
2372223	2576174239	186	1	16	52	88483	219292	1	35.4	15.9	35	24.3	0	34	55	0	0	0
2372223	2576174275	186	1	16	53	219292	88483	1	35	24.3	35	8.5	0	34	55	0	0	0
2372223	2576174313	186	1	16	55	88483	218449	1	34.6	15.6	22.4	23.7	0	34	55	0	0	0
2372223	2576174341	186	1	16	58	218449	224965	1	15.1	22.8	4.3	42.1	0	34	55	0	0	0
2372223	2576174383	186	1	17	1	224965	227166	1	2.7	42.3	22.4	90.5	0	34	55	0	0	0
2372223	2576174395	174	1	17	4	59062	0	0	68.7	9.8	72.5	9.8	0	35	56	0	0	0
2372223	2576174421	186	1	17	6	227166	440077	1	27.7	90.3	41	71.5	0	36	57	0	0	0
2372223	2576174451	186	1	17	11	440077	50188	1	34.5	73.9	22.5	79.7	0	36	57	0	0	0
2372223	2576174473	186	1	17	14	50188	440077	1	23.8	78.2	34.8	75.9	0	36	57	0	0	0
2372223	2576174503	186	1	17	18	440077	475561	1	35.8	82.7	32.1	68.1	0	36	57	0	0	0
2372223	2576174555	186	1	17	24	475561	219292	1	35	70.6	38.7	31.6	0	36	57	0	0	0
2372223	2576174591	186	1	17	27	219292	88483	1	41.1	25.2	60.2	5	0	36	57	0	0	0
2372223	2576174609	186	1	17	30	88483	219292	1	59.1	18.2	52.4	21.3	0	36	57	0	0	0
2372223	2576174657	186	1	17	33	219292	223255	1	54.3	20.3	68.7	4.7	0	36	57	0	0	0
2372223	2576174703	186	1	17	36	223255	219292	1	65.5	8	46.3	14.6	0	36	57	0	0	0
2372223	2576174791	186	1	17	40	219292	50188	1	45.7	24.9	39.5	63	0	36	57	0	0	0
2372223	2576174845	186	1	17	46	50188	246333	1	60.4	77.1	93.3	74.2	0	36	57	0	0	0
2372223	2576175011	174	1	17	57	59062	0	0	3.3	4.6	36.2	32.4	0	37	58	0	0	0
2372223	2576175035	186	1	18	2	218449	88483	1	52.7	52.7	53.7	43.6	0	0	0	0	3	0
2372223	2576175061	186	1	18	4	88483	0	1	53.8	43.5	21.5	33.2	0	38	59	0	3	0
2372223	2576175101	186	1	18	9	224965	50188	1	23.1	36.1	29.5	65.1	0	38	59	0	0	0
2372223	2576175147	186	1	18	12	50188	219292	1	29.1	69	37.8	64.6	0	38	59	0	0	0
2372223	2576175187	186	1	18	14	219292	475561	1	37.8	64.5	42.5	69.1	0	38	59	0	0	0
2372223	2576175221	186	1	18	18	475561	227166	1	44.4	70.2	57.7	93.3	0	38	59	0	0	0
2372223	2576175247	186	1	18	21	227166	475561	1	58	95.3	57.1	76.1	0	38	59	0	0	0
2372223	2576175277	186	1	18	21	475561	244855	1	56	76.1	67.3	72.9	0	38	59	0	0	0
2372223	2576175285	186	1	18	23	244855	0	0	67.3	72.9	76.8	59.1	0	38	59	0	0	0
2372223	2576175313	174	1	18	24	440593	0	1	26.4	37.6	30	33.4	0	39	60	0	0	0
2372223	2576175343	174	1	18	26	96736	76012	1	26.8	39.8	31.8	52.4	0	39	60	0	0	0
2372223	2576175355	174	1	18	27	76012	96736	1	34.2	52	28.9	50.7	0	39	60	0	0	0
2372223	2576175379	174	1	18	29	96736	197314	1	28.3	46.4	28.6	70.6	0	39	60	0	0	0
2372223	2576175415	174	1	18	31	197314	440593	1	30.3	63.9	19.8	66.4	0	39	60	0	0	0
2372223	2576175449	174	1	18	33	440593	212769	1	15.8	64.9	7.9	47.9	0	39	60	0	0	0
2372223	2576175483	174	1	18	35	212769	475561	100	7.9	47.6	27.2	19.8	0	39	60	0	0	0
2372223	2576175771	174	1	18	51	212769	437554	1	4.1	48.2	7.7	26.6	0	39	61	0	0	0
2372223	2576175781	174	1	18	52	437554	212769	1	8.5	28.9	6.3	48.9	0	39	61	0	0	0
2372223	2576175825	174	1	18	53	212769	437554	1	7.8	48.7	10.3	25.2	0	39	61	0	0	0
2372223	2576175861	174	1	18	58	437554	0	0	20.5	17.1	70.6	33	0	39	61	0	0	0
2372223	2576175915	186	1	19	3	218449	475561	1	37.2	79.6	43.8	87.8	0	40	62	0	0	0
2372223	2576176011	186	1	19	6	475561	224965	1	38.2	84.7	13.9	54.6	0	40	62	0	0	0
2372223	2576176029	186	1	19	13	224965	227166	1	18.4	50	34.4	94.8	0	40	62	0	0	0
2372223	2576176083	186	1	19	15	227166	0	0	34.6	95.3	75.4	70.2	0	40	62	0	0	0
2372223	2576176125	174	1	19	20	212769	0	1	20.4	34.9	43.3	2.5	0	41	63	0	0	0
2372223	2576176221	174	1	19	24	59062	523654	1	41.6	3.1	57.6	8.5	0	41	63	0	3	0
2372223	2576176351	174	1	19	37	59062	197326	1	53.4	0	54.1	18.4	0	41	64	0	0	0
2372223	2576177253	174	1	19	39	197326	0	1	55.3	25	62.4	35.1	0	41	64	0	0	0
2372223	2576176385	186	1	19	41	223255	224965	1	37.6	48.7	15.1	47.2	0	42	65	0	0	0
2372223	2576176401	186	1	19	45	224965	50188	1	15.5	50.1	24.8	70.9	0	42	65	0	0	0
2372223	2576176451	186	1	19	48	50188	475561	1	23.3	73.6	34.7	72.1	0	42	65	0	0	0
2372223	2576176475	186	1	19	51	475561	0	1	37.1	71.7	46	72.4	0	42	65	0	0	0
2372223	2576176691	186	1	20	5	475561	219292	1	42.7	74	41.5	47.2	0	42	66	0	0	5
2372223	2576176741	186	1	20	8	219292	88483	1	44.7	32.2	63.5	4.4	0	42	66	0	0	0
2372223	2576176831	186	1	20	15	219292	223255	1	49.7	21.3	48.4	10.4	0	42	67	0	0	0
2372223	2576176845	186	1	20	17	223255	219292	1	55.4	10	46.8	28.3	0	42	67	0	0	0
2372223	2576362705	186	1	20	20	219292	0	1	44.2	16.4	33.5	61.4	0	42	67	0	0	0
2372223	2576176967	186	1	20	26	50188	244855	1	54.1	71.5	69.4	59.2	0	42	67	0	0	0
2372223	2576177073	174	1	20	28	437554	96736	1	24.6	36.3	33.8	31.9	0	43	68	0	0	0
2372223	2576177433	174	1	20	54	437554	440593	1	36.5	14.6	29	53	0	43	69	0	0	5
2372223	2576177453	174	1	20	57	440593	197314	1	29	53	35.3	88.9	0	43	69	0	0	0
2372223	2576177481	174	1	21	0	197314	619506	1	38.2	96.2	57.2	72.1	0	43	69	0	0	0
2372223	2576177495	174	1	21	2	619506	88483	100	57.2	72.1	53.5	85.1	0	43	69	0	0	0
2372223	2576177577	174	1	21	6	197314	619506	1	42.7	78.1	60.3	74.8	0	43	70	0	0	0
2372223	2576177625	186	1	21	9	218449	223255	1	41	23.3	46.1	17.3	0	44	71	0	0	0
2372223	2576177693	186	1	21	10	223255	219292	1	47.3	16.3	46.6	28.5	0	44	71	0	0	0
2372223	2576177751	186	1	21	16	219292	440077	1	45.7	32.5	54.2	54.9	0	44	71	0	0	0
2372223	2576177807	186	1	21	19	440077	88483	1	57.4	37.4	68.1	8.6	0	44	71	0	0	0
2372223	2576177827	186	1	21	22	88483	440077	1	69.8	9.7	66.1	26.8	0	44	71	0	0	0
2372223	2576177959	186	1	21	31	88483	219292	1	54.7	12.4	48.6	19.6	0	46	73	0	0	0
2372223	2576178007	186	1	21	33	219292	475561	1	48.5	21.6	52.3	34.6	0	46	73	0	0	0
2372223	2576178015	186	1	21	36	475561	246333	1	53	40.3	66.8	46	0	46	73	0	0	0
2372223	2576178069	186	1	21	37	246333	244855	1	68.1	46.9	68.5	35.7	0	46	73	0	0	0
2372223	2576178105	174	1	21	40	440593	212769	1	24.6	56.4	8.2	44.8	0	47	74	0	0	0
2372223	2576178159	174	1	21	42	212769	59062	1	8.2	44.8	19.1	15.3	0	47	74	0	0	0
2372223	2576178185	174	1	21	45	59062	437554	1	19.6	15.5	24.3	39.2	0	47	74	0	0	0
2372223	2576178221	174	1	21	47	437554	197314	1	24.6	37.7	34.2	77.3	0	47	74	0	0	0
2372223	2576178321	174	1	21	50	197314	76012	1	34.9	78.1	46.9	79.1	0	47	74	0	0	0
2372223	2576178381	186	1	21	57	244855	475561	1	56	36.1	53.3	46.8	0	48	75	0	0	0
2372223	2576178395	186	1	21	59	475561	244855	1	53.1	44.7	63.4	38	0	48	75	0	0	0
2372223	2576178515	186	1	22	0	244855	440077	1	65.5	35.1	87.3	24.6	0	48	75	0	0	0
2372223	2576178525	186	1	22	7	440077	0	0	98.6	27	98.2	45.8	0	48	75	0	0	0
2372223	2576178601	174	1	22	9	76012	197334	1	17.6	84.1	29.5	90.6	0	49	76	0	0	0
2372223	2576178657	174	1	22	14	197334	76012	1	24.8	96	21.4	90.2	0	49	76	0	0	0
2372223	2576178677	174	1	22	20	76012	197326	1	40.3	89.8	29.6	72.1	0	49	76	0	0	0
2372223	2576178683	174	1	22	21	197326	197314	1	32	72.7	27.5	84.8	0	49	76	0	0	0
2372223	2576178697	174	1	22	22	197314	76012	1	27.5	84.8	37.6	92.1	0	49	76	0	0	0
2372223	2576178737	174	1	22	24	76012	197314	1	35.3	95.8	22.2	88.8	0	49	76	0	0	0
2372223	2576178765	174	1	22	28	197314	212769	1	12.4	76.1	7.7	53.1	0	49	76	0	0	0
2372223	2576178797	174	1	22	32	212769	59062	1	7.7	50.6	19.2	13.7	0	49	76	0	0	0
2372223	2576178847	174	1	22	36	59062	523654	1	23.8	12.2	38.5	33.6	0	49	76	0	0	0
2372223	2576178895	186	1	22	41	227166	88483	1	47.6	46.6	52.4	43.7	0	50	77	0	0	0
2372223	2576178925	186	1	22	42	88483	223255	1	53.4	43.5	41	39.4	0	50	77	0	0	0
2372223	2576178971	186	1	22	44	223255	475561	1	45.3	46.1	58.9	83.2	0	50	77	0	0	0
2372223	2576178987	186	1	22	48	475561	227166	1	71	81.2	71.3	63.6	0	50	77	0	0	0
2372223	2576180039	174	1	24	0	212769	0	1	9.5	54.2	13.1	75.4	0	53	81	0	0	0
2372223	2576180093	174	1	24	9	440593	0	0	28.5	67.2	84.2	86.8	0	53	81	0	0	0
2372223	2576180137	186	1	24	16	224965	218449	1	20.2	15.8	30.2	21.8	0	54	82	0	0	0
2372223	2576180269	186	1	24	21	218449	50188	1	33.2	26.5	31.3	56.6	0	54	82	0	0	0
2372223	2576180291	186	1	24	25	50188	475561	1	35	63.3	39	66.7	0	54	82	0	0	0
2372223	2576180319	186	1	24	28	475561	219292	1	38.2	63.7	39	40.1	0	54	82	0	0	0
2372223	2576180371	186	1	24	30	219292	88483	1	41	35.1	58.9	2.9	0	54	82	0	0	0
2372223	2576180387	186	1	24	35	88483	0	0	58.3	15.3	70.5	21.3	0	54	82	0	0	0
2372223	2576180431	174	1	24	36	440593	197314	1	27.8	78.7	38.6	80.8	0	55	83	0	0	0
2372223	2576180441	174	1	24	37	197314	197326	1	39.9	81.2	34.2	73.2	0	55	83	0	0	0
2372223	2576180465	174	1	24	39	197326	523654	1	35.9	69.3	47.2	40.4	0	55	83	0	0	0
2372223	2576180537	186	1	24	45	227166	0	0	66.2	66	91.3	-1.6	0	56	84	0	0	0
2372223	2576180765	174	1	25	6	197314	197334	1	19.2	100	41.7	94.2	0	57	85	0	0	0
2372223	2576180775	174	1	25	9	619506	523654	1	39	78.7	54.6	57.9	0	57	86	0	3	0
2372223	2576180829	174	1	25	13	523654	0	0	56.7	64.9	100.5	83.2	0	57	86	0	0	0
2372223	2576180975	186	1	25	27	224965	50188	1	3.8	41.9	10	56.9	0	58	87	0	0	0
2372223	2576181075	186	1	25	29	50188	219292	1	14.7	59.4	30.6	28.5	0	58	87	0	0	0
2372223	2576181103	186	1	25	34	219292	223255	1	31.3	27.9	42	11.6	0	58	87	0	0	0
2372223	2576181119	186	1	25	36	223255	88483	1	42.9	11	55	4	0	58	87	0	0	0
2372223	2576181151	186	1	25	38	88483	223255	1	55	4	44.9	13.5	0	58	87	0	0	0
2372223	2576181241	186	1	25	44	223255	475561	1	38.4	50.1	47.5	51.9	0	58	88	0	0	0
2372223	2576181277	186	1	25	46	475561	219292	1	46.7	48.2	46.4	23.1	0	58	88	0	0	0
2372223	2576181409	186	1	25	49	219292	440077	1	44.9	24	65.8	5	0	58	88	0	0	0
2372223	2576181467	186	1	25	59	440077	475561	1	73.8	28	70.3	53.7	0	58	88	0	0	0
2372223	2576181513	186	1	26	2	475561	227166	1	71.9	59.6	80.4	93.6	0	58	88	0	0	0
2372223	2576181539	186	1	26	5	227166	246333	1	80.3	94.4	78.9	75.7	0	58	88	0	0	0
2372223	2576181545	186	1	26	8	246333	0	0	77.8	70.3	75.7	40.9	0	58	88	0	0	0
2372223	2576181583	174	1	26	11	76012	0	0	26.5	54.6	31.5	32.6	0	59	89	0	0	0
2372223	2576181627	186	1	26	14	475561	246333	1	72.5	59.4	76.7	57.9	0	60	90	0	0	0
2372223	2576181673	174	1	26	15	59062	0	1	23.4	37.3	25.6	47.8	0	61	91	0	0	0
2372223	2576181695	174	1	26	16	197326	619506	1	23.9	45.2	39.6	31.2	0	61	91	0	0	0
2372223	2576181721	174	1	26	20	619506	523654	1	51.7	24.8	85.6	6.4	0	61	91	0	0	0
2372223	2576181831	174	1	26	27	523654	96736	1	87.3	7.9	70.6	5.3	0	61	91	0	0	0
2372223	2576181855	174	1	26	29	96736	0	0	65.7	11.8	64.8	15.1	0	61	91	0	0	0
2372223	2576181893	174	1	26	30	59062	197326	1	61.3	14.3	64	32	0	61	92	0	0	0
2372223	2576181907	174	1	26	32	197326	0	0	66.8	28.7	100.9	23.1	0	61	92	0	0	0
2372223	2576182099	186	1	26	43	224965	475561	1	4.8	57.3	26	68.1	0	62	93	0	0	0
2372223	2576182129	186	1	26	48	475561	219292	1	33.8	67	31.8	51.5	0	62	93	0	0	0
2372223	2576182161	186	1	26	51	219292	88483	1	34.9	37.3	47.4	5.5	0	62	93	0	0	0
2372223	2576182201	186	1	26	55	88483	223255	1	59	5.8	46.8	19.4	0	62	93	0	0	0
2372223	2576182249	186	1	26	59	223255	59062	100	48.4	24.4	78.3	86.8	0	62	93	0	0	0
2372223	2576182401	186	1	27	11	227166	475561	1	76.4	100	64.7	94.2	0	62	94	0	0	0
2372223	2576182445	186	1	27	14	475561	219292	1	66.5	90.9	55.7	77.2	0	62	94	0	0	0
2372223	2576182491	186	1	27	18	219292	223255	1	54.5	72	55.2	31.3	0	62	94	0	0	0
2372223	2576182543	186	1	27	21	223255	440077	1	56.4	30.1	73.8	2.3	0	62	94	0	0	0
2372223	2576182573	186	1	27	25	440077	88483	1	75.9	17.4	90.3	26	0	62	94	0	0	0
2372223	2576182595	186	1	27	27	88483	440077	1	90.5	24.6	88.2	27.7	0	62	94	0	0	0
2372223	2576183275	174	1	28	31	197334	197326	1	49.8	50.1	43.7	57	0	63	95	0	0	0
2372223	2576183287	174	1	28	35	197326	437554	1	43.1	55.4	28	43.1	0	63	95	0	0	0
2372223	2576183311	174	1	28	37	437554	440593	1	28	43.1	32.5	70.2	0	63	95	0	0	0
2372223	2576183331	174	1	28	39	440593	197314	1	32.5	70.2	42.3	91.2	0	63	95	0	0	0
2372223	2576183355	174	1	28	42	197314	197326	1	37.7	92.3	38.9	73.6	0	63	95	0	0	0
2372223	2576183379	174	1	28	44	197326	96736	1	43.3	68.4	44.1	51	0	63	95	0	0	0
2372223	2576183409	174	1	28	46	96736	59062	1	45.1	46.6	53.2	13.4	0	63	95	0	0	0
2372223	2576183445	174	1	28	49	59062	523654	1	59.6	14.4	70.9	10	0	63	95	0	0	0
2372223	2576183497	186	1	28	55	475561	0	1	44	89.2	53.7	91.5	0	64	97	0	0	0
2372223	2576184077	186	1	29	35	50188	0	0	73.4	86.6	90.2	56.7	0	64	98	2	0	5
2372223	2576184155	186	1	29	39	218449	223255	1	77.8	46.6	69.8	29.1	0	64	99	0	3	0
2372223	2576184193	186	1	29	43	223255	475561	1	69.7	27.9	67.4	65.8	0	64	99	0	0	0
2372223	2576184207	186	1	29	46	475561	50188	1	65.1	63.3	64.8	72.3	0	64	99	0	0	0
2372223	2576184237	186	1	29	46	50188	227166	1	64.7	69.3	46.9	52	0	64	99	0	0	0
2372223	2576184283	186	1	29	48	227166	223255	1	48.1	52.1	59.5	9.2	0	64	99	0	0	0
2372223	2576184343	186	1	29	53	223255	244855	1	60.4	10.7	69.1	4.4	0	64	99	0	0	0
2372223	2576184415	186	1	29	57	244855	223255	1	70.5	5.6	59	13.9	0	64	99	0	0	0
2372223	2576184437	186	1	29	59	223255	244855	1	60.7	13.5	67.6	6.1	0	64	99	0	0	0
2372223	2576184453	186	1	30	1	244855	88483	1	67.6	6.1	73.6	3.4	0	64	99	0	0	0
2372223	2576184511	186	1	30	2	88483	223255	1	73.8	3.6	57.4	9.5	0	64	99	0	0	0
2372223	2576184533	186	1	30	6	223255	218449	1	59.1	10.4	56.7	25.8	0	64	99	0	0	0
2372223	2576184557	186	1	30	8	218449	223255	1	57.8	25	55	9.5	0	64	99	0	0	0
2372223	2576184619	186	1	30	10	223255	50188	1	47	10.2	34.3	38	0	64	99	0	0	0
2372223	2576184675	186	1	30	14	50188	218449	1	33.6	40	39.9	17.8	0	64	99	0	0	0
2372223	2576184785	186	1	30	19	218449	0	1	43.8	21.3	58.9	20	0	64	99	0	0	0
2372223	2576184883	186	1	30	32	88483	244855	1	61	10	59.4	12.5	0	64	100	0	0	5
2372223	2576184925	186	1	30	34	244855	218449	1	59.4	12.5	45.6	19.8	0	64	100	0	0	0
2372223	2576185009	186	1	30	36	218449	50188	1	45.7	17.4	40.5	45.4	0	64	100	0	0	0
2372223	2576185057	186	1	30	42	50188	218449	1	43.4	49.9	43.2	30.6	0	64	100	0	0	0
2372223	2576185109	186	1	30	47	218449	227166	1	43.2	28.9	54.6	93.9	0	64	100	0	0	0
2372223	2576185155	186	1	30	51	227166	0	0	59	97.1	76.8	91.3	0	64	100	0	0	0
2372223	2576185345	174	1	31	0	59062	96736	1	23.1	0	25.7	12.3	0	65	101	0	0	0
2372223	2576185355	174	1	31	3	96736	0	0	25.8	10.8	33.8	10.8	0	65	101	0	0	0
2372223	2576185371	186	1	31	6	227166	244855	1	61.4	91.1	71.7	96	0	66	102	0	0	0
2372223	2576185523	186	1	31	8	244855	246333	1	71.7	96	90.4	91.2	0	66	102	0	0	0
2372223	2576185597	174	1	31	17	523654	96736	1	18.8	28.8	17.2	34	0	67	103	0	0	0
2372223	2576185613	174	1	31	19	96736	197326	1	17.2	34	22.7	43.4	0	67	103	0	0	0
2372223	2576185743	174	1	31	21	197326	197334	1	22.7	43.4	89.4	2.8	0	67	103	0	0	0
2372223	2576185777	174	1	31	30	197334	0	0	83.3	5.8	74.3	45.2	0	67	103	0	0	0
2372223	2576185821	186	1	31	32	88483	227166	1	27.7	56.1	13.5	66.6	0	68	104	0	0	0
2372223	2576185865	186	1	31	35	227166	50188	1	8.3	68.4	10.9	58.5	0	68	104	0	0	0
2372223	2576185911	186	1	31	38	50188	219292	1	12.4	62.5	20.2	67	0	68	104	0	0	0
2372223	2576185989	186	1	31	43	219292	475561	1	27.2	62.6	34.3	74.2	0	68	104	0	0	0
2372223	2576186009	186	1	31	49	475561	246333	1	55.2	79	66.4	77.2	0	68	104	0	0	0
2372223	2576186021	186	1	31	50	246333	0	0	66.1	76.1	45.2	77.7	0	68	104	0	0	0
2372223	2576186163	186	1	31	59	50188	475561	1	36.5	77.2	42.2	85.9	0	70	106	0	0	0
2372223	2576186223	186	1	32	1	475561	0	0	43.2	87.4	93.1	88.9	0	70	106	0	0	0
2372223	2576186283	174	1	32	9	437554	0	0	2.9	3.4	5	4.6	0	71	107	0	0	0
2372223	2576186365	174	1	32	11	96736	59062	1	19.2	14.5	14.4	8.5	0	71	108	0	0	0
2372223	2576186379	174	1	32	12	59062	440593	1	17.4	10.4	11.8	34.2	0	71	108	0	0	0
2372223	2576186395	174	1	32	15	440593	76012	1	13	31.6	32.7	50.4	0	71	108	0	0	0
2372223	2576186407	174	1	32	18	76012	197326	1	32.3	51.1	27.3	44.1	0	71	108	0	0	0
2372223	2576186435	174	1	32	19	197326	0	0	27.8	39.8	41	67.8	0	71	108	0	0	0
2372223	2576186547	186	1	32	23	223255	218449	1	47.7	29.7	42.5	34.8	0	72	109	0	0	0
2372223	2576186605	186	1	32	27	218449	88483	1	42.5	34.8	54.7	12.8	0	72	109	0	0	0
2372223	2576186657	186	1	32	31	88483	440077	1	61.9	17.7	65.2	2.9	0	72	109	0	0	0
2372223	2576186689	186	1	32	34	440077	223255	1	65.8	7.9	55.8	14.9	0	72	109	0	0	0
2372223	2576186735	186	1	32	36	223255	440077	1	57.1	17.3	64.4	6.1	0	72	109	0	0	0
2372223	2576186771	186	1	32	39	440077	88483	1	62.3	9.5	66.7	2.9	0	72	109	0	0	0
2372223	2576186823	186	1	32	41	88483	223255	1	68	4.4	56.7	11.8	0	72	109	0	0	0
2372223	2576186925	186	1	32	43	223255	440077	1	60.1	13.4	73.4	20.9	0	72	109	0	0	0
2372223	2576186933	186	1	32	47	440077	0	0	91.5	29.7	91.9	32.8	0	72	109	0	0	0
2372223	2576187461	186	1	33	16	440077	50188	1	99.5	0.5	96.8	40	0	72	110	2	0	6
2372223	2576190597	174	1	33	21	76012	197314	1	9.4	69.5	3	73.8	0	73	112	0	0	0
2372223	2576187553	186	1	33	25	440077	218449	1	93.7	16.3	93.3	29.5	0	74	113	0	0	0
2372223	2576187569	186	1	33	26	218449	0	0	93.6	29.7	91	28.1	0	74	113	0	0	0
2372223	2576187673	174	1	33	28	76012	197314	1	10.8	73.6	12.7	85.7	0	75	114	0	0	0
2372223	2576187687	174	1	33	30	197314	0	0	13.4	88.3	14.6	87.7	0	75	114	0	0	0
2372223	2576187969	174	1	33	42	212769	437554	1	4.4	51.5	6.7	29.3	0	75	115	0	0	0
2372223	2576188005	174	1	33	45	437554	59062	1	7.1	29.7	28.6	11	0	75	115	0	0	0
2372223	2576188111	174	1	33	50	59062	0	0	34.5	9.2	79.4	9.2	0	75	115	0	0	0
2372223	2576188147	186	1	33	55	227166	244855	1	16.5	96.2	42.6	96.9	0	76	116	0	0	0
2372223	2576188345	174	1	34	5	59062	0	0	55	0	71.2	12.4	0	77	117	0	0	0
2372223	2576188339	186	1	34	10	227166	244855	1	29.4	90.5	36.6	78.8	0	78	118	0	0	0
2372223	2576188351	186	1	34	11	244855	227166	1	36.6	78.8	32.5	90.8	0	78	118	0	0	0
2372223	2576188369	186	1	34	12	227166	50188	1	34.5	92.9	28.2	74.2	0	78	118	0	0	0
2372223	2576188399	186	1	34	14	50188	219292	1	25.3	71.4	30.4	57.9	0	78	118	0	0	0
2372223	2576188457	186	1	34	15	219292	218449	1	30.2	59.6	24.1	56.1	0	78	118	0	0	0
2372223	2576188487	186	1	34	19	218449	219292	1	24	55.7	32.4	54.3	0	78	118	0	0	0
2372223	2576188497	186	1	34	21	219292	244855	1	31.9	53.4	40.7	62.4	0	78	118	0	0	0
2372223	2576188529	186	1	34	22	244855	219292	1	40.7	62.4	29.7	50.9	0	78	118	0	0	0
2372223	2576188627	186	1	34	24	219292	475561	1	32	53.1	41.3	83.8	0	78	118	0	0	0
2372223	2576188717	186	1	34	29	475561	219292	1	46	76	43.7	46.4	0	78	118	0	0	0
2372223	2576188757	186	1	34	32	219292	88483	1	43.2	37.5	63.8	4.4	0	78	118	0	0	0
2372223	2576188785	186	1	34	35	88483	440077	1	62.1	6	68.5	15.1	0	78	118	0	0	0
2372223	2576188795	186	1	34	36	440077	88483	1	71.9	13.4	64.7	10.3	0	78	118	0	0	0
2372223	2576188907	186	1	34	36	88483	223255	1	64.7	10.3	92.6	7.1	0	78	118	0	0	0
2372223	2576188937	186	1	34	42	223255	0	0	95.6	11.6	89.3	53.2	0	78	118	2	0	0
2372223	2576189081	174	1	34	48	523654	0	0	27.1	39.8	37.7	18.8	0	79	119	0	0	0
2372223	2576189113	186	1	34	51	50188	246333	1	64.7	82.4	73.9	79.4	0	80	120	0	0	0
2372223	2576189341	186	1	35	1	219292	475561	1	71.5	68.8	86.9	84.9	0	80	122	0	3	0
2372223	2576189357	186	1	35	5	475561	219292	1	86.6	90.9	72.2	80	0	80	122	0	0	0
2372223	2576189395	186	1	35	7	219292	475561	1	75.9	78.9	82.5	93.1	0	80	122	0	0	0
2372223	2576189461	186	1	35	9	475561	244855	1	85.8	89.4	92.5	54.4	0	80	122	2	0	0
2372223	2576189981	186	1	35	48	50188	244855	1	99.5	99.5	86.9	42.2	0	80	123	2	0	6
2372223	2576191219	174	1	37	2	197334	197326	1	49.8	49.9	39.4	51.6	0	81	124	0	0	0
2372223	2576191263	174	1	37	4	197326	59062	1	42.7	51.5	39.6	15.5	0	81	124	0	0	0
2372223	2576191289	174	1	37	7	59062	96736	1	39.1	12.6	46.6	32.8	0	81	124	0	0	0
2372223	2576191323	174	1	37	9	96736	59062	1	46	31.5	40	7.6	0	81	124	0	0	0
2372223	2576191353	174	1	37	10	59062	523654	1	39	13.4	53.8	3.8	0	81	124	0	0	0
2372223	2576191387	174	1	37	11	523654	96736	1	53.3	4.6	41.3	22.3	0	81	124	0	0	0
2372223	2576191467	174	1	37	14	96736	0	0	41.8	24.1	78.7	4.4	0	81	124	0	0	0
2372223	2576191503	186	1	37	17	50188	227166	1	22.6	95	29	88.1	0	82	125	0	0	0
2372223	2576191803	186	1	37	27	224965	223255	1	9.9	47.9	32.2	14.4	0	84	127	0	0	0
2372223	2576193745	174	1	39	33	197314	76012	1	45.9	100	55.8	87.4	0	85	128	238	0	0
2372223	2576193901	186	1	39	41	88483	219292	1	41.5	0	39.3	9.4	0	86	129	0	0	0
2372223	2576193941	186	1	39	43	219292	218449	1	40.9	11.8	27.8	25	0	86	129	0	0	0
2372223	2576193983	186	1	39	47	218449	50188	1	32.3	32.7	31.1	62.9	0	86	129	0	0	0
2372223	2576194001	186	1	39	51	50188	244855	1	29.2	58.5	37.9	41.9	0	86	129	0	0	0
2372223	2576194081	186	1	39	52	244855	218449	1	37.8	43.9	24	28.2	0	86	129	0	0	0
2372223	2576194121	186	1	39	57	218449	88483	1	30.9	24.9	42.2	4.1	0	86	129	0	0	0
2372223	2576194155	186	1	39	59	88483	219292	1	38.6	6	36	20.9	0	86	129	0	0	0
2372223	2576194161	186	1	40	0	219292	0	0	35.2	19.8	39.3	19.2	0	86	129	0	0	0
2372223	2576194183	174	1	40	2	197326	619506	1	58.3	74.2	63.4	65.8	0	0	0	0	3	0
2372223	2576194201	174	1	40	3	619506	197326	1	62	68.8	57.6	74.8	0	0	0	0	3	0
2372223	2576194245	174	1	40	4	197326	0	1	57.4	74.2	64.4	66	0	87	130	0	3	0
2372223	2576194577	186	1	40	20	475561	50188	1	47.1	33.9	39.2	66.3	0	88	132	0	0	5
2372223	2576194621	186	1	40	24	50188	227166	1	39.5	66.8	45.6	89	0	88	132	0	0	0
2372223	2576194711	186	1	40	26	227166	246333	1	45.4	90.1	55.7	88.6	0	88	132	0	0	0
2372223	2576194703	174	1	40	28	523654	0	1	46.6	15.1	41.7	21.7	0	89	133	0	0	0
2372223	2576194727	174	1	40	29	96736	197326	1	39.7	24.2	42.4	33.2	0	89	133	0	0	0
2372223	2576194761	174	1	40	30	197326	619506	1	43.4	34	55	31.4	0	89	133	0	0	0
2372223	2576194883	174	1	40	32	619506	197334	1	59.6	31.8	89.6	4.4	0	89	133	0	0	0
2372223	2576194919	174	1	40	39	197334	59062	1	91.4	4.1	77.4	12.3	0	89	133	0	0	0
2372223	2576194985	174	1	40	41	59062	96736	1	77.4	12.3	71.4	19.7	0	89	133	0	0	0
2372223	2576195023	174	1	40	43	96736	0	0	70.5	22.3	85.5	49.5	0	89	133	2	0	0
2372223	2576195117	174	1	40	48	197334	59062	1	81.9	27.4	76.8	8.3	0	89	134	0	3	0
2372223	2576195149	174	1	40	51	59062	96736	1	76.9	4.9	68.7	20.6	0	89	134	0	0	0
2372223	2576195191	174	1	40	52	96736	0	0	68.7	20.6	101	2.8	0	89	134	0	0	0
2372223	2576195949	186	1	41	39	224965	50188	1	4.9	59.1	19	64.9	0	90	135	0	0	0
2372223	2576195963	186	1	41	43	50188	475561	1	21.6	66.3	33.9	74.1	0	90	135	0	0	0
2372223	2576196025	186	1	41	44	475561	50188	1	33.9	74.1	21.7	67.6	0	90	135	0	0	0
2372223	2576196055	186	1	41	48	50188	219292	1	20.5	64.9	29.6	55.5	0	90	135	0	0	0
2372223	2576196071	186	1	41	49	219292	218449	1	26.9	54.9	15.2	26.7	0	90	135	0	0	0
2372223	2576196119	186	1	41	51	218449	88483	1	15.2	26.7	31.4	3.8	0	90	135	0	0	0
2372223	2576196141	186	1	41	54	88483	0	0	31.5	3.8	32.5	26.4	0	90	135	0	0	0
2372223	2576196191	174	1	41	55	619506	197326	1	67.7	73.3	60.2	76.9	0	91	136	0	0	0
2372223	2576196223	174	1	41	56	197326	437554	1	60.2	76.9	42.6	65.8	0	91	136	0	3	0
2372223	2576196239	174	1	41	58	437554	0	0	42.9	65.8	72.7	66.9	0	91	136	0	0	0
2372223	2576196251	186	1	42	0	218449	88483	1	27.9	29.7	32.2	18	0	0	0	0	3	0
2372223	2576196265	186	1	42	2	88483	0	0	32.6	13.9	32.5	16.7	0	0	0	0	3	0
2372223	2576196287	186	1	42	3	88483	223255	1	30.5	13	32.2	19.8	0	92	137	0	0	0
2372223	2576196301	186	1	42	5	223255	88483	1	34.2	22.5	28.4	16.7	0	92	137	0	3	0
2372223	2576196305	186	1	42	5	88483	0	0	28.5	15.5	36.5	27	0	92	137	0	3	0
2372223	2576196357	174	1	42	9	197326	523654	1	65	62.6	73.3	10.9	0	93	138	0	0	0
2372223	2576196405	174	1	42	15	523654	0	0	75	23.7	96.5	50.6	0	93	138	2	0	0
2372223	2576196563	186	1	42	21	224965	50188	1	3.4	51.8	11.2	74	0	94	139	0	0	0
2372223	2576196579	186	1	42	25	50188	475561	1	12	77.5	21.9	70.7	0	94	139	0	0	0
2372223	2576196603	186	1	42	28	475561	88483	1	21.7	63.6	35.2	5.5	0	94	139	0	0	0
2372223	2576196653	186	1	42	31	88483	223255	1	35.7	6.5	30.6	19.1	0	94	139	0	0	0
2372223	2576196661	186	1	42	35	223255	244855	1	43.2	22.9	37.2	16.1	0	94	139	0	0	0
2372223	2576196709	186	1	42	36	244855	219292	1	39.7	15.5	35.2	27.7	0	94	139	0	0	0
2372223	2576196715	186	1	42	39	219292	475561	1	36.1	29.7	40.2	38.5	0	94	139	0	0	0
2372223	2576196773	186	1	42	40	475561	219292	1	40.6	38.9	34.7	40.9	0	94	139	0	0	0
2372223	2576196819	186	1	42	44	219292	227166	1	43.9	64.6	54	92.9	0	94	139	0	0	0
2372223	2576196867	186	1	42	46	227166	50188	1	55.4	93.5	41.5	87.4	0	94	139	0	0	0
2372223	2576196943	186	1	42	49	50188	224965	1	36.7	82.7	18.8	58.2	0	94	139	0	0	0
2372223	2576196997	186	1	42	55	224965	88483	1	18.7	51.6	55.9	5.3	0	94	139	0	0	0
2372223	2576197017	186	1	42	58	88483	0	1	55.2	5.8	63.6	4.3	0	94	139	0	0	0
2372223	2576197257	186	1	43	16	88483	219292	1	64.2	2.9	51.2	29.8	0	94	140	0	0	5
2372223	2576197291	186	1	43	20	219292	227166	1	54.4	42.5	55.1	75.4	0	94	140	0	0	0
2372223	2576197301	186	1	43	24	227166	475561	1	57.1	80.5	63.2	62.1	0	94	140	0	0	0
2372223	2576197361	186	1	43	24	475561	50188	1	59	69	44.3	66.8	0	94	140	0	0	0
2372223	2576197393	186	1	43	28	50188	88483	1	47	66.3	68.8	9.4	0	94	140	0	0	0
2372223	2576197425	186	1	43	31	88483	223255	1	68.8	9.4	63	18.6	0	94	140	0	0	0
2372223	2576197453	186	1	43	34	223255	0	1	66	22.3	68.9	18.6	0	94	140	0	0	0
2372223	2576197517	186	1	43	39	244855	88483	1	67.1	15.6	74.5	4	0	94	141	0	0	0
2372223	2576197555	186	1	43	42	88483	244855	1	69.5	9.9	66.4	20.4	0	94	141	0	0	0
2372223	2576197557	186	1	43	44	244855	0	0	69.5	23.7	77.7	23.7	0	94	141	0	0	0
2372223	2576197603	174	1	43	45	440593	76012	1	21.3	71.4	25	81.2	0	95	142	0	0	0
2372223	2576197617	174	1	43	47	76012	197326	1	27.3	82.3	29	73.6	0	95	142	0	0	0
2372223	2576197661	174	1	43	49	197326	437554	1	30.8	67.6	24.6	50.5	0	95	142	0	0	0
2372223	2576197729	174	1	43	51	437554	59062	1	24.9	49.5	58	10.4	0	95	142	0	0	0
2372223	2576197761	174	1	43	55	59062	0	0	58.4	6.8	80.1	17.1	0	95	142	0	0	0
2372223	2576197837	186	1	43	58	227166	246333	1	22.9	93.8	43.2	90	0	96	143	0	0	0
2372223	2576197845	186	1	44	0	246333	0	0	43.2	90	35.2	73.8	0	96	143	0	0	0
2372223	2576197937	174	1	44	5	619506	197326	1	69.1	32.2	62.5	41	0	97	144	0	0	0
2372223	2576197973	174	1	44	7	197326	76012	1	65.3	45.2	64.4	60	0	97	144	0	0	0
2372223	2576198015	174	1	44	13	76012	96736	1	65.3	55.2	66	37	0	97	144	0	0	0
2372223	2576198073	174	1	44	15	96736	59062	1	67.2	33.6	76.1	17	0	97	144	0	0	0
2372223	2576198089	174	1	44	17	59062	0	0	75.4	14.9	75.6	16.3	0	97	144	2	0	0
2372223	2576198227	174	1	44	22	523654	437554	1	89	0	70.5	9.1	0	97	145	0	0	0
2372223	2576198263	174	1	44	26	437554	96736	1	73	10	68.2	30.7	0	97	145	0	0	0
2372223	2576198279	174	1	44	28	96736	76012	1	68.5	31.6	80.8	43.5	0	97	145	0	0	0
2372223	2576198285	174	1	44	29	76012	0	0	80.8	41.2	84.3	55.7	0	97	145	0	0	0
2372223	2576198301	186	1	44	31	88483	223255	1	15.1	42.5	21.9	43.1	0	98	146	0	0	0
2372223	2576198303	186	1	44	32	223255	0	1	22.9	43.3	24.4	60.8	0	98	146	0	0	0
2372223	2576198777	186	1	45	0	50188	0	1	22	61.1	33.8	64.5	0	98	147	0	0	5
2372223	2576198829	186	1	45	1	475561	227166	1	33.7	64.5	34.3	91.1	0	98	147	0	0	0
2372223	2576198933	186	1	45	4	227166	50188	1	35.2	94.1	22.8	80.9	0	98	147	0	0	0
2372223	2576198961	186	1	45	11	50188	244855	1	24.1	81.6	42.6	82.6	0	98	147	0	0	0
2372223	2576198987	186	1	45	12	244855	227166	1	44	81.4	43.9	94.2	0	98	147	0	0	0
2372223	2576199327	174	1	45	29	437554	96736	1	36.5	27.7	53.6	25.2	0	99	148	0	0	5
2372223	2576199371	174	1	45	33	96736	59062	1	59.4	23.7	62.8	10.4	0	99	148	0	0	0
2372223	2576199437	174	1	45	33	59062	523654	1	60.5	9.3	70.2	4.4	0	99	148	0	0	0
2372223	2576199669	174	1	45	53	59062	96736	1	80.3	0	77.1	15.3	0	99	149	0	0	0
2372223	2576199693	174	1	45	55	96736	59062	1	77.1	15.3	96.1	10.4	0	99	149	0	0	0
2372223	2576199733	174	1	45	57	59062	0	0	97.4	10.2	83.9	48.5	0	99	149	2	0	0
2372223	2576199813	174	1	46	2	437554	96736	1	66.4	15	70.3	24.4	0	99	150	0	3	0
2372223	2576199865	174	1	46	4	96736	437554	1	69.4	19.4	72.2	6.7	0	99	150	0	0	0
2372223	2576199905	174	1	46	6	437554	523654	1	69.7	9.5	80.8	28.1	0	99	150	0	0	0
2372223	2576200059	186	1	46	17	224965	50188	1	10.5	57	14.4	67.8	0	100	151	0	0	0
2372223	2576200069	186	1	46	21	50188	475561	1	19	68.4	25.4	67.2	0	100	151	0	0	0
2372223	2576200125	186	1	46	22	475561	224965	1	25.4	67.2	7.5	51.9	0	100	151	0	0	0
2372223	2576200217	186	1	46	25	224965	50188	1	7.5	51.9	13	86.2	0	100	151	0	0	0
2372223	2576200265	186	1	46	31	50188	227166	1	29.3	84.3	35.9	95.4	0	100	151	0	0	0
2372223	2576200291	186	1	46	33	227166	0	0	33.7	96.9	61.4	82.9	0	100	151	0	0	0
2372223	2576200341	174	1	46	34	437554	59062	1	34.5	17.8	38.7	6.4	0	101	152	0	0	0
2372223	2576200359	174	1	46	35	59062	437554	1	35.3	6.4	31.8	12.6	0	101	152	0	0	0
2372223	2576200379	174	1	46	36	437554	96736	1	31.8	12.6	37.6	21.6	0	101	152	0	0	0
2372223	2576200489	174	1	46	38	96736	197326	1	37.6	21.8	39.1	32.1	0	101	152	0	0	0
2372223	2576200543	174	1	46	45	197326	523654	1	52.7	50.7	71.2	4.4	0	101	152	0	0	0
2372223	2576200663	174	1	46	58	523654	59062	1	84.3	0	76.2	6	0	101	153	0	0	0
2372223	2576200729	174	1	46	59	59062	523654	1	74.6	6.7	84.3	3.5	0	101	153	0	0	0
2372223	2576200759	186	1	47	5	227166	0	0	8.7	83.9	10.1	85.5	0	102	154	0	0	0
2372223	2576201361	186	1	47	37	50188	219292	1	18.8	76.7	32.8	67	0	102	156	0	0	5
2372223	2576201383	186	1	47	41	219292	223255	1	36.3	61.2	40	22.1	0	102	156	0	0	0
2372223	2576201397	186	1	47	44	223255	440077	1	43.3	22.7	56.7	5.2	0	102	156	0	0	0
2372223	2576201429	186	1	47	46	440077	223255	1	57	6.1	44.7	15.8	0	102	156	0	0	0
2372223	2576201483	186	1	47	49	223255	50188	1	45.2	18	41.5	58.8	0	102	156	0	0	0
2372223	2576201553	186	1	47	52	50188	0	1	41.7	66	40.9	85.3	0	102	156	0	0	0
2372223	2576201873	186	1	48	10	50188	218449	1	41.7	83.6	31	63.1	0	102	157	0	0	5
2372223	2576201951	186	1	48	14	218449	50188	1	31.1	63.6	36.8	80	0	102	157	0	0	0
2372223	2576202007	186	1	48	19	50188	0	0	41.3	78.1	61.4	21.9	0	102	157	0	0	0
2372223	2576202047	174	1	48	22	197314	0	0	37.6	78.1	55.8	74.2	0	0	0	0	3	0
2372223	2576202135	186	1	48	25	88483	218449	1	44.2	23.5	31.8	44.1	0	102	158	0	0	0
2372223	2576202181	186	1	48	30	218449	223255	1	34	41.6	48.1	6.8	0	102	158	0	0	0
2372223	2576202201	186	1	48	32	223255	244855	1	48.4	7	57.4	17.9	0	102	158	0	0	0
2372223	2576202277	186	1	48	33	244855	440077	1	57.4	17.9	71.7	11.7	0	102	158	0	0	0
2372223	2576202337	186	1	48	38	440077	244855	1	75.6	32.4	93.3	24.1	0	102	158	0	0	0
2372223	2576202365	186	1	48	42	244855	0	0	91.5	26.8	96	51.8	0	102	158	2	0	0
2372223	2576215589	186	2	45	0	246333	440077	1	49.9	51.3	51.3	48.2	0	103	160	0	0	0
2372223	2576215607	186	2	45	0	440077	219292	1	51	48.5	44	45.8	0	103	160	0	0	0
2372223	2576215609	186	2	45	2	219292	475561	1	44.6	43.4	34.5	73	0	103	160	0	0	0
2372223	2576215621	186	2	45	3	475561	227166	1	34.5	73	41.5	94.1	0	103	160	0	0	0
2372223	2576215627	186	2	45	6	227166	246333	1	41.5	94.1	44.8	81.8	0	103	160	0	0	0
2372223	2576215677	186	2	45	6	246333	475561	1	44.8	81.8	41.7	77.9	0	103	160	0	0	0
2372223	2576215725	186	2	45	9	475561	219292	1	46.1	70.9	38.1	58.7	0	103	160	0	0	0
2372223	2576215741	186	2	45	13	219292	244855	1	35.7	58.8	41.9	69.3	0	103	160	0	0	0
2372223	2576215757	186	2	45	14	244855	219292	1	41.9	69.3	36.5	70	0	103	160	0	0	0
2372223	2576215793	186	2	45	15	219292	227166	1	36.5	70	44.2	95.3	0	103	160	0	0	0
2372223	2576215809	186	2	45	19	227166	246333	1	45	97.8	39.9	94.7	0	103	160	0	0	0
2372223	2576216035	174	2	45	30	59062	437554	1	57.6	0	39.4	22.7	0	104	161	0	0	0
2372223	2576216047	174	2	45	34	437554	197326	1	39.4	22.7	43.8	28.5	0	104	161	0	0	0
2372223	2576216079	174	2	45	35	197326	59062	1	44.1	27.9	47.3	3.5	0	104	161	0	0	0
2372223	2576216133	174	2	45	36	59062	96736	1	47.3	3.5	55.8	11.9	0	104	161	0	0	0
2372223	2576216159	174	2	45	41	96736	197334	1	65.7	10.3	66.3	3.5	0	104	161	0	0	0
2372223	2576216179	174	2	45	42	197334	59062	1	66.3	3.5	53.5	3.2	0	104	161	0	0	0
2372223	2576216283	174	2	45	44	59062	440593	1	53.5	3.2	41.1	38.8	0	104	161	0	0	0
2372223	2576216325	174	2	45	51	440593	197314	1	69.1	57.7	66	82.6	0	104	161	0	0	0
2372223	2576216363	174	2	45	54	197314	195385	1	67.2	85.6	79.7	96.8	0	104	161	0	0	0
2372223	2576216401	174	2	45	57	195385	439772	1	77.5	92.7	76.2	79.8	0	104	161	0	0	0
2372223	2576216423	174	2	46	0	439772	0	0	84.9	66.6	101	69.1	0	104	161	0	0	0
2372223	2576216701	186	2	46	20	50188	224965	1	4.4	59.7	3.6	50.3	0	105	162	0	0	0
2372223	2576216753	186	2	46	22	224965	50188	1	3.6	50.3	6.3	74.1	0	105	162	0	0	0
2372223	2576216801	186	2	46	25	50188	0	0	8.3	74.6	53.7	51.1	0	105	162	0	0	0
2372223	2576216893	174	2	46	30	437554	0	0	60.4	57.9	100.9	87.8	0	106	163	0	0	0
2372223	2576217099	186	2	46	46	50188	224965	1	4.5	57.8	2.9	49.7	0	107	164	0	0	0
2372223	2576217175	186	2	46	48	224965	50188	1	2	53.6	7.1	67.9	0	107	164	0	0	0
2372223	2576217217	186	2	46	50	50188	246333	1	9.8	73.2	42.2	77.9	0	107	164	0	0	0
2372223	2576217275	174	2	46	54	437554	197326	1	57	25.4	61.3	30.1	0	108	165	0	0	0
2372223	2576217347	174	2	46	57	197326	197314	1	59.3	37.3	61.7	67	0	108	165	0	0	0
2372223	2576217397	174	2	47	1	197314	439772	1	65.4	80.3	71.9	70.2	0	108	165	0	0	0
2372223	2576217461	174	2	47	4	439772	195385	1	65.2	84.4	81	93.5	0	108	165	0	0	0
2372223	2576217507	174	2	47	8	195385	0	0	88	91.3	88.3	82.8	0	108	165	2	0	0
2372223	2576220249	174	2	50	3	197314	220182	1	40.9	100	56.3	79	0	110	167	0	0	0
2372223	2576220255	174	2	50	5	220182	0	0	56.7	77.5	63.2	76.1	0	110	167	0	3	0
2372223	2576220283	174	2	50	7	439772	88483	100	64	80.4	70.2	73	0	110	168	0	0	0
2372223	2576220325	186	2	50	9	88483	475561	1	25.4	22.1	29.1	38.6	0	111	169	0	0	0
2372223	2576220341	186	2	50	11	475561	50188	1	29.8	34.5	21.5	36.7	0	111	169	0	0	0
2372223	2576220355	186	2	50	12	50188	0	0	22.4	37.7	38.5	48.5	0	111	169	0	0	0
2372223	2576220393	174	2	50	16	96736	195385	1	65.3	51	75.2	55.2	0	112	170	0	0	0
2372223	2576220527	186	2	50	30	224965	102380	1	7.7	45	10.7	19	0	113	171	0	0	0
2372223	2576220535	186	2	50	32	102380	223255	1	13.1	18.2	24.1	23.5	0	113	171	0	0	0
2372223	2576220551	186	2	50	33	223255	102380	1	20.8	23.9	11.2	17.1	0	113	171	0	0	0
2372223	2576220573	186	2	50	34	102380	224965	1	11	16.8	3	36.6	0	113	171	0	0	0
2372223	2576220599	186	2	50	36	224965	102380	1	3	36.6	5.3	12.5	0	113	171	0	0	0
2372223	2576220641	186	2	50	39	102380	437554	100	8.1	11.7	45.1	52.4	0	113	171	0	0	0
2372223	2576220725	186	2	50	47	227166	0	1	19.5	92.3	28.6	87.2	0	113	172	0	0	0
2372223	2576220785	186	2	50	48	475561	50188	1	24.6	88.8	10.7	82	0	113	172	0	0	0
2372223	2576220811	186	2	50	53	50188	244855	1	12.8	95.6	22.5	85.6	0	113	172	0	0	0
2372223	2576220873	186	2	50	54	244855	475561	1	22.5	85.6	6.8	62.3	0	113	172	0	0	0
2372223	2576220941	186	2	50	58	475561	227166	1	8.3	67.4	38	95.6	0	113	172	0	0	0
2372223	2576220969	186	2	51	3	227166	0	0	38.3	96.4	53.3	96.2	0	113	172	0	0	0
2372223	2576221003	174	2	51	6	437554	0	0	49	1.5	53.8	1.9	0	114	173	0	0	0
2372223	2576221167	174	2	51	17	59062	197326	1	51.6	0	53.7	18.2	0	114	174	0	0	0
2372223	2576221195	174	2	51	19	197326	59062	1	55.1	17.8	55.4	4.2	0	114	174	0	0	0
2372223	2576221251	174	2	51	20	59062	197314	1	53	9.4	33.4	66.4	0	114	174	0	0	0
2372223	2576221299	174	2	51	24	197314	212769	1	30.9	61.4	14.8	56.3	0	114	174	0	3	0
2372223	2576221343	174	2	51	28	212769	437554	1	14.1	57.9	21.9	27.6	0	114	174	0	0	0
2372223	2576221375	174	2	51	31	437554	439772	1	22	27.6	44.5	28.6	0	114	174	0	0	0
2372223	2576221419	174	2	51	33	439772	197334	1	44.5	28.6	55.3	2.2	0	114	174	0	0	0
2372223	2576221445	174	2	51	36	197334	96736	1	46.9	4	44.9	18.6	0	114	174	0	0	0
2372223	2576221467	174	2	51	37	96736	439772	1	46	17.4	57	8.9	0	114	174	0	0	0
2372223	2576221495	174	2	51	38	439772	96736	1	60.7	11	55.1	22.9	0	114	174	0	0	0
2372223	2576221517	174	2	51	40	96736	220182	1	58.5	25.8	66.7	42.5	0	114	174	0	0	0
2372223	2576221593	174	2	51	42	220182	195385	1	68.5	43.4	67.2	97.2	0	114	174	0	0	0
2372223	2576221643	174	2	51	48	195385	197326	1	68.4	91.1	61.1	71.7	0	114	174	0	0	0
2372223	2576221657	174	2	51	50	197326	197314	1	61.1	71.7	57	89	0	114	174	0	0	0
2372223	2576221677	174	2	51	51	197314	440593	1	57	89	48.2	57.6	0	114	174	0	0	0
2372223	2576221719	174	2	51	54	440593	59062	1	48.2	57.6	59.8	6.4	0	114	174	0	0	0
2372223	2576221755	174	2	51	58	59062	439772	1	67.3	8.5	74.1	28.5	0	114	174	0	0	0
2372223	2576221787	174	2	52	0	439772	59062	1	70.7	25.4	89.2	9.9	0	114	174	0	0	0
2372223	2576222249	174	2	52	26	195385	440593	1	99.5	0.5	92.7	44.9	0	114	175	2	0	6
2372223	2576222301	174	2	52	32	96736	0	0	78.5	70.5	86.2	46.8	0	114	176	0	0	0
2372223	2576222417	174	2	52	37	437554	0	0	77.9	29.2	88.8	11.9	0	0	0	0	3	0
2372223	2576222511	186	2	52	40	227166	0	0	8.8	92.9	27.3	101.6	0	115	177	0	0	0
2372223	2576222687	174	2	52	49	59062	439772	1	70.9	0	69.9	15.9	0	116	178	0	0	0
2372223	2576222693	174	2	52	51	439772	59062	1	67.7	16.3	68.8	3.4	0	116	178	0	0	0
2372223	2576222701	174	2	52	54	59062	197326	1	69	4.4	66.3	9.5	0	116	178	0	3	0
2372223	2576222711	174	2	52	54	197326	439772	1	66.3	9.5	70.8	13.7	0	116	178	0	0	0
2372223	2576222751	174	2	52	56	439772	59062	1	70.8	13.7	75.3	5.6	0	116	178	0	0	0
2372223	2576222791	174	2	52	57	59062	195385	1	75.3	5.6	77.3	22.2	0	116	178	0	0	0
2372223	2576222805	174	2	52	59	195385	220182	1	80.6	23.1	85.6	23.5	0	116	178	0	0	0
2372223	2576222833	186	2	53	1	219292	223255	1	17.3	61.4	20.7	46.9	0	117	179	0	0	0
2372223	2576222841	186	2	53	3	223255	88483	1	20.7	46.9	11.4	41.9	0	117	179	0	0	0
2372223	2576222879	186	2	53	4	88483	223255	1	10.5	35.9	24.1	12.2	0	117	179	0	0	0
2372223	2576222995	174	2	53	12	197314	96736	1	62.7	100	57.6	84.5	0	118	180	0	0	0
2372223	2576223023	174	2	53	15	96736	439772	1	58.5	81.6	65	63.1	0	118	180	0	0	0
2372223	2576223093	174	2	53	16	439772	197326	1	64.8	60.5	54.2	56.4	0	118	180	0	0	0
2372223	2576223123	174	2	53	21	197326	96736	1	57.3	46.4	65.7	63.5	0	118	180	0	0	0
2372223	2576223151	174	2	53	23	96736	197314	1	65.2	73	65.6	89.9	0	118	180	0	0	0
2372223	2576223189	174	2	53	25	197314	96736	1	69.6	89.1	69.7	70.6	0	118	180	0	0	0
2372223	2576223211	174	2	53	27	96736	219292	100	69.7	70.6	75.2	60.2	0	118	180	0	0	0
2372223	2576223241	186	2	53	29	244855	475561	1	26.9	37.7	28.1	54.3	0	119	181	0	0	0
2372223	2576223311	186	2	53	31	475561	0	0	28.4	55.1	62.4	89.7	0	119	181	0	0	0
2372223	2576223367	174	2	53	36	437554	59062	1	36.4	12.5	56.1	7.6	0	120	182	0	0	0
2372223	2576223393	174	2	53	39	59062	439772	1	56.4	7.3	63.5	25.6	0	120	182	0	0	0
2372223	2576223429	174	2	53	41	439772	220182	1	61.4	20.7	65.8	14.9	0	120	182	0	0	0
2372223	2576223457	174	2	53	41	220182	439772	1	66	15.5	60.5	24.4	0	120	182	0	0	0
2372223	2576223535	174	2	53	44	439772	197314	1	68.9	30.3	63.5	63.9	0	120	182	0	0	0
2372223	2576223643	174	2	53	49	197314	197334	1	67.4	74.8	77.9	92.5	0	120	182	0	0	0
2372223	2576223659	174	2	53	52	197334	195385	1	78.8	87.4	86.8	71.5	0	120	182	0	0	0
2372223	2576223719	174	2	53	56	195385	197314	1	86.6	86.3	77.4	88.6	0	120	182	0	0	0
2372223	2576223741	174	2	53	59	197314	0	0	88.8	84.9	97.3	47.6	0	120	182	2	0	0
2372223	2576223945	186	2	54	9	224965	102380	1	7.1	51.2	9.8	28.5	0	121	183	0	0	0
2372223	2576224031	186	2	54	15	102380	224965	1	12.8	30.1	6	52.1	0	121	183	0	0	0
2372223	2576224105	186	2	54	17	224965	50188	1	6	52.1	9	74.2	0	121	183	0	0	0
2372223	2576224121	186	2	54	22	50188	475561	1	11.7	75	19.5	67.3	0	121	183	0	0	0
2372223	2576224153	186	2	54	23	475561	50188	1	19.5	67.3	10.8	82.3	0	121	183	0	0	0
2372223	2576224187	186	2	54	25	50188	227166	1	11.8	89	19.2	96.9	0	121	183	0	0	0
2372223	2576224225	186	2	54	27	227166	50188	1	16.7	97.2	7.1	92.3	0	121	183	0	0	0
2372223	2576224267	186	2	54	29	50188	224965	1	7.1	92.3	2.9	69.7	0	121	183	0	0	0
2372223	2576224319	186	2	54	30	224965	0	0	2.9	69.7	21.2	102	0	121	183	0	0	0
2372223	2576224497	174	2	54	41	59062	220182	1	73.6	0	80.7	15.5	0	122	184	0	0	0
2372223	2576224511	174	2	54	42	220182	59062	1	80.1	14.5	78.9	4.6	0	122	184	0	0	0
2372223	2576224581	174	2	54	43	59062	0	1	80.5	4	84.6	4.8	0	122	184	0	0	0
2372223	2576225099	174	2	55	23	195385	0	0	86.9	10.8	89.9	53	0	122	185	2	0	5
2372223	2576225269	186	2	55	34	224965	102380	1	9.1	49.9	11.5	28.3	0	123	186	0	0	0
2372223	2576225287	186	2	55	39	102380	0	0	24.1	18.2	63.4	42.7	0	123	186	0	0	0
2372223	2576225375	174	2	55	43	440593	212769	1	26.6	60.8	7.5	44.5	0	124	187	0	0	0
2372223	2576225421	174	2	55	48	212769	59062	1	9.2	43.9	36.7	8.8	0	124	187	0	0	0
2372223	2576225479	174	2	55	51	59062	197326	1	39	9.4	35.1	29.1	0	124	187	0	0	0
2372223	2576225519	174	2	55	55	197326	59062	1	43.8	27.1	59.3	6.4	0	124	187	0	0	0
2372223	2576225535	174	2	55	58	59062	195385	1	62.3	5.4	68.8	23.5	0	124	187	0	0	0
2372223	2576225559	174	2	55	59	195385	0	1	67.7	25.2	62.6	14.7	0	124	187	0	0	0
2372223	2576225565	174	2	56	0	197326	195385	1	62.3	13.7	67	16.5	0	124	187	0	0	0
2372223	2576225605	174	2	56	2	195385	0	0	66.3	15	70.5	-1	0	124	187	0	0	0
2372223	2576225691	186	2	56	9	227166	50188	1	29.8	100	16.4	92.7	0	125	188	0	0	0
2372223	2576225777	186	2	56	12	50188	224965	1	14.9	89.4	4.5	61.5	0	125	188	0	0	0
2372223	2576225803	186	2	56	17	224965	50188	1	5	66.9	7.3	90.2	0	125	188	0	0	0
2372223	2576225819	186	2	56	19	50188	197326	100	9.7	92.5	18.8	84.9	0	125	188	0	0	0
2372223	2576225873	186	2	56	20	50188	246333	1	12.7	87.6	38.6	95	0	125	189	0	0	0
2372223	2576225927	186	2	56	23	246333	244855	1	40.5	95	35.5	91.1	0	125	189	0	3	0
2372223	2576226023	186	2	56	27	244855	246333	1	55.8	84.4	78.8	85.3	0	125	189	0	0	0
2372223	2576226427	174	2	56	57	212769	197314	1	10.4	30.1	23.6	91.9	0	126	190	0	0	5
2372223	2576226447	174	2	56	59	197314	439772	1	21.9	95.8	32.8	94.4	0	126	190	0	0	0
2372223	2576226459	174	2	57	2	439772	197314	1	32.3	94.4	24.6	90.7	0	126	190	0	0	0
2372223	2576226481	174	2	57	3	197314	220182	1	26.8	89.4	40.6	80.4	0	126	190	0	0	0
2372223	2576226489	174	2	57	4	220182	0	0	42.2	77.9	33.9	73.2	0	126	190	0	0	0
2372223	2576226537	186	2	57	6	223255	475561	1	64.4	34	55.1	45.4	0	127	191	0	0	0
2372223	2576226591	186	2	57	8	475561	227166	1	53.1	45.5	55.2	67.9	0	127	191	0	0	0
2372223	2576226659	186	2	57	12	227166	246333	1	66.1	84.5	86.8	95.4	0	127	191	0	0	0
2372223	2576226683	186	2	57	18	246333	475561	1	91.4	85.3	78.2	64.6	0	127	191	0	0	0
2372223	2576226845	174	2	57	25	439772	0	1	34	66.1	59.6	94.5	0	128	192	0	0	0
2372223	2576226851	174	2	57	31	197334	0	0	74.1	82.2	80.3	58.8	0	128	192	0	0	0
2372223	2576226913	186	2	57	34	475561	102380	1	23.2	37.7	15.7	31.2	0	129	193	0	0	0
2372223	2576226927	186	2	57	37	102380	88483	1	17.1	31.2	16.4	14.9	0	129	193	0	0	0
2372223	2576226961	186	2	57	38	88483	244855	1	16.6	17.4	21.7	7.4	0	129	193	0	0	0
2372223	2576227137	186	2	57	50	244855	246333	1	73	46.1	76.7	70.6	0	129	193	0	0	0
2372223	2576227187	186	2	57	53	246333	244855	1	77.5	67	94.2	68.2	0	129	193	0	0	0
2372223	2576227195	186	2	57	56	244855	0	0	94.3	67.8	96.2	54	0	129	193	0	0	0
2372223	2576227375	174	2	58	6	59062	96736	1	39.9	30.3	35.3	42.3	0	130	194	0	0	0
2372223	2576227429	174	2	58	9	96736	439772	1	38.3	53.4	54.4	76.6	0	130	194	0	0	0
2372223	2576227451	174	2	58	14	439772	197334	1	69.5	86.3	78.3	93.6	0	130	194	0	0	0
2372223	2576227463	174	2	58	16	197334	439772	1	78.3	93.8	67.4	90.6	0	130	194	0	0	0
2372223	2576227499	174	2	58	18	439772	96736	1	67.4	90.6	67.2	71.5	0	130	194	0	0	0
2372223	2576227555	174	2	58	20	96736	197326	1	69.2	68.4	73.2	59	0	130	194	0	0	0
2372223	2576227663	186	2	58	29	224965	223255	1	8.7	45.4	26.9	47	0	131	195	0	0	0
2372223	2576227725	186	2	58	34	223255	244855	1	42.2	67	53.6	68.2	0	131	195	0	0	0
2372223	2576227813	186	2	58	36	244855	227166	1	48	70.9	57.4	94.8	0	131	195	0	0	0
2372223	2576227849	186	2	58	40	227166	223255	1	61	97.2	52.1	96.6	0	131	195	0	0	0
2372223	2576227865	186	2	58	42	223255	246333	1	52.1	96.6	56.5	83.8	0	131	195	0	0	0
2372223	2576227887	186	2	58	43	246333	223255	1	56.5	83.8	51.5	96.5	0	131	195	0	0	0
2372223	2576227935	186	2	58	44	223255	246333	1	53.3	95.3	52.1	85.7	0	131	195	0	0	0
2372223	2576228039	186	2	58	49	246333	88483	1	60.4	70.6	78.1	28.6	0	131	195	0	0	0
2372223	2576228091	186	2	58	56	88483	246333	1	95.6	22.2	89.5	23.6	0	131	195	0	0	0
2372223	2576228297	174	2	59	10	197314	0	1	3.8	91.3	11.7	91.9	0	132	196	0	0	0
2372223	2576228707	174	2	59	43	212769	220182	1	11.9	90	73.3	61.7	0	132	197	0	0	5
2372223	2576228719	174	2	59	47	220182	96736	1	73.1	66.2	61.4	63.7	0	132	197	0	0	0
2372223	2576228789	174	2	59	52	96736	0	0	61.5	59.8	62.1	57.3	0	132	197	0	0	0
2372223	2576228841	174	2	59	58	59062	437554	1	45.1	4.3	33	27.9	0	132	198	0	0	0
2372223	2576228879	174	2	60	0	437554	212769	1	32.9	26.2	13	44.5	0	132	198	0	0	0
2372223	2576228937	174	2	60	3	212769	440593	1	14.4	50.1	24.8	71.7	0	132	198	0	0	0
2372223	2576228975	174	2	60	7	440593	437554	1	25.2	71.4	27.4	34.5	0	132	198	0	0	0
2372223	2576229061	174	2	60	10	437554	59062	1	26.5	27	37.2	9.3	0	132	198	0	0	0
2372223	2576229131	174	2	60	14	59062	197326	1	37.6	7.9	36.4	35.8	0	132	198	0	0	0
2372223	2576229179	174	2	60	17	197326	197314	1	37.1	45.5	44.8	91.2	0	132	198	0	0	0
2372223	2576229191	174	2	60	20	197314	439772	1	44.8	91.2	62	86.3	0	132	198	0	0	0
2372223	2576229199	174	2	60	21	439772	197314	1	62	86.3	57.7	76.9	0	132	198	0	0	0
2372223	2576229211	174	2	60	23	197314	197326	1	57.6	75.3	51.3	79.4	0	132	198	0	0	0
2372223	2576229243	174	2	60	25	197326	439772	1	51.4	79.7	62.8	94.4	0	132	198	0	0	0
2372223	2576229257	174	2	60	27	439772	197314	1	61.5	94.4	58.4	75.8	0	132	198	0	0	0
2372223	2576229267	174	2	60	28	197314	197326	1	57.8	79.1	51.7	89.8	0	132	198	0	0	0
2372223	2576229309	174	2	60	29	197326	96736	1	52.3	87.8	55.4	65.8	0	132	198	0	0	0
2372223	2576229369	174	2	60	33	96736	59062	1	62.3	60.5	75.4	7.6	0	132	198	0	0	0
2372223	2576229401	174	2	60	38	59062	0	0	86.8	8.7	96.4	49.7	0	132	198	2	0	0
2372223	2576229495	186	2	60	41	224965	475561	1	10.7	41.9	23.4	41	0	133	199	0	0	0
2372223	2576229577	186	2	60	52	475561	223255	1	54.3	73.8	61.5	86.8	0	133	199	0	0	0
2372223	2576229619	186	2	60	56	440077	223255	1	67.7	81.2	72	76	0	133	200	0	0	0
2372223	2576229661	186	2	60	58	223255	440077	1	72.1	76	67.8	71.2	0	133	200	0	0	0
2372223	2576229713	186	2	61	1	440077	244855	1	68.3	63.7	73.9	27.3	0	133	200	0	0	0
2372223	2576229737	186	2	61	4	244855	0	0	78.2	30.7	91.2	56.7	0	133	200	0	0	0
2372223	2576230221	186	2	61	45	50188	0	0	99.5	0.5	93.1	44.8	0	133	201	2	0	6
2372223	2576230315	174	2	61	53	439772	197334	1	32.9	56.9	46.2	40.2	0	134	202	0	0	0
2372223	2576230405	174	2	61	59	197334	0	0	56.4	26	74.9	19.4	0	134	202	0	0	0
2372223	2576230447	186	2	62	2	227166	475561	1	23.3	80.2	29.7	79.6	0	135	203	0	0	0
2372223	2576230521	186	2	62	4	475561	219292	1	29.4	79.4	29	70.6	0	135	203	0	0	0
2372223	2576230585	186	2	62	9	219292	227166	1	45.7	64.9	72	92.4	0	135	203	0	0	0
2372223	2576230623	186	2	62	13	227166	0	0	77.6	86.6	100.6	20.6	0	135	203	2	0	0
2372223	2576231053	174	2	62	52	212769	0	0	4.8	49.9	67.4	39.1	0	136	204	0	0	0
2372223	2576231131	174	2	63	0	96736	197314	1	48.4	36.1	47.1	68.2	0	136	205	0	0	0
2372223	2576231155	174	2	63	3	197314	195385	1	48.9	74.2	63.6	90.6	0	136	205	0	0	0
2372223	2576231163	174	2	63	4	195385	439772	1	63.6	90.6	73.1	90.5	0	136	205	0	0	0
2372223	2576231229	174	2	63	8	439772	195385	1	79.4	74.2	94.4	71.7	0	136	205	0	0	0
2372223	2576231239	174	2	63	10	195385	0	0	94.4	71.7	94.7	54.5	0	136	205	0	0	0
2372223	2576231323	174	2	63	16	197314	197326	1	72.9	88.4	71.5	55	0	136	206	0	0	0
2372223	2576231357	174	2	63	19	197326	59062	1	70.1	55	75.5	26.6	0	136	206	0	0	0
2372223	2576231411	174	2	63	21	59062	0	0	76.4	27.7	96.2	53.8	0	136	206	2	0	0
2372223	2576231919	174	2	64	12	195385	197314	1	99.5	99.5	86	85.7	0	136	207	0	0	6
2372223	2576231941	174	2	64	15	197314	88483	100	86.6	85.1	94.5	83.2	0	136	207	0	0	0
2372223	2576232253	186	2	64	40	50188	102380	1	4.2	61.7	5	33.7	0	137	208	0	0	0
2372223	2576232269	186	2	64	45	102380	219292	1	13.2	27.9	21.1	33.6	0	137	208	0	0	0
2372223	2576232311	186	2	64	47	219292	224965	1	19.8	30.5	5.8	52	0	137	208	0	0	0
2372223	2576232339	186	2	64	50	224965	227166	1	6.1	54.4	22.8	96.2	0	137	208	0	0	0
2372223	2576232379	186	2	64	53	227166	50188	1	19.8	95.7	7.4	86.2	0	137	208	0	0	0
2372223	2576232423	186	2	64	56	50188	0	0	3	90.3	38.6	89.4	0	137	208	0	0	0
2372223	2576232483	174	2	65	0	437554	0	0	61.5	9.8	70	7.6	0	138	209	0	3	0
2372223	2576232493	186	2	65	2	227166	244855	1	28.5	89.1	34.9	86.2	0	139	210	0	0	0
2372223	2576232509	186	2	65	3	244855	475561	1	35.2	86.2	31.6	76.7	0	139	210	0	0	0
2372223	2576232551	186	2	65	5	475561	223255	1	31	75.7	43.6	46.6	0	139	210	0	0	0
2372223	2576232589	186	2	65	7	223255	219292	1	44.9	43.7	41.3	17.2	0	139	210	0	0	0
2372223	2576232611	186	2	65	10	219292	440077	1	41.4	18.9	54.5	4.7	0	139	210	0	0	0
2372223	2576232647	186	2	65	12	440077	219292	1	54.5	4.7	56.1	17.7	0	139	210	0	0	0
2372223	2576232735	186	2	65	14	219292	475561	1	62.2	25.6	57.4	60.9	0	139	210	0	0	0
2372223	2576232769	174	2	65	22	59062	439772	1	28.2	45	32	61.4	0	140	211	0	0	0
2372223	2576232949	174	2	65	38	59846	197314	1	61.3	100	48.6	93	0	140	212	0	0	0
2372223	2576232979	174	2	65	39	197314	59846	1	48.6	93	56.1	92.6	0	140	212	0	0	0
2372223	2576232997	174	2	65	46	59846	197314	1	56.8	86.9	55.4	95.3	0	140	212	0	0	0
2372223	2576233033	174	2	65	48	197314	440593	1	55.2	95.4	41.3	79.3	0	140	212	0	0	0
2372223	2576233043	174	2	65	51	440593	0	0	40.7	77	45.3	47.5	0	140	212	0	0	0
2372223	2576233075	186	2	65	54	246333	440077	1	60.5	47	66.1	38	0	141	213	0	0	0
2372223	2576233127	186	2	65	57	440077	246333	1	74	37.9	91.4	67.6	0	141	213	0	0	0
2372223	2576233201	174	2	66	7	59062	244855	100	25.4	9.5	24.9	18	0	142	214	0	0	0
2372223	2576233251	174	2	66	10	437554	0	0	9.2	5.6	37	-1.3	0	142	215	0	0	0
2372223	2576233461	186	2	66	23	227166	50188	1	70.9	100	59.6	83.9	0	143	216	0	0	0
2372223	2576233465	186	2	66	24	50188	102380	1	59.6	83.9	45	47.8	0	143	216	0	0	0
2372223	2576233469	186	2	66	26	102380	88483	1	46	46.4	61.3	24.8	0	143	216	0	0	0
2372223	2576233481	186	2	66	28	88483	102380	1	60.1	28.1	46.4	43.9	0	143	216	0	0	0
2372223	2576233517	186	2	66	31	102380	50188	1	46.7	44.5	46.2	72.1	0	143	216	0	0	0
2372223	2576233557	186	2	66	37	50188	246333	1	58	81.1	65.2	74.1	0	143	216	0	0	0
2372223	2576234079	186	2	67	40	440077	223255	1	79.5	76.1	78.5	71.9	0	143	217	0	0	5
2372223	2576234199	174	2	67	50	212769	440593	1	3.7	46.8	13.7	71.5	0	144	218	0	0	0
2372223	2576234213	174	2	67	55	440593	59062	1	11	65.5	30.3	9.5	0	144	218	0	0	0
2372223	2576234221	174	2	68	0	59062	96736	1	32.8	10.7	36.7	25.9	0	144	218	0	0	0
2372223	2576234233	174	2	68	1	96736	220182	1	36.7	25.9	51.8	42.7	0	144	218	0	0	0
2372223	2576234257	174	2	68	2	220182	59846	1	53.4	43.3	54.8	66.6	0	144	218	0	0	0
2372223	2576234273	174	2	68	5	59846	195385	1	56.6	69.9	68	92.3	0	144	218	0	0	0
2372223	2576234319	174	2	68	11	195385	59846	1	80.5	88	74.4	72.1	0	144	218	0	0	0
2372223	2576234331	174	2	68	13	59846	96736	1	75.8	70.9	74.6	38	0	144	218	0	0	0
2372223	2576234359	174	2	68	16	96736	197334	1	76.4	38.6	85.1	24.6	0	144	218	0	0	0
2372223	2576234377	174	2	68	19	197334	0	0	86.3	24.4	87.6	27	0	144	218	2	0	0
2372223	2576234417	174	2	68	23	437554	59062	1	65.3	25.2	71.9	11.7	0	144	219	0	3	0
2372223	2576234431	174	2	68	26	59062	96736	1	71.9	11.7	68.7	27.1	0	144	219	0	0	0
2372223	2576234443	174	2	68	28	96736	59846	1	68.1	28.3	68.3	41.8	0	144	219	0	0	0
2372223	2576234475	174	2	68	29	59846	197314	1	69.8	44	69.1	62.4	0	144	219	0	0	0
2372223	2576234513	174	2	68	33	197314	195385	1	72.4	65.5	77.8	92	0	144	219	0	0	0
2372223	2576234535	174	2	68	37	195385	0	0	80.2	90.8	95.5	44.2	0	144	219	2	0	0
2372223	2576234749	174	2	68	42	439772	0	0	77.1	72.1	74.9	73.8	0	0	0	0	3	0
2372223	2576234775	186	2	69	10	88483	475561	1	54.1	0	58.4	35.4	0	145	221	0	0	0
2372223	2576234873	186	2	69	22	244855	246333	1	68.9	58.3	83.1	67.4	0	147	223	0	0	0
2372223	2576234907	186	2	69	29	223255	0	0	75.1	35.2	74.7	49.7	0	147	224	0	0	0
2372223	2576234971	174	2	69	32	96736	195385	1	23.3	64.5	28.3	83.9	0	148	225	0	0	0
2372223	2576234977	174	2	69	33	195385	223255	100	27.9	81.4	31.5	78.9	0	148	225	0	0	0
2372223	2576235001	174	2	69	37	195385	439772	1	30.6	100	30.8	83.5	0	148	226	0	0	0
2372223	2576235013	174	2	69	41	439772	96736	1	34.8	85.5	37.3	70.1	0	148	226	0	0	0
2372223	2576235021	174	2	69	42	96736	439772	1	39	67.6	35.3	74.6	0	148	226	0	0	0
2372223	2576235027	174	2	69	43	439772	96736	1	30.9	73.9	39.3	72.3	0	148	226	0	0	0
2372223	2576235037	174	2	69	44	96736	0	1	39.3	72.3	35.8	66.1	0	148	226	0	3	0
2372223	2576235377	186	2	70	29	223255	102380	1	55.3	23.3	43.3	25.2	0	149	227	0	0	5
2372223	2576235385	186	2	70	32	102380	44989	1	42.9	28.7	46.7	45.2	0	149	227	0	0	0
2372223	2576235399	186	2	70	33	44989	50188	1	47.5	47.8	35.2	59.3	0	149	227	0	0	0
2372223	2576235423	186	2	70	35	50188	102380	1	34.8	59.4	36.1	36.3	0	149	227	0	0	0
2372223	2576235431	186	2	70	37	102380	50188	1	36.1	36.3	29.9	67.3	0	149	227	0	0	0
2372223	2576235451	186	2	70	41	50188	44989	1	29.8	67	38.2	72	0	149	227	0	0	0
2372223	2576235467	186	2	70	44	44989	102380	1	30.6	61.6	32.9	37.5	0	149	227	0	0	0
2372223	2576235477	186	2	70	45	102380	223255	1	34.2	33.8	45.4	28.5	0	149	227	0	0	0
2372223	2576235493	186	2	70	47	223255	88483	1	43.5	32.2	43.2	9.1	0	149	227	0	0	0
2372223	2576235497	186	2	70	48	88483	223255	1	43.2	7.7	44.7	17.8	0	149	227	0	0	0
2372223	2576235499	186	2	70	49	223255	88483	1	46.8	17.4	41	7.4	0	149	227	0	0	0
2372223	2576235515	186	2	70	50	88483	102380	1	41	7.4	29.5	19.1	0	149	227	0	0	0
2372223	2576235543	186	2	70	52	102380	224965	1	28.3	21.2	14.4	49.4	0	149	227	0	0	0
2372223	2576235559	186	2	70	56	224965	50188	1	14.5	49.7	19.8	62.1	0	149	227	0	0	0
2372223	2576235569	186	2	70	57	50188	44989	1	19.2	62.5	26.9	60.6	0	149	227	0	0	0
2372223	2576235571	186	2	70	58	44989	220182	100	26.4	62.9	23.2	52	0	149	227	0	0	0
2372223	2576235633	174	2	71	8	439772	59062	1	66.8	60.9	69	11.3	0	150	228	0	0	0
2372223	2576235653	174	2	71	12	59062	0	0	71.1	13.9	90.9	50.7	0	150	228	2	0	0
2372223	2576235731	174	2	71	24	470511	0	0	94.8	81.7	94.8	79.3	0	152	230	2	0	0
2372223	2576235893	174	2	71	47	195385	0	0	99.5	99.5	97.9	55.5	0	152	231	2	0	6
2372223	2576235931	174	2	71	54	195385	220182	1	87.5	93.1	89.7	60.6	0	152	232	2	0	0
2372223	2576235937	174	2	71	55	220182	439772	1	90.7	59	87.2	69.3	0	152	232	0	0	0
2372223	2576236043	174	2	72	14	195385	0	0	99.5	99.5	97.4	48.2	0	152	233	2	0	6
2372223	2576236057	186	2	72	17	246333	440077	1	14.5	43.7	12.7	47.6	0	153	234	0	0	0
2372223	2576236061	186	2	72	18	440077	0	0	12.8	47.6	28.8	68	0	153	234	0	0	0
2372223	2576236077	174	2	72	21	96736	0	0	69.4	30.3	91.9	45.6	0	0	0	0	3	0
2372223	2576236087	186	2	72	25	224965	44989	1	8.5	53.3	22	78.2	0	153	235	0	0	0
2372223	2576236109	186	2	72	28	44989	244855	1	25.1	81.4	36.5	94.4	0	153	235	0	0	0
2372223	2576236137	186	2	72	31	244855	0	0	37.2	85.9	71.5	31.2	0	153	235	0	0	0
2372223	2576236161	174	2	72	34	470511	59846	1	30.5	65.5	33.3	51.3	0	0	0	0	3	0
2372223	2576236179	174	2	72	36	59846	212769	1	33.6	50.5	15.4	48.5	0	154	236	0	3	0
2372223	2576236195	174	2	72	42	212769	59846	1	15.6	47.8	26.7	48.1	0	154	236	0	0	0
2372223	2576236205	174	2	72	44	59846	59062	1	30.1	45.2	37.8	11.4	0	154	236	0	0	0
2372223	2576236221	174	2	72	48	59062	197334	1	37.8	11.4	53.7	3.7	0	154	236	0	0	0
2372223	2576236233	174	2	72	49	197334	59062	1	53.7	2.9	39.7	4.6	0	154	236	0	0	0
2372223	2576236267	174	2	72	52	59062	59846	1	37.9	6.2	43.3	28.5	0	154	236	0	0	0
2372223	2576236281	174	2	72	55	59846	439772	1	46	34.2	47	56.5	0	154	236	0	0	0
2372223	2576236287	174	2	72	57	439772	470511	1	52.7	60	59.4	85.7	0	154	236	0	0	0
2372223	2576236313	174	2	73	1	470511	0	0	68.4	89.6	101	28.3	0	154	236	2	0	0
2372223	2576236357	186	2	73	11	224965	102380	1	4.1	58.8	5.6	31.8	0	155	237	0	0	0
2372223	2576236375	186	2	73	13	102380	224965	1	5.6	31.8	3	52.7	0	155	237	0	0	0
2372223	2576236411	186	2	73	16	224965	227166	1	3	52.7	24.1	94.2	0	155	237	0	0	0
2372223	2576236415	186	2	73	25	227166	0	0	38.2	88.8	85	65.8	0	155	237	0	0	0
2372223	2576236429	174	2	73	30	212769	470511	1	12.8	37.7	27.2	75.6	0	156	238	0	0	0
2372223	2576236485	174	2	73	38	470511	59846	1	47	76.1	48.5	67.2	0	156	238	0	0	0
2372223	2576236493	174	2	73	39	59846	470511	1	47.2	70.1	47.7	77.3	0	156	238	0	0	0
2372223	2576236519	174	2	73	40	470511	96736	1	47.4	76.5	46.2	44.7	0	156	238	0	0	0
2372223	2576236549	174	2	73	44	96736	59062	1	48.2	42.4	60.7	4.7	0	156	238	0	0	0
2372223	2576236591	174	2	73	47	59062	197334	1	66.2	7.5	71.4	3.4	0	156	238	0	0	0
2372223	2576236605	174	2	73	52	197334	0	0	75.2	26.2	97.7	50.7	0	156	238	0	0	0
2372223	2576236667	186	2	73	59	224965	50188	1	2.4	49.7	9.8	62.3	0	157	239	0	0	0
2372223	2576236685	186	2	74	2	50188	44989	1	9.2	68.4	11.9	85.4	0	157	239	0	0	0
2372223	2576236701	186	2	74	4	44989	227166	1	12.8	86.6	25.4	97.9	0	157	239	0	0	0
2372223	2576236703	186	2	74	6	227166	50188	1	22.1	97.3	23.1	88	0	157	239	0	0	0
2372223	2576236723	186	2	74	7	50188	44989	1	22.5	88.8	24.8	95.2	0	157	239	0	0	0
2372223	2576236749	186	2	74	9	44989	50188	1	28.5	96.2	24.6	85.7	0	157	239	0	0	0
2372223	2576236817	186	2	74	12	50188	440077	1	30.6	86.3	54.3	13.7	0	157	239	0	0	0
2372223	2576236857	174	2	74	25	212769	96736	1	12.3	57	28.6	43.1	0	158	240	0	0	0
2372223	2576236907	174	2	74	29	96736	59062	1	37.8	34.9	33.4	10.4	0	158	240	0	0	0
2372223	2576237095	186	2	74	56	44989	227166	1	28.8	74.2	38.2	94.6	0	159	241	0	0	5
2372223	2576237099	186	2	74	58	227166	44989	1	37.6	91.1	31.3	75.8	0	159	241	0	0	0
2372223	2576237105	186	2	75	0	44989	246333	1	32.3	75.6	40.6	75	0	159	241	0	0	0
2372223	2576237117	186	2	75	1	246333	44989	1	41.7	75.2	34	77.9	0	159	241	0	0	0
2372223	2576400233	186	2	75	3	44989	246333	1	39	79.8	41.4	73.2	0	159	241	0	0	0
2372223	2576400249	186	2	75	4	246333	44989	1	41.8	71.5	39.2	78.4	0	159	241	0	0	0
2372223	2576237127	186	2	75	5	44989	219292	1	32.2	77.5	32.6	44.9	0	159	241	0	0	0
2372223	2576237147	186	2	75	7	219292	102380	1	32.6	44.9	20.4	38.8	0	159	241	0	3	0
2372223	2576237163	186	2	75	9	102380	224965	1	20.4	38.8	9	55.7	0	159	241	0	0	0
2372223	2576237199	186	2	75	12	224965	44989	1	10.3	57.7	25.2	68.2	0	159	241	0	0	0
2372223	2576237579	174	2	75	58	195385	0	0	99.5	99.5	97.1	55.1	0	160	243	2	0	6
2372223	2576237695	174	2	76	5	195385	470511	1	87.1	100	83.1	93.6	0	160	244	0	0	0
2372223	2576237697	174	2	76	10	470511	0	0	82.1	95.6	84.3	92.3	0	160	244	0	0	0
2372223	2576237775	174	2	76	15	470511	59846	1	75.6	100	69.7	89.4	0	160	245	0	0	0
2372223	2576237797	174	2	76	17	59846	437554	1	69.5	86.6	55.3	57.1	0	160	245	0	0	0
2372223	2576237801	174	2	76	20	437554	59062	1	55.9	56	55.8	28	0	160	245	0	0	0
2372223	2576237815	174	2	76	22	59062	437554	1	57.3	35.1	46.2	54.2	0	160	245	0	0	0
2372223	2576237839	174	2	76	24	437554	59846	1	47.4	54.3	57.1	82.9	0	160	245	0	0	0
2372223	2576237849	174	2	76	28	59846	470511	1	62.4	84.9	74.5	95	0	160	245	0	0	0
2372223	2576237863	174	2	76	29	470511	59846	1	73.7	95	66.6	87.7	0	160	245	0	0	0
2372223	2576237899	174	2	76	31	59846	470511	1	65.1	86.8	73.8	95.6	0	160	245	0	0	0
2372223	2576237923	174	2	76	36	470511	96736	1	77.8	92.3	69	60	0	160	245	0	0	0
2372223	2576237945	174	2	76	38	96736	59062	1	69.2	59.4	81.1	23.5	0	160	245	0	0	0
2372223	2576238235	186	2	77	4	50188	224965	1	4.3	60.5	3.5	41.6	0	161	246	0	0	0
2372223	2576238251	186	2	77	6	224965	102380	1	3.5	41.6	10.2	15.3	0	161	246	0	0	0
2372223	2576238267	186	2	77	11	102380	0	0	10.3	15.3	60.9	27.7	0	161	246	0	0	0
2372223	2576238283	174	2	77	14	440593	96736	1	39	71.8	46.9	67.5	0	0	0	0	3	0
2372223	2576238287	174	2	77	15	96736	0	0	46.4	68.4	43.2	82.4	0	0	0	0	3	0
2372223	2576238341	186	2	77	23	88483	440077	1	71.4	15.6	81.9	9.7	0	161	247	0	0	0
2372223	2576238355	186	2	77	25	440077	88483	1	81.9	10.1	76	20.7	0	161	247	0	0	0
2372223	2576238365	186	2	77	26	88483	440077	1	75.9	20.7	77.3	9.5	0	161	247	0	0	0
2372223	2576238381	186	2	77	27	440077	223255	1	77.3	9.5	60	5.2	0	161	247	0	0	0
2372223	2576238391	186	2	77	30	223255	0	0	60.1	5.2	52.9	31	0	161	247	0	0	0
2372223	2576238437	186	2	77	34	219292	227166	1	55.4	45.4	58.7	94.4	0	161	248	0	0	0
2372223	2576238459	186	2	77	36	227166	44989	1	59.7	92.7	56.4	80	0	161	248	0	0	0
2372223	2576238501	186	2	77	39	44989	102380	1	54.1	75.4	46.6	41.5	0	161	248	0	0	0
2372223	2576238517	186	2	77	43	102380	50188	1	46.6	33.4	46.3	57.5	0	161	248	0	0	0
2372223	2576238535	186	2	77	46	50188	44989	1	46.2	58.4	46.2	71.7	0	161	248	0	0	0
2372223	2576238563	186	2	77	48	44989	50188	1	42.8	71.4	47	64.9	0	161	248	0	0	0
2372223	2576238607	186	2	77	51	50188	227166	1	52.6	75.1	64.3	97.2	0	161	248	0	0	0
2372223	2576238657	186	2	77	56	227166	50188	1	75.6	85.9	71.4	74.2	0	161	248	0	0	0
2372223	2576238711	186	2	77	58	50188	440077	1	72.4	78.3	82.8	91.3	0	161	248	0	0	0
2372223	2576238817	174	2	78	11	212769	437554	1	10.4	46.9	15.2	29.8	0	162	249	0	0	0
2372223	2576238837	174	2	78	16	437554	440593	1	22.3	27	15.7	63.1	0	162	249	0	0	0
2372223	2576238849	174	2	78	18	440593	470511	1	15.7	63.1	22.7	85.4	0	162	249	0	0	0
2372223	2576238875	174	2	78	21	470511	220182	1	23.9	88.1	55.1	63.9	0	162	249	0	0	0
2372223	2576238887	174	2	78	24	220182	0	0	53.4	63.5	64.5	39.6	0	162	249	0	3	0
2372223	2576238901	186	2	78	28	227166	44989	1	36.6	65.5	40.8	63.9	0	163	250	0	0	0
2372223	2576238907	186	2	78	29	44989	219292	1	41.2	63.9	43.6	53	0	163	250	0	0	0
2372223	2576238917	186	2	78	31	219292	244855	1	43.9	53	53.3	55.5	0	163	250	0	0	0
2372223	2576238923	186	2	78	32	244855	44989	1	52.1	54.8	45.5	65.4	0	163	250	0	0	0
2372223	2576238935	186	2	78	33	44989	219292	1	45.4	65.2	45.9	52.4	0	163	250	0	0	0
2372223	2576238961	186	2	78	35	219292	0	1	45.9	52.4	48.1	54.9	0	163	250	0	0	0
2372223	2576239317	186	2	79	31	244855	44989	1	47	50.5	45.2	67.6	0	163	251	0	0	5
2372223	2576239327	186	2	79	36	44989	227166	1	45.4	69.7	60.8	95.2	0	163	251	0	0	0
2372223	2576239339	186	2	79	40	227166	37055	1	61.7	97.3	70.7	95.4	0	163	251	0	0	0
2372223	2576239343	186	2	79	42	37055	0	0	68	95.8	69.4	94.8	0	163	251	0	0	0
2372223	2576239385	174	2	79	43	59062	59846	1	28.5	5.6	28.5	23.5	0	164	252	0	0	0
2372223	2576240171	174	2	79	44	59846	0	1	30.2	25.8	32.9	34	0	164	252	0	0	0
2372223	2576239389	174	2	79	48	96736	439772	1	31.8	45	43	62.5	0	164	252	0	0	0
2372223	2576239497	174	2	79	57	440593	470511	1	24	70.2	34.4	91.1	0	164	253	0	0	0
2372223	2576239519	174	2	80	0	470511	59846	1	34.4	91.1	32.6	58.7	0	164	253	0	0	0
2372223	2576239539	174	2	80	2	59846	437554	1	32.6	58.7	28.7	29.7	0	164	253	0	0	0
2372223	2576239547	174	2	80	5	437554	59062	1	33.6	17.1	40	4.4	0	164	253	0	0	0
2372223	2576239553	174	2	80	6	59062	437554	1	40	4.4	32.4	16.4	0	164	253	0	0	0
2372223	2576239563	174	2	80	8	437554	59062	1	32.4	16.4	39.6	6.4	0	164	253	0	0	0
2372223	2576239579	174	2	80	9	59062	59846	1	39.6	6.4	45.3	33.1	0	164	253	0	0	0
2372223	2576239597	174	2	80	11	59846	96736	1	44.9	32.4	46.2	47.4	0	164	253	0	0	0
2372223	2576239621	174	2	80	13	96736	470511	1	46.2	55.4	52.6	91.1	0	164	253	0	0	0
2372223	2576239649	174	2	80	18	470511	195385	1	56.3	90.7	67.7	73	0	164	253	0	0	0
2372223	2576239661	174	2	80	20	195385	96736	1	67.5	75.8	61.1	76.1	0	164	253	0	0	0
2372223	2576239685	174	2	80	22	96736	439772	1	63.5	71.9	65.5	58.3	0	164	253	0	0	0
2372223	2576239707	174	2	80	25	439772	59062	1	63.2	44	71.5	9.4	0	164	253	0	0	0
2372223	2576239743	174	2	80	29	59062	0	0	85.5	5.2	91	101	0	164	253	2	0	0
2372223	2576239887	186	2	80	54	88483	37055	1	13.9	0	32.1	9.5	0	165	254	0	0	0
2372223	2576239899	186	2	80	56	37055	0	0	32.9	7.9	31.2	18	0	165	254	0	3	0
2372223	2576239945	174	2	80	58	59846	0	1	68.1	84.5	52.1	84.7	0	166	255	0	0	0
2372223	2576239965	174	2	81	2	437554	0	1	55.3	75.6	62.5	75.4	0	166	255	0	0	0
2372223	2576239987	174	2	81	4	59846	470511	1	60.7	77.5	68.2	94.7	0	166	255	0	0	0
2372223	2576240001	174	2	81	7	470511	59846	1	67.5	88.6	59.4	71.9	0	166	255	0	0	0
2372223	2576240025	174	2	81	9	59846	59062	1	58.3	69.9	55.3	36.7	0	166	255	0	0	0
2372223	2576240053	174	2	81	13	59062	0	0	60.4	32.2	101.1	79.3	0	166	255	0	0	0
2372223	2576240255	186	2	81	36	224965	50188	1	3.3	57.8	11.9	72.9	0	167	256	0	0	0
2372223	2576240259	186	2	81	37	50188	227166	1	11.9	72.9	30.8	92	0	167	256	0	0	0
2372223	2576240273	186	2	81	40	227166	223255	1	30.8	92	53.7	93.8	0	167	256	0	0	0
2372223	2576240287	186	2	81	44	223255	244855	1	68.4	92.9	60.7	92.5	0	167	256	0	0	0
2372223	2576240307	186	2	81	47	244855	44989	1	61.4	90.5	52.8	78.7	0	167	256	0	0	0
2372223	2576240321	186	2	81	49	44989	37055	1	51.3	77.9	55.3	72.6	0	167	256	0	0	0
2372223	2576240323	186	2	81	50	37055	244855	1	57.7	75.6	59.4	91.5	0	167	256	0	0	0
2372223	2576240333	186	2	81	51	244855	37055	1	57	89.4	57.4	74.6	0	167	256	0	0	0
2372223	2576240345	186	2	81	54	37055	88483	1	54.4	73.8	84.3	9.8	0	167	256	0	0	0
2372223	2576240355	186	2	81	59	88483	0	0	85.9	11.6	90.5	34	0	167	256	0	0	0
2372223	2576240427	186	2	82	9	88483	37055	1	86.6	0	75.1	22.3	0	167	257	0	0	0
2372223	2576403069	186	2	82	11	37055	223255	1	74.1	19.9	76.1	30	0	167	257	0	0	0
2372223	2576240431	186	2	82	12	223255	0	0	76.5	27.2	93	26.8	0	167	257	0	0	0
2372223	2576240551	186	2	82	27	88483	37055	1	92.9	0	86.9	7.9	0	169	259	0	0	0
2372223	2576240561	186	2	82	30	37055	44989	1	84.3	5.9	63.8	29.7	0	169	259	0	0	0
2372223	2576240591	186	2	82	32	44989	227166	1	61.3	36.9	66.5	68.2	0	169	259	0	0	0
2372223	2576240605	186	2	82	35	227166	244855	1	63.3	72.7	66.8	84.5	0	169	259	0	0	0
2372223	2576240635	186	2	82	36	244855	50188	1	66.5	83.3	58.8	65.8	0	169	259	0	0	0
2372223	2576240649	186	2	82	39	50188	37055	1	61.3	69.3	68.2	38.2	0	169	259	0	0	0
2372223	2576240659	186	2	82	41	37055	88483	1	68.4	32.4	74.3	7.4	0	169	259	0	0	0
2372223	2576240687	186	2	82	44	88483	37055	1	74	6.2	69.7	20.4	0	169	259	0	0	0
2372223	2576240721	186	2	82	46	37055	88483	1	70.2	22.2	74	7.1	0	169	259	0	0	0
2372223	2576240741	186	2	82	48	88483	37055	1	77.3	7	75.1	25.2	0	169	259	0	0	0
2372223	2576240747	186	2	82	51	37055	88483	1	76.9	31.6	88.3	33	0	169	259	0	0	0
2372223	2576240755	186	2	82	52	88483	61316	1	90.2	35.5	87.5	43.5	0	169	259	0	0	0
2372223	2576240771	186	2	82	53	61316	37055	1	88.3	45.4	84	47	0	169	259	0	0	0
2372223	2576240873	174	2	83	8	212769	437554	1	14.3	47	22.1	25.8	0	170	260	0	0	0
2372223	2576240885	174	2	83	11	437554	59062	1	23.6	23.3	28.5	6.1	0	170	260	0	0	0
2372223	2576240905	174	2	83	12	59062	440593	1	28.3	9.1	16.3	56.7	0	170	260	0	0	0
2372223	2576240933	174	2	83	18	440593	470511	1	26.3	61.2	30.6	87.7	0	170	260	0	0	0
2372223	2576240969	174	2	83	20	470511	96736	1	30.6	87.7	42.2	67.2	0	170	260	0	0	0
2372223	2576240995	174	2	83	25	96736	437554	1	41.9	67	36.4	34.9	0	170	260	0	0	0
2372223	2576241021	174	2	83	28	437554	59062	1	38.6	33.4	43.6	12.6	0	170	260	0	0	0
2372223	2576241035	174	2	83	31	59062	0	0	44.7	11.9	72.3	9.4	0	170	260	0	0	0
2372223	2576241049	186	2	83	34	227166	44989	1	30.8	92.3	32	83	0	171	261	0	0	0
2372223	2576241065	186	2	83	35	44989	227166	1	31.9	83	31.4	95.6	0	171	261	0	0	0
2372223	2576241071	186	2	83	37	227166	244855	1	34.2	92.1	36.9	96.2	0	171	261	0	0	0
2372223	2576241089	186	2	83	37	244855	44989	1	36.7	96.2	26.4	86.9	0	171	261	0	0	0
2372223	2576241097	186	2	83	40	44989	50188	1	24.1	87	16	82.4	0	171	261	0	0	0
2372223	2576241135	186	2	83	40	50188	0	1	14	82	17.4	92	0	171	261	0	0	0
2372223	2576241333	186	2	84	3	50188	244855	1	21.4	92	55.3	86.3	0	171	262	0	0	5
2372223	2576241379	186	2	84	10	244855	227166	1	65.2	85.5	89.7	95.2	0	171	262	0	0	0
2372223	2576241393	186	2	84	14	227166	244855	1	91.4	92.3	79.2	84.4	0	171	262	0	0	0
2372223	2576241403	186	2	84	17	244855	37055	1	79.1	88.6	75.4	76.1	0	171	262	0	0	0
2372223	2576241411	186	2	84	18	37055	244855	1	77	77.9	78.5	87.1	0	171	262	0	0	0
2372223	2576241431	186	2	84	19	244855	37055	1	79.1	86.2	76.5	81.1	0	171	262	0	0	0
2372223	2576241449	186	2	84	21	37055	61316	1	74.3	79	75.3	64.6	0	171	262	0	0	0
2372223	2576241469	186	2	84	23	61316	88483	1	74.3	62.4	70.4	35.7	0	171	262	0	0	0
2372223	2576241475	186	2	84	25	88483	219292	1	71.7	30.6	67.2	38.2	0	171	262	0	0	0
2372223	2576241489	186	2	84	26	219292	223255	1	67.4	35.8	75.6	41.6	0	171	262	0	0	0
2372223	2576241491	186	2	84	27	223255	219292	1	75.2	41.3	70.4	44.3	0	171	262	0	0	0
2372223	2576241501	186	2	84	28	219292	37055	1	70.6	44.2	70.7	55.7	0	171	262	0	0	0
2372223	2576241511	186	2	84	29	37055	219292	1	70.7	55.7	69.4	48.5	0	171	262	0	0	0
2372223	2576241519	186	2	84	30	219292	44989	1	69.4	48.5	62.4	66	0	171	262	0	0	0
2372223	2576241525	186	2	84	31	44989	37055	1	60.8	66.2	67.8	63.1	0	171	262	0	0	0
2372223	2576241535	186	2	84	32	37055	219292	1	67.1	63.7	65.8	53.8	0	171	262	0	0	0
2372223	2576241541	186	2	84	33	219292	50188	1	67.7	55.7	61.3	56.7	0	171	262	0	0	0
2372223	2576241545	186	2	84	34	50188	219292	1	60.4	59.6	66.7	61.2	0	171	262	0	0	0
2372223	2576241573	174	2	84	37	59846	96736	1	37.3	44.3	34	45.6	0	172	263	0	0	0
2372223	2576241591	174	2	84	38	96736	197334	1	36	44.8	46.8	25.9	0	172	263	0	0	0
2372223	2576241621	186	2	84	43	227166	224965	1	29.5	72.3	7.1	53.9	0	173	264	0	0	0
2372223	2576241651	186	2	84	45	224965	102380	1	7.1	53.9	9.9	40.3	0	173	264	0	0	0
2372223	2576241673	186	2	84	48	102380	50188	1	9.9	40.3	20	67.5	0	173	264	0	0	0
2372223	2576241715	186	2	84	51	50188	224965	1	12.8	59.4	2.3	55.7	0	173	264	0	0	0
2372223	2576241757	186	2	84	56	224965	227166	1	4	58.3	14.8	96.2	0	173	264	0	0	0
2372223	2576241787	186	2	84	59	227166	219292	1	14	97.3	26.1	76.1	0	173	264	0	0	0
2372223	2576241793	186	2	85	2	219292	0	0	23.8	76.6	39.6	74.4	0	173	264	0	3	0
2372223	2576241837	174	2	85	3	437554	0	0	64.1	25	101.2	28.8	0	174	265	0	0	0
2372223	2576242015	186	2	85	35	224965	61316	1	4.8	51.8	62.8	69.5	0	175	266	0	0	0
2372223	2576242033	186	2	85	39	61316	0	0	58.4	70.5	74.1	68.6	0	175	266	0	3	0
2372223	2576242075	174	2	85	41	440593	212769	1	27.1	38	7.6	48.7	0	176	267	0	0	0
2372223	2576242091	174	2	85	45	212769	0	0	7.6	48.5	67.9	47.8	0	176	267	0	0	0
2372223	2576242105	186	2	85	48	102380	61316	1	31.6	51.5	52.7	59	0	177	268	0	3	0
2372223	2576242117	186	2	85	51	61316	0	1	53.5	57.8	53.8	71.4	0	177	268	0	0	0
2372223	2576242135	186	2	85	53	244855	59846	100	53.9	71.4	58.6	62.7	0	177	268	0	0	0
2372223	2576242221	174	2	85	56	437554	470511	1	27.6	38.2	30.8	66.6	0	178	269	0	0	0
2372223	2576242249	174	2	86	2	470511	59846	1	45.3	88	34.5	58.8	0	178	269	0	0	0
2372223	2576242261	174	2	86	4	59846	0	1	34	56.3	32.9	30.6	0	178	269	0	0	0
2372223	2576242273	174	2	86	8	437554	59062	1	34.7	30.6	43.4	11.1	0	178	269	0	0	0
2372223	2576242327	174	2	86	10	59062	197334	1	43.4	11.1	60.1	7.6	0	178	269	0	0	0
2372223	2576242569	186	2	86	50	227166	37055	1	41.1	88.1	41.6	75.9	0	179	270	0	0	5
2372223	2576242587	186	2	86	51	37055	88483	1	43.6	75	44.2	5.6	0	179	270	0	0	0
2372223	2576242665	174	2	87	0	470511	440593	1	53.2	100	30.8	85	0	180	271	0	0	0
2372223	2576242709	174	2	87	3	440593	437554	1	28	76.9	28.7	51	0	180	271	0	0	0
2372223	2576242731	174	2	87	10	437554	59846	1	29.7	56.1	39.2	73.9	0	180	271	0	0	0
2372223	2576242753	174	2	87	13	59846	220182	1	41.2	65.8	47.9	33.9	0	180	271	0	0	0
2372223	2576242757	174	2	87	15	220182	0	0	47.9	33.9	47.3	31.8	0	180	271	0	0	0
2372223	2576247199	186	2	87	16	50188	0	0	52.4	68.4	48.3	53.8	0	181	272	0	0	0
2372223	2576242821	174	2	87	19	59846	470511	1	54.1	48.7	57.9	79	0	182	273	0	0	0
2372223	2576242859	174	2	87	24	470511	439772	1	66.4	79.6	68.5	68.2	0	182	273	0	0	0
2372223	2576242879	174	2	87	30	439772	96736	1	68.8	82.2	68.5	72.3	0	182	273	0	0	0
2372223	2576242905	174	2	87	32	96736	195385	1	66.6	81.8	77.9	92.9	0	182	273	0	0	0
2372223	2576242911	174	2	87	36	195385	0	0	75.4	88.8	92.6	48.7	0	182	273	2	0	0
2372223	2576242943	174	2	87	42	437554	59062	1	62.2	24.7	77.1	7.3	0	182	274	0	0	0
2372223	2576242979	174	2	87	45	59062	59846	1	76.9	7.1	69.9	24.6	0	182	274	0	0	0
2372223	2576243021	174	2	87	50	59846	437554	1	68.5	24.7	58.2	34	0	182	274	0	0	0
2372223	2576243033	174	2	87	53	437554	470511	1	62.4	32	62.7	69	0	182	274	0	0	0
2372223	2576243063	174	2	87	58	470511	195385	1	65.2	75.4	73.9	93.1	0	182	274	0	0	0
2372223	2576243089	174	2	88	4	195385	220182	1	69.1	71.9	77.5	61	0	182	274	0	0	0
2372223	2576243097	174	2	88	6	220182	195385	1	75.5	62.9	72.2	72.4	0	182	274	0	0	0
2372223	2576243111	174	2	88	7	195385	470511	1	72.7	72.3	89	89.6	0	182	274	0	0	0
2372223	2576243133	174	2	88	9	470511	0	0	89.9	88.2	88.5	60.2	0	182	274	2	0	0
2372223	2576243139	186	2	88	13	61316	223255	1	29.8	40.9	23.8	39.2	0	183	275	0	0	0
2372223	2576243149	186	2	88	14	223255	61316	1	25.6	43.5	37.3	62.7	0	183	275	0	0	0
2372223	2576243183	174	2	88	17	59062	440593	1	64	40	52.7	53.4	0	184	276	0	0	0
2372223	2576243195	174	2	88	19	440593	470511	1	52.7	53.4	67	81.7	0	184	276	0	0	0
2372223	2576243217	174	2	88	22	470511	96736	1	67	81.7	66.8	62.9	0	184	276	0	0	0
2372223	2576243245	174	2	88	26	96736	195385	1	66	69.1	71.4	82.7	0	184	276	0	0	0
2372223	2576243253	174	2	88	29	195385	439772	1	71.7	77.3	76.5	63.7	0	184	276	0	0	0
2372223	2576243271	186	2	88	32	44989	37055	1	23.1	57.6	30.5	49.9	0	185	277	0	0	0
2372223	2576243279	186	2	88	35	37055	0	0	30.8	57.8	44.6	68.2	0	185	277	0	0	0
2372223	2576243291	174	2	88	37	437554	439772	1	53	34	63.5	43.3	0	186	278	0	0	0
2372223	2576243317	174	2	88	40	439772	59062	1	65.7	36.1	72.2	9.2	0	186	278	0	0	0
2372223	2576243325	174	2	88	45	59062	0	0	75.8	19.4	89.3	42.5	0	186	278	2	0	0
2372223	2576243453	174	2	89	6	195385	0	0	99.5	0.5	94.5	44.3	0	186	279	2	0	6
2372223	2576243641	186	2	89	39	224965	0	0	4.8	52.6	61.7	55.3	0	187	281	0	0	0
2372223	2576243689	174	2	89	43	96736	0	1	38.5	45	29.9	55.9	0	188	282	0	3	0
2372223	2576243719	174	2	89	46	470511	59062	1	30.4	56.9	38.7	9.8	0	188	282	0	0	0
2372223	2576243739	174	2	89	51	59062	227166	100	41.3	9.1	80.5	13.5	0	188	282	0	0	0
2372223	2576243763	186	2	89	55	44989	0	1	30.4	82.1	24.3	86	0	189	283	0	3	0
2372223	2576243777	186	2	89	57	227166	44989	1	22.8	87.1	28	95	0	189	283	0	0	0
2372223	2576243785	186	2	89	59	44989	0	1	29.2	95.1	24.9	83.9	0	189	283	0	3	0
2372223	2576243799	186	2	90	0	227166	0	0	25.5	84.7	30.1	93.6	0	189	283	0	3	0
2372223	2576243843	174	2	90	1	59846	0	1	70.9	10.7	76.3	5.8	0	190	284	0	3	0
2372223	2576244133	174	2	90	37	195385	440593	1	76.3	5.8	92.3	48.1	0	190	285	2	0	5
2372223	2576244291	186	2	91	8	224965	0	0	3.9	53.6	55.6	77	0	191	286	0	0	0
2372223	2576244357	186	2	91	18	44989	37055	1	70.3	88.9	65.6	79.4	0	193	288	0	0	0
2372223	2576244377	186	2	91	19	37055	0	1	65.2	77.9	70.1	92.1	0	193	288	0	0	0
2372223	2576244553	186	2	91	36	244855	44989	1	70.4	96	70.1	89.8	0	193	289	0	0	5
2372223	2576244561	186	2	91	40	44989	244855	1	68.8	87.7	69.5	96.3	0	193	289	0	0	0
2372223	2576244571	186	2	91	41	244855	37055	1	69.5	96.3	60.5	92.6	0	193	289	0	0	0
2372223	2576244579	186	2	91	43	37055	244855	1	61.3	93.1	69.9	96.9	0	193	289	0	0	0
2372223	2576244593	186	2	91	44	244855	44989	1	66.8	96.5	66.3	87.2	0	193	289	0	0	0
2372223	2576244597	186	2	91	45	44989	0	0	68.9	91.9	61.8	94.6	0	193	289	0	0	0
2372223	2576244633	174	2	91	46	220182	0	0	38	6.2	32.3	9.1	0	194	290	0	0	0
2372223	2576244641	186	2	91	46	44989	37055	1	68.1	91.5	61.1	89.2	0	195	291	0	0	0
2372223	2576244655	186	2	91	49	37055	219292	1	63	83.1	56.7	73.4	0	195	291	0	0	0
2372223	2576244703	186	2	91	51	219292	102380	1	56	71.7	50.6	44.3	0	195	291	0	0	0
2372223	2576244719	186	2	91	55	102380	50188	1	52.8	45	42.4	74	0	195	291	0	0	0
2372223	2576244743	186	2	91	57	50188	44989	1	42.3	76.3	45	89.8	0	195	291	0	0	0
2372223	2576244753	186	2	91	59	44989	37055	1	41	92.6	55	85.9	0	195	291	0	0	0
2372223	2576244779	186	2	92	0	37055	227166	1	55	85.9	57.7	95.4	0	195	291	0	0	0
2372223	2576244789	186	2	92	3	227166	244855	1	59.8	95.6	65.2	83.5	0	195	291	0	0	0
2372223	2576244811	186	2	92	3	244855	0	0	65.2	83.5	59.9	76.6	0	195	291	0	0	0
2372223	2576244821	174	2	92	4	59846	0	1	37.7	23.7	34.2	34	0	196	292	0	0	0
2372223	2576244837	174	2	92	6	96736	195385	1	35	34.8	45.5	54	0	196	292	0	0	0
2372223	2576244851	174	2	92	8	195385	223255	100	47.7	54.6	53	75	0	196	292	0	0	0
2372223	2576244957	174	2	92	17	470511	195385	1	52.7	100	53.2	86.9	0	196	293	0	0	0
2372223	2576244965	174	2	92	21	195385	440593	1	53.2	86.9	37.1	66.3	0	196	293	0	0	0
2372223	2576245007	174	2	92	23	440593	437554	1	37.1	65.1	38.2	35.2	0	196	293	0	0	0
2372223	2576245051	174	2	92	27	437554	197334	1	51.3	25.8	69.8	5	0	196	293	0	0	0
2372223	2576245103	174	2	92	36	197334	439772	1	77.6	3.1	74.6	22.1	0	196	294	0	0	0
2372223	2576245121	174	2	92	39	439772	59846	1	73.6	18.6	66.7	13.5	0	196	294	0	0	0
2372223	2576245125	174	2	92	40	59846	439772	1	66.7	13.5	65.2	23.9	0	196	294	0	0	0
2372223	2576245137	174	2	92	42	439772	440593	1	65.5	28.7	57.7	43.7	0	196	294	0	0	0
2372223	2576245151	174	2	92	44	440593	470511	1	55	41.3	70.3	85.4	0	196	294	0	0	0
2372223	2576245167	174	2	92	47	470511	96736	1	70.9	84.5	71.8	72.1	0	196	294	0	0	0
2372223	2576245189	174	2	92	49	96736	470511	1	69.8	74.8	68.6	88.1	0	196	294	0	0	0
2372223	2576245203	174	2	92	54	470511	96736	1	75.1	87.1	79.5	92.1	0	196	294	0	0	0
2372223	2576245239	174	2	92	56	96736	195385	1	78.9	91.3	76.2	80.2	0	196	294	0	0	0
2372223	2576245249	174	2	92	59	195385	0	0	72.9	71.9	96.7	73	0	196	294	0	0	0
2372223	2576245313	174	2	93	8	470511	195385	1	89.7	100	85.8	95	0	196	295	0	0	0
2372223	2576245325	174	2	93	11	195385	0	0	83.3	92.5	87	64.5	0	196	295	2	0	0
2372223	2576245419	186	2	93	20	37055	61316	1	45.7	54	69.1	11.6	0	197	296	0	0	0
2372223	2576245475	186	2	93	31	61316	220182	100	69.4	6.9	61.5	18	0	197	297	0	0	0
2372223	2576245509	174	2	93	32	195385	220182	1	44.4	84.3	46.3	93.4	0	198	298	0	0	0
2372223	2576245513	174	2	93	35	220182	0	0	53.7	93.5	58	86.9	0	198	298	0	0	0
2372223	2576245541	186	2	93	38	88483	44989	1	54	22.7	45.5	73.6	0	199	299	0	0	0
2372223	2576245567	186	2	93	40	44989	227166	1	45.3	73.6	43.9	69.4	0	199	299	0	0	0
2372223	2576245583	186	2	93	44	227166	44989	1	51.1	77.3	57.1	87.4	0	199	299	0	0	0
2372223	2576245591	186	2	93	46	44989	37055	1	56.4	87	64.2	76.9	0	199	299	0	0	0
2372223	2576245607	186	2	93	47	37055	44989	1	60.4	78.8	55.6	88.9	0	199	299	0	0	0
2372223	2576245621	186	2	93	49	44989	88483	1	62.5	81	58.1	25.2	0	199	299	0	0	0
2372223	2576245639	186	2	93	51	88483	219292	1	55.3	26.2	52.8	50.1	0	199	299	0	3	0
2372223	2576245657	174	2	93	55	220182	0	1	47	53	43.9	45	0	200	300	0	0	0
2372223	2576245695	174	2	93	57	439772	59846	1	47.2	40.8	42.2	30.5	0	200	300	0	0	0
2372223	2576245697	174	2	93	59	59846	0	0	42.9	38.6	44.3	38.2	0	200	300	0	0	0
2372223	2576245735	174	2	94	1	440593	195385	1	35.3	49.4	59.2	95.3	0	200	301	0	0	0
2372223	2576245823	174	2	94	13	470511	96736	1	59.1	100	56.7	88.2	0	200	302	0	0	0
2372223	2576245829	174	2	94	16	96736	439772	1	60.8	83.7	61.7	65.5	0	200	302	0	0	0
2372223	2576245831	174	2	94	18	439772	0	1	67.2	70.7	67.2	88.8	0	200	302	0	0	0
2372223	2576245863	174	2	94	20	96736	439772	1	69.7	89.4	73.9	78.8	0	200	302	0	0	0
2372223	2576245897	186	2	94	25	44989	244855	1	19.4	37.6	31	57.9	0	201	303	0	0	0
2372223	2576245905	186	2	94	26	244855	227166	1	31	57.9	27.5	80.8	0	201	303	0	0	0
2372223	2576245941	186	2	94	33	227166	0	1	37.6	71.1	33.6	64.7	0	201	303	0	0	0
2372223	2576246045	186	2	94	49	37055	61316	1	38.2	64.7	55.7	30.3	0	201	304	0	0	5
