match_id	id	team_id	period_id	min	sec	player_id_1	player_id_2	outcome	start_x	start_y	end_x	end_y	offside	possession	sequence	extra_1	extra_2	extra_3
2372227	2576044549	181	1	0	0	80906	227164	1	50	50.1	41.7	54.8	0	1	1	0	0	0
2372227	2576044579	181	1	0	2	227164	0	0	43.3	52.4	76.9	59.9	0	1	1	0	0	0
2372227	2576044677	407	1	0	5	451565	244363	1	20.7	40	27.6	27.9	0	0	0	0	3	0
2372227	2576044777	407	1	0	7	244363	198221	1	31.2	23.7	37.9	7.1	0	2	2	0	3	0
2372227	2576044799	407	1	0	8	198221	0	0	34.4	3.3	62.4	4.9	0	2	2	0	0	0
2372227	2576044757	181	1	0	12	500759	227164	1	44	93.3	46.6	86.9	0	3	3	0	0	0
2372227	2576044877	181	1	0	13	227164	0	1	46.6	86.9	42.1	95.4	0	3	3	0	0	0
2372227	2576045375	181	1	0	42	500759	170116	1	35.1	83.9	32.3	46.4	0	3	4	0	0	0
2372227	2576045419	181	1	0	43	170116	104407	1	31.1	45.8	8.8	41.2	0	3	4	0	0	0
2372227	2576045435	181	1	0	46	104407	0	0	9.3	44.1	63.1	45.8	0	3	4	0	0	0
2372227	2576045443	407	1	0	49	487703	0	0	36.3	54	53.7	55.5	0	0	0	0	3	0
2372227	2576045497	181	1	0	50	227164	80906	1	45	46.4	48.4	43.3	0	3	5	0	3	0
2372227	2576045569	407	1	0	56	244363	170154	100	65	65.1	59.4	78.5	0	4	6	0	0	0
2372227	2576045733	181	1	1	1	80906	0	0	39.7	25.8	56.1	-2	0	5	7	0	0	0
2372227	2576046069	407	1	1	17	167432	487703	1	43	100	30.9	90.8	0	6	8	0	0	0
2372227	2576046195	407	1	1	22	487703	484753	1	29.6	82.9	38.4	87	0	6	8	0	0	0
2372227	2576046251	407	1	1	28	484753	449718	1	42.6	82.6	43.4	70.1	0	6	8	0	0	0
2372227	2576046273	407	1	1	31	449718	451565	1	45.5	57.8	40.1	33.8	0	6	8	0	0	0
2372227	2576046309	407	1	1	33	451565	213469	1	40.5	33.4	53.2	16.9	0	6	8	0	0	0
2372227	2576046353	407	1	1	35	213469	451565	1	53.7	16.9	43.8	26.3	0	6	8	0	0	0
2372227	2576046371	407	1	1	37	451565	484753	1	42.9	31.5	47	55.3	0	6	8	0	0	0
2372227	2576046435	407	1	1	39	484753	167432	1	52.9	66	54.8	86.5	0	6	8	0	0	0
2372227	2576046477	407	1	1	41	167432	487703	1	56.6	86.2	43.4	65.8	0	6	8	0	0	0
2372227	2576046523	407	1	1	44	487703	451565	1	43.2	60	47	42.3	0	6	8	0	0	0
2372227	2576046585	407	1	1	47	451565	484753	1	48.9	40.2	55	53.4	0	6	8	0	0	0
2372227	2576046641	407	1	1	51	484753	0	0	58.6	59.8	87	102	0	6	8	0	0	0
2372227	2576047161	181	1	2	15	170154	156293	1	17.9	0	31	11.3	0	7	9	0	0	0
2372227	2576047189	181	1	2	17	156293	0	1	31	12	39.6	25.2	0	7	9	0	3	0
2372227	2576047223	181	1	2	19	225463	500759	1	39.6	26.7	27.6	58.1	0	7	9	0	0	0
2372227	2576047245	181	1	2	22	500759	213469	100	27.6	58.1	36	75.9	0	7	9	0	0	0
2372227	2576047317	407	1	2	26	213469	0	0	79.9	8.1	82.1	13.9	0	8	10	2	0	0
2372227	2576047727	407	1	2	47	86398	108438	1	99.5	0.5	95	19.5	0	8	11	0	0	6
2372227	2576047785	407	1	2	49	108438	86398	1	95	19.5	90.6	14.2	0	8	11	0	0	0
2372227	2576047855	407	1	2	51	86398	449718	1	88.9	14.3	94.9	31.2	0	8	11	0	0	0
2372227	2576047863	407	1	2	52	449718	0	0	94.7	29.9	87.8	28.9	0	8	11	0	0	0
2372227	2576047937	181	1	2	55	227164	58792	1	13.2	68.4	13	89.6	0	9	12	0	0	0
2372227	2576047951	181	1	2	56	58792	0	0	13	90	52.3	79.6	0	9	12	0	0	0
2372227	2576048121	407	1	3	0	167432	472194	1	41.2	30.1	22.5	42.7	0	10	13	0	0	0
2372227	2576048159	407	1	3	8	472194	451565	1	22.7	44.5	27.3	38.2	0	10	13	0	0	0
2372227	2576048231	407	1	3	10	451565	484753	1	29.6	38.8	35.9	50.7	0	10	13	0	0	0
2372227	2576048323	407	1	3	14	484753	167432	1	35	50.4	40.1	82.6	0	10	13	0	0	0
2372227	2576048417	407	1	3	18	167432	487703	1	44.6	87.9	38.1	70.1	0	10	13	0	0	0
2372227	2576048501	407	1	3	22	487703	451565	1	42.2	61.2	46.6	37.7	0	10	13	0	0	0
2372227	2576048559	407	1	3	25	451565	484753	1	44.2	33.4	56.4	35.3	0	10	13	0	0	0
2372227	2576048627	407	1	3	28	484753	213469	1	53.7	27.7	58.8	13.2	0	10	13	0	0	0
2372227	2576048643	407	1	3	30	213469	451565	1	54.4	7.3	39.5	30.1	0	10	13	0	0	0
2372227	2576048709	407	1	3	33	451565	487703	1	35.8	39	38.5	66.6	0	10	13	0	0	0
2372227	2576048765	407	1	3	37	487703	0	0	39.5	66.6	79.8	73.5	0	10	13	0	0	0
2372227	2576048821	181	1	3	40	195923	104407	1	21.2	26.8	10.4	38.8	0	11	14	0	3	0
2372227	2576049071	181	1	3	48	104407	0	0	13.9	43.4	70.1	20.4	0	11	14	0	0	0
2372227	2576049089	407	1	3	52	167432	0	0	32.5	90.1	39.4	85.8	0	0	0	0	3	0
2372227	2576049141	181	1	3	53	80906	0	0	60.5	25.9	67.4	18.2	0	0	0	0	3	0
2372227	2576049231	407	1	3	58	484753	449718	1	35.4	93.6	36.6	83.7	0	12	15	0	0	0
2372227	2576049279	407	1	3	59	449718	487703	1	36.6	83.7	28.8	72.8	0	12	15	0	0	0
2372227	2576049339	407	1	4	2	487703	449718	1	29.2	71.4	32.4	66	0	12	15	0	0	0
2372227	2576049355	407	1	4	5	449718	198221	1	31.3	63.7	34.7	59.3	0	12	15	0	0	0
2372227	2576049401	407	1	4	6	198221	449718	1	34.7	59.3	28.8	62.8	0	12	15	0	0	0
2372227	2576049515	407	1	4	8	449718	484753	1	30.4	68.3	31.3	77.2	0	12	15	0	0	0
2372227	2576049571	407	1	4	13	484753	449718	1	32.2	80.5	38	73.3	0	12	15	0	0	0
2372227	2576049637	407	1	4	14	449718	487703	1	39	69.2	32.3	68	0	12	15	0	0	0
2372227	2576049655	407	1	4	16	487703	484753	1	32.4	68	34.9	84.7	0	12	15	0	0	0
2372227	2576049667	407	1	4	18	484753	86398	1	36.4	86.2	46.3	95.8	0	12	15	0	0	0
2372227	2576049767	407	1	4	20	86398	167432	1	46.3	95.8	42	92.2	0	12	15	0	0	0
2372227	2576049829	407	1	4	26	167432	86398	1	55.5	83.3	57.9	94.5	0	12	15	0	0	0
2372227	2576049853	407	1	4	28	86398	449718	1	58	90.8	58.9	84.5	0	12	15	0	0	0
2372227	2576049913	407	1	4	29	449718	86398	1	58.3	83.5	48.9	86.8	0	12	15	0	0	0
2372227	2576049947	407	1	4	31	86398	487703	1	45	81.3	35.8	73.9	0	12	15	0	0	0
2372227	2576050005	407	1	4	33	487703	484753	1	36.9	72.3	42.2	66.7	0	12	15	0	0	0
2372227	2576050079	407	1	4	37	484753	167432	1	43.7	69.9	54.7	88	0	12	15	0	0	0
2372227	2576050139	407	1	4	40	167432	449718	1	56.8	91.8	50.3	89.5	0	12	15	0	0	0
2372227	2576050197	407	1	4	42	449718	451565	1	52.8	89.8	43.2	54.8	0	12	15	0	0	0
2372227	2576050227	407	1	4	46	451565	198221	1	44	45.6	54.6	46.6	0	12	15	0	0	0
2372227	2576050243	407	1	4	47	198221	451565	1	53.7	45.4	40.7	39	0	12	15	0	0	0
2372227	2576050321	407	1	4	49	451565	213469	1	40.2	31.7	46.7	7.4	0	12	15	0	0	0
2372227	2576050721	181	1	5	15	58792	451565	100	64.8	100	72.1	87.4	0	13	16	0	0	0
2372227	2576050769	181	1	5	18	107594	0	0	58.3	85.7	68.7	92.6	0	15	18	0	0	0
2372227	2576050807	407	1	5	20	213469	0	1	33.2	6.9	38.1	11.7	0	14	17	0	0	0
2372227	2576050813	407	1	5	21	198221	0	0	37.8	11.7	39.3	11.9	0	14	17	0	0	0
2372227	2576051181	407	1	5	39	213469	451565	1	44.6	4.9	35.2	18.8	0	16	19	0	0	5
2372227	2576051261	407	1	5	44	451565	484753	1	37.8	36.3	44	34	0	16	19	0	0	0
2372227	2576051357	407	1	5	48	484753	487703	1	43.5	33.6	36.6	57.7	0	16	19	0	0	0
2372227	2576051381	407	1	5	51	487703	167432	1	40.2	63.7	47.5	83.1	0	16	19	0	0	0
2372227	2576051421	407	1	5	53	167432	198221	1	47.5	83.1	52.4	72.1	0	16	19	0	0	0
2372227	2576051505	407	1	5	55	198221	449718	1	53.2	70.1	61.9	75.1	0	16	19	0	0	0
2372227	2576051531	407	1	5	56	449718	198221	1	61.9	76.2	53	74.9	0	16	19	0	0	0
2372227	2576051615	407	1	6	0	198221	451565	1	47.6	76.4	43.8	41.5	0	16	19	0	0	0
2372227	2576051709	407	1	6	5	451565	198221	1	44.3	40	46.5	68.5	0	16	19	0	0	0
2372227	2576051739	407	1	6	11	198221	484753	1	58.6	61.8	56.4	49.8	0	16	19	0	0	0
2372227	2576051787	407	1	6	13	484753	213469	1	56.4	49.8	59.9	23.6	0	16	19	0	0	0
2372227	2576051839	407	1	6	15	213469	108438	1	63.2	15.3	69.3	5.8	0	16	19	0	0	0
2372227	2576051863	407	1	6	18	108438	198221	1	68.3	21.7	69.9	34	0	16	19	0	0	0
2372227	2576051899	407	1	6	20	198221	449718	1	69.9	34	64	48.6	0	16	19	0	0	0
2372227	2576051935	407	1	6	22	449718	167432	1	64.7	51.1	66.2	68.3	0	16	19	0	0	0
2372227	2576051977	407	1	6	24	167432	198221	1	65.5	66.2	67.6	40.4	0	16	19	0	0	0
2372227	2576051999	407	1	6	27	198221	213469	1	66.8	34.7	60.3	21.9	0	16	19	0	0	0
2372227	2576052047	407	1	6	28	213469	198221	1	60.3	21.7	69.6	6	0	16	19	0	0	0
2372227	2576052131	407	1	6	31	198221	108438	1	74.2	18.2	84.5	24.8	0	16	19	0	0	0
2372227	2576052185	181	1	6	35	500759	0	0	14.6	94.4	15.7	94.8	0	17	20	0	0	0
2372227	2576052679	181	1	6	59	58792	156293	1	20.8	100	45	94.2	0	17	21	0	0	0
2372227	2576052711	181	1	7	0	156293	0	0	45.3	94.4	59	92.4	0	17	21	0	3	0
2372227	2576052797	407	1	7	3	451565	472194	1	41.1	8.9	17.6	41.1	0	18	22	0	0	0
2372227	2576052887	407	1	7	8	472194	244363	1	22.2	53	52.8	60.8	0	18	22	0	0	0
2372227	2576052905	407	1	7	9	244363	0	0	52.8	61.8	51.1	40	0	18	22	0	3	0
2372227	2576052997	181	1	7	11	227164	156293	1	48.3	60.6	63.4	61.4	0	19	23	0	0	0
2372227	2576053269	407	1	7	25	213469	451565	1	36.8	0	19.9	10.5	0	20	24	0	0	0
2372227	2576053321	407	1	7	28	451565	484753	1	19.9	11	28.7	9.9	0	20	24	0	0	0
2372227	2576053375	407	1	7	31	484753	198221	1	31.4	11.7	41.5	28.5	0	20	24	0	0	0
2372227	2576053405	407	1	7	32	198221	484753	1	42.4	32.4	34.3	15.1	0	20	24	0	0	0
2372227	2576053459	407	1	7	35	484753	198221	1	36	16.1	41	26.4	0	20	24	0	0	0
2372227	2576053533	407	1	7	38	198221	167432	1	39.2	33.2	44.4	71.1	0	20	24	0	0	0
2372227	2576053613	407	1	7	42	167432	487703	1	40.4	74.8	35.5	61.6	0	20	24	0	0	0
2372227	2576053693	407	1	7	46	487703	449718	1	36	57.7	44.8	58.7	0	20	24	0	0	0
2372227	2576053713	407	1	7	48	449718	487703	1	47.2	59.6	37.1	61.2	0	20	24	0	0	0
2372227	2576053737	407	1	7	49	487703	167432	1	37.1	61.2	45.1	84.2	0	20	24	0	0	0
2372227	2576053771	407	1	7	51	167432	487703	1	45.1	84.2	42.9	68	0	20	24	0	0	0
2372227	2576053847	407	1	7	53	487703	484753	1	41	67.3	44.1	51.8	0	20	24	0	0	0
2372227	2576053881	407	1	7	57	484753	198221	1	53.8	39.1	60	25.6	0	20	24	0	0	0
2372227	2576053907	407	1	7	58	198221	213469	1	61.5	23.3	60.6	9.9	0	20	24	0	0	0
2372227	2576053981	407	1	8	1	213469	484753	1	60.6	9.9	57	18.5	0	20	24	0	0	0
2372227	2576053997	407	1	8	6	484753	213469	1	59.8	21.3	58.9	11.5	0	20	24	0	0	0
2372227	2576054077	407	1	8	7	213469	86398	1	59.1	9.4	64.8	5.5	0	20	24	0	0	0
2372227	2576054087	407	1	8	8	86398	484753	1	64.8	6.5	61.7	21.5	0	20	24	0	0	0
2372227	2576054137	407	1	8	12	484753	86398	1	61.6	21.3	65.2	6.2	0	20	24	0	0	0
2372227	2576054195	407	1	8	13	86398	213469	1	67.8	6.2	57.8	7.4	0	20	24	0	0	0
2372227	2576054277	407	1	8	16	213469	451565	1	57.5	9.4	44.8	31.1	0	20	24	0	0	0
2372227	2576054305	407	1	8	18	451565	167432	1	44.7	31.3	62.4	73.7	0	20	24	0	0	0
2372227	2576054433	407	1	8	22	167432	244363	1	62	77.1	68.8	92.9	0	20	24	0	0	0
2372227	2576054467	407	1	8	27	244363	449718	1	68.1	85.1	62.1	75.5	0	20	24	0	0	0
2372227	2576054563	407	1	8	28	449718	167432	1	62.2	76	74.2	91.7	0	20	24	0	0	0
2372227	2576054617	407	1	8	32	167432	244363	1	70.3	90.2	87.1	74.6	0	20	24	0	0	0
2372227	2576054627	407	1	8	34	244363	0	0	87.1	75.3	86.6	72.4	0	20	24	0	0	0
2372227	2576054757	181	1	8	37	170154	80906	1	22.2	25.8	27.1	11.2	0	21	25	0	0	0
2372227	2576054789	181	1	8	38	80906	0	1	31.7	14.6	44.3	11.6	0	21	25	0	0	0
2372227	2576055871	407	1	9	33	167432	487703	1	57.1	91.7	40	89.4	0	22	26	0	0	5
2372227	2576056005	407	1	9	39	487703	167432	1	35	86.5	44.8	93.1	0	22	26	0	0	0
2372227	2576056109	407	1	9	45	167432	487703	1	43.6	86.9	34	79.7	0	22	26	0	0	0
2372227	2576056157	407	1	9	48	487703	167432	1	32.9	70.8	39.9	87.2	0	22	26	0	0	0
2372227	2576056253	407	1	9	51	167432	484753	1	40.9	88.6	40	70.5	0	22	26	0	0	0
2372227	2576056381	407	1	9	56	484753	451565	1	44.7	63.1	44	41.5	0	22	26	0	0	0
2372227	2576056463	407	1	10	2	451565	213469	1	60.4	36.5	59.4	14.9	0	22	26	0	0	0
2372227	2576056479	407	1	10	5	213469	0	0	60.9	4.4	79.5	16.3	0	22	26	0	0	0
2372227	2576056555	181	1	10	6	500759	58792	1	20.8	81.5	24.1	95.4	0	23	27	0	3	0
2372227	2576056583	181	1	10	9	58792	0	0	24.1	95.6	33.3	94.7	0	23	27	0	0	0
2372227	2576056611	407	1	10	11	108438	484753	1	68.6	4.8	63.1	12.2	0	24	28	0	3	0
2372227	2576056657	407	1	10	12	484753	0	1	63.1	12.2	67.5	3.9	0	24	28	0	0	0
2372227	2576056767	407	1	10	14	108438	487703	1	66.1	4.2	46.6	35.2	0	24	28	0	0	0
2372227	2576056831	407	1	10	20	487703	167432	1	53	44.8	48.6	66.4	0	24	28	0	0	0
2372227	2576056887	407	1	10	24	167432	244363	1	59.3	83.8	58.8	90.6	0	24	28	0	0	0
2372227	2576056991	407	1	10	26	244363	484753	1	59.5	93.6	54.2	75.3	0	24	28	0	0	0
2372227	2576057001	407	1	10	31	484753	167432	1	58.7	77.9	63	90.9	0	24	28	0	0	0
2372227	2576057101	407	1	10	33	167432	484753	1	55.3	82.4	54.7	75.6	0	24	28	0	0	0
2372227	2576057109	407	1	10	37	484753	170154	100	56.9	74.4	70.8	74.9	0	24	28	0	0	0
2372227	2576057203	181	1	10	39	170154	0	0	25.3	33.9	33.5	39.2	0	25	29	0	0	0
2372227	2576058543	181	1	10	43	225463	0	0	31.8	37.3	37.7	37.4	0	0	0	0	3	0
2372227	2576057277	407	1	10	45	213469	449718	1	64.7	56.9	69.6	40.6	0	26	30	0	0	0
2372227	2576057283	407	1	10	47	449718	198221	1	70.7	44.7	73.1	53.6	0	26	30	0	0	0
2372227	2576057299	407	1	10	47	198221	449718	1	72.3	48.6	68.9	42.3	0	26	30	0	3	0
2372227	2576057323	407	1	10	48	449718	0	0	68.8	42.3	87.2	32.5	0	26	30	0	3	0
2372227	2576057853	407	1	11	10	213469	198221	1	88.2	0	91.3	4.8	0	28	32	0	0	0
2372227	2576057909	407	1	11	17	213469	484753	1	92.9	0	86.5	2.5	0	28	33	0	0	0
2372227	2576057965	407	1	11	20	484753	0	0	90.4	3.9	91.1	50.9	0	28	33	2	0	0
2372227	2576058219	181	1	11	31	104407	195923	1	11.8	46.1	18.5	20.3	0	29	34	0	0	0
2372227	2576058245	181	1	11	34	195923	107594	1	20.4	21.8	28.8	27.4	0	29	34	0	0	0
2372227	2576058281	181	1	11	35	107594	195923	1	28.7	27.7	17.2	23.9	0	29	34	0	0	0
2372227	2576058307	181	1	11	39	195923	80906	1	19.5	21.6	36.2	19.8	0	29	34	0	0	0
2372227	2576058321	181	1	11	40	80906	170154	1	36.9	18.3	32.8	2.9	0	29	34	0	0	0
2372227	2576058375	181	1	11	41	170154	80906	1	32.8	2.9	36	10.9	0	29	34	0	0	0
2372227	2576058479	181	1	11	46	80906	0	0	42	29.5	60	35.1	0	29	34	0	0	0
2372227	2576058549	407	1	11	48	451565	0	1	32	59.6	10.2	57.7	0	30	35	0	0	0
2372227	2576058709	407	1	11	55	472194	487703	1	9.4	53.4	13.8	76	0	30	35	0	0	0
2372227	2576058951	407	1	11	57	487703	472194	1	13.5	74.9	5.3	52.3	0	30	35	0	0	0
2372227	2576059039	407	1	12	8	472194	244363	1	16.3	50.9	57.6	95.2	0	30	36	0	0	0
2372227	2576059477	407	1	12	26	167432	487703	1	56.3	100	39.6	91.3	0	30	37	0	0	0
2372227	2576059561	407	1	12	30	487703	484753	1	44.1	86.2	46.5	87	0	30	37	0	0	0
2372227	2576059603	407	1	12	34	484753	167432	1	58.4	87	66.6	97.2	0	30	37	0	0	0
2372227	2576059627	407	1	12	36	167432	244363	1	66.6	97.2	69.3	91.7	0	30	37	0	0	0
2372227	2576059647	407	1	12	37	244363	167432	1	69.3	91.7	63.2	96.5	0	30	37	0	0	0
2372227	2576059743	407	1	12	39	167432	487703	1	58.8	96.5	34.3	85.4	0	30	37	0	0	0
2372227	2576059829	407	1	12	43	487703	484753	1	34.3	85.3	38.5	67.5	0	30	37	0	0	0
2372227	2576059903	407	1	12	48	484753	451565	1	44.1	50.5	43.2	28.6	0	30	37	0	0	0
2372227	2576059983	407	1	12	51	451565	487703	1	46	30.8	43.8	66	0	30	37	0	0	0
2372227	2576060013	407	1	12	54	487703	167432	1	45.5	70.8	49.1	85.3	0	30	37	0	0	0
2372227	2576060085	407	1	12	55	167432	487703	1	49.2	85.3	44.1	70.7	0	30	37	0	0	0
2372227	2576060141	407	1	13	0	487703	449718	1	43.2	67.6	48.3	70.7	0	30	37	0	0	0
2372227	2576060195	407	1	13	2	449718	167432	1	48.3	70.7	60.1	87.6	0	30	37	0	0	0
2372227	2576060217	407	1	13	5	167432	86398	1	57.8	80.6	53.7	72.4	0	30	37	0	0	0
2372227	2576060281	407	1	13	6	86398	449718	1	53.7	72.4	46.2	86.7	0	30	37	0	0	0
2372227	2576060299	407	1	13	7	449718	487703	1	45.1	82.2	39.9	62.6	0	30	37	0	0	0
2372227	2576060397	407	1	13	10	487703	449718	1	39.9	62.6	46.6	76.4	0	30	37	0	0	0
2372227	2576060411	407	1	13	15	449718	484753	1	57	70.5	59.8	66.6	0	30	37	0	0	0
2372227	2576060463	407	1	13	17	484753	487703	1	59.8	66.6	41.7	66.6	0	30	37	0	0	0
2372227	2576060543	407	1	13	20	487703	484753	1	43.8	60.5	47.9	72.1	0	30	37	0	0	0
2372227	2576060567	407	1	13	25	484753	225463	100	58.8	61.9	67.6	46.8	0	30	37	0	0	0
2372227	2576060733	181	1	13	30	80906	0	1	45.5	53	53.6	42.8	0	31	38	0	0	0
2372227	2576061075	181	1	13	45	195923	0	0	43.4	32.4	70.2	101.2	0	31	39	0	0	5
2372227	2576061265	407	1	13	52	213469	484753	1	28.1	0	24	20.6	0	32	40	0	0	0
2372227	2576061355	407	1	14	0	484753	86398	1	28.1	32.4	41.6	34.5	0	32	40	0	0	0
2372227	2576061383	407	1	14	2	86398	0	0	41.9	34.2	75.4	27.9	0	32	40	0	0	0
2372227	2576061505	181	1	14	5	104407	0	0	27.9	70.5	68.7	66.4	0	33	41	0	0	0
2372227	2576061597	407	1	14	12	484753	213469	1	36.5	23.1	36.9	10.6	0	34	42	0	0	0
2372227	2576061633	407	1	14	14	213469	472194	1	36.5	11.9	14.5	40.6	0	34	42	0	0	0
2372227	2576061693	407	1	14	19	472194	484753	1	14.6	42.2	30.9	44.1	0	34	42	0	0	0
2372227	2576061801	407	1	14	23	484753	487703	1	32.4	43.8	29.2	63.2	0	34	42	0	0	0
2372227	2576061865	407	1	14	28	487703	484753	1	27.9	63.9	32	50.1	0	34	42	0	0	0
2372227	2576061903	407	1	14	33	484753	449718	1	36	27.9	44.3	42.2	0	34	42	0	0	0
2372227	2576061963	407	1	14	34	449718	487703	1	44.2	42.5	35.5	56.9	0	34	42	0	0	0
2372227	2576062009	407	1	14	39	487703	167432	1	36.1	56.8	47.7	87.9	0	34	42	0	0	0
2372227	2576062093	407	1	14	44	244363	487703	1	41.1	93.1	33.9	76	0	34	43	0	0	0
2372227	2576062123	407	1	14	47	487703	451565	1	33.7	72.8	34.2	47.3	0	34	43	0	0	0
2372227	2576062157	407	1	14	50	451565	484753	1	40	46.2	46.4	41.9	0	34	43	0	0	0
2372227	2576062247	407	1	14	52	484753	449718	1	45.2	42.9	47.6	60.4	0	34	43	0	0	0
2372227	2576062323	407	1	14	56	449718	451565	1	53.5	62.8	44.7	48.4	0	34	43	0	0	0
2372227	2576062365	407	1	15	0	451565	487703	1	47.8	43.2	45	68.3	0	34	43	0	0	0
2372227	2576062387	407	1	15	2	487703	198221	1	46.5	70.5	54.5	55.7	0	34	43	0	0	0
2372227	2576062477	407	1	15	3	198221	451565	1	54.5	55.7	37.1	39.5	0	34	43	0	0	0
2372227	2576062491	407	1	15	7	451565	198221	1	43.6	45.6	53.8	52.8	0	34	43	0	0	0
2372227	2576062525	407	1	15	8	198221	484753	1	54.3	49.1	47.4	41.9	0	34	43	0	0	0
2372227	2576062533	407	1	15	10	484753	86398	1	47.2	42.1	57.7	37.5	0	34	43	0	0	0
2372227	2576062641	407	1	15	10	86398	484753	1	59.9	36.1	52.1	35.4	0	34	43	0	0	0
2372227	2576062721	407	1	15	15	484753	487703	1	58.1	35.4	45.1	64.6	0	34	43	0	0	0
2372227	2576062741	407	1	15	18	487703	484753	1	41.5	63.9	54.4	30.6	0	34	43	0	0	0
2372227	2576062749	407	1	15	21	484753	0	0	54.8	30.8	73.9	26.5	0	34	43	0	0	0
2372227	2576062771	181	1	15	23	58792	449718	100	21.5	74.5	33.6	75.4	0	35	44	0	0	0
2372227	2576062883	407	1	15	27	449718	0	1	74.7	6.9	71.2	5.1	0	36	45	0	0	0
2372227	2576062921	407	1	15	29	213469	484753	1	70.8	4.9	60.9	7.6	0	36	45	0	0	0
2372227	2576063015	407	1	15	31	484753	198221	1	60.5	7.3	63.5	16	0	36	45	0	0	0
2372227	2576063085	407	1	15	33	198221	449718	1	63.4	18.8	70.7	14.9	0	36	45	0	0	0
2372227	2576063133	181	1	15	38	58792	225463	1	10.3	78.1	22.4	78.3	0	37	46	0	0	0
2372227	2576063273	407	1	15	43	108438	167432	1	70.7	31.7	63.9	45	0	38	47	0	0	0
2372227	2576063311	407	1	15	45	167432	487703	1	63.4	46.8	46.7	53.6	0	38	47	0	0	0
2372227	2576063353	407	1	15	49	487703	484753	1	43.1	58.2	54.4	34.9	0	38	47	0	0	0
2372227	2576063383	407	1	15	52	484753	86398	1	54.7	34.9	66.7	37.4	0	38	47	0	0	0
2372227	2576063419	407	1	15	54	86398	108438	1	66.7	37.4	78.3	16.7	0	38	47	0	0	0
2372227	2576063465	407	1	15	57	108438	86398	1	81.2	14.9	70.5	22.9	0	38	47	0	0	0
2372227	2576064075	181	1	16	28	104407	156293	1	15	50.9	57.6	30	0	39	48	0	0	0
2372227	2576064089	181	1	16	30	156293	0	0	57.6	30	62.5	31	0	39	48	0	3	0
2372227	2576064129	407	1	16	33	484753	449718	1	40.7	79.1	45.7	73.2	0	40	49	0	0	0
2372227	2576064153	407	1	16	34	449718	451565	1	45.2	71.9	28.3	60.6	0	40	49	0	0	0
2372227	2576064209	407	1	16	36	451565	487703	1	26.7	60.5	25	93.1	0	40	49	0	0	0
2372227	2576064347	407	1	16	41	167432	484753	1	24.7	96.7	24.3	83.1	0	40	50	0	0	0
2372227	2576064383	407	1	16	47	484753	487703	1	30.9	79.4	25.3	68.3	0	40	50	0	0	0
2372227	2576064501	407	1	16	52	487703	484753	1	28.9	72.6	35.4	92.9	0	40	50	0	0	0
2372227	2576064539	407	1	16	54	484753	449718	1	35.4	92.9	39.1	74.8	0	40	50	0	0	0
2372227	2576064557	407	1	16	57	449718	86398	1	39.6	67.8	44.3	55.7	0	40	50	0	0	0
2372227	2576064575	407	1	16	58	86398	449718	1	44.3	55.9	39.1	64.4	0	40	50	0	0	0
2372227	2576064585	407	1	17	0	449718	86398	1	39.3	64.6	46.1	54.6	0	40	50	0	0	0
2372227	2576064607	407	1	17	1	86398	449718	1	46.1	54.6	38.9	62.8	0	40	50	0	0	0
2372227	2576064627	407	1	17	1	449718	451565	1	38.9	62.8	37.6	27.9	0	40	50	0	0	0
2372227	2576064655	407	1	17	4	451565	213469	1	37.6	27.9	57.6	11.4	0	40	50	0	0	0
2372227	2576064677	407	1	17	7	213469	86398	1	57.6	11.4	57.8	28.1	0	40	50	0	0	0
2372227	2576064687	407	1	17	9	86398	213469	1	57.4	25.1	52.5	18.8	0	40	50	0	0	0
2372227	2576064709	407	1	17	10	213469	451565	1	52.5	18.8	42.2	27.9	0	40	50	0	0	0
2372227	2576064733	407	1	17	12	451565	449718	1	46.2	31.3	54.2	43.4	0	40	50	0	0	0
2372227	2576064817	407	1	17	14	449718	451565	1	54.2	43.4	46.5	33.1	0	40	50	0	0	0
2372227	2576064859	407	1	17	20	451565	86398	1	57.8	27.7	67.3	11.2	0	40	50	0	0	0
2372227	2576064893	407	1	17	22	86398	198221	1	70.4	13	81.4	18.5	0	40	50	0	0	0
2372227	2576064917	407	1	17	24	198221	449718	1	81.5	19.4	74.3	39.8	0	40	50	0	0	0
2372227	2576064949	407	1	17	28	484753	167432	1	69.3	46.6	70.9	64.2	0	40	51	0	0	0
2372227	2576064979	407	1	17	29	167432	484753	1	70.9	64.2	68.6	54.6	0	40	51	0	0	0
2372227	2576065003	407	1	17	31	484753	487703	1	67.3	52.8	54.2	56.1	0	40	51	0	0	0
2372227	2576065039	407	1	17	34	487703	167432	1	54.2	56.1	59.1	74.4	0	40	51	0	0	0
2372227	2576065127	407	1	17	39	167432	484753	1	59.6	67.8	58.9	83.5	0	40	51	0	0	0
2372227	2576065165	407	1	17	42	484753	0	0	58.8	76.4	87.7	61.8	0	40	51	0	0	0
2372227	2576065445	181	1	18	2	104407	0	0	8.5	66.8	66.8	46.2	0	41	52	0	0	0
2372227	2576065523	407	1	18	6	451565	472194	1	35.2	48.9	12.8	49.3	0	42	53	0	0	0
2372227	2576065541	407	1	18	9	472194	167432	1	12.5	50	24.8	75.6	0	42	53	0	0	0
2372227	2576065629	407	1	18	12	167432	484753	1	24.8	75.6	31.9	65.7	0	42	53	0	0	0
2372227	2576065673	407	1	18	18	484753	167432	1	35.5	63.2	39.4	88.5	0	42	53	0	0	0
2372227	2576065705	407	1	18	22	167432	487703	1	40.5	89.2	35	71.5	0	42	53	0	0	0
2372227	2576065789	407	1	18	26	487703	198221	1	36.9	67.5	43	55	0	42	53	0	0	0
2372227	2576065829	407	1	18	31	198221	167432	1	54.7	77.1	53.7	91	0	42	53	0	0	0
2372227	2576065881	407	1	18	33	167432	244363	1	55.5	91	64.8	95.6	0	42	53	0	0	0
2372227	2576065889	407	1	18	35	244363	80906	100	66	97.1	57.4	95.2	0	42	53	0	0	0
2372227	2576066185	407	1	18	50	167432	451565	1	41.9	100	52.7	60.6	0	42	54	0	0	0
2372227	2576066243	407	1	18	55	451565	213469	1	63	40.8	60	28.9	0	42	54	0	0	0
2372227	2576066289	407	1	18	58	213469	198221	1	60.3	30.7	83.8	39.4	0	42	54	0	0	0
2372227	2576066295	407	1	18	59	198221	0	0	82.1	37.2	93.3	41.8	0	42	54	0	3	0
2372227	2576066487	181	1	19	12	104407	0	0	7.6	59.3	63.2	66.1	0	43	55	0	0	0
2372227	2576066511	181	1	19	17	225463	0	0	52.9	88.9	59.3	75.3	0	43	0	0	3	0
2372227	2576066535	407	1	19	19	449718	0	0	40.2	28.8	63.7	18.8	0	0	0	0	3	0
2372227	2576066597	181	1	19	21	500759	104407	1	39.7	85.4	23.5	68.5	0	43	56	0	0	0
2372227	2576066631	181	1	19	25	104407	0	0	20.4	81.2	30.3	101.9	0	43	56	0	0	0
2372227	2576066761	407	1	19	37	213469	86398	1	76.4	0	71.7	9.9	0	44	57	0	0	0
2372227	2576066807	407	1	19	39	86398	213469	1	71.7	9.9	70.2	6	0	44	57	0	0	0
2372227	2576066833	407	1	19	40	213469	451565	1	69.3	5.7	52.5	20.3	0	44	57	0	0	0
2372227	2576066867	407	1	19	43	451565	487703	1	52.3	29.9	53.4	55.9	0	44	57	0	0	0
2372227	2576066911	407	1	19	48	487703	198221	1	54.5	50	70.1	65.7	0	44	57	0	0	0
2372227	2576067469	181	1	20	29	104407	156293	1	26.2	20.9	64.1	25.2	0	45	59	0	0	5
2372227	2576067485	181	1	20	33	156293	0	0	64.2	25.3	63.5	19.8	0	45	59	0	0	0
2372227	2576067489	407	1	20	34	449718	0	0	37.1	74	38.8	74.9	0	46	60	0	0	0
2372227	2576067595	181	1	20	38	227164	156293	1	61.2	33.1	69.4	37.3	0	47	62	0	0	0
2372227	2576067653	407	1	20	44	487703	0	0	18.5	48.7	42.9	33.4	0	48	64	0	0	0
2372227	2576067693	181	1	20	46	500759	0	1	53.6	72.1	62.4	46.6	0	49	65	0	3	0
2372227	2576067729	181	1	20	48	107594	170154	1	62.4	46.3	88.4	29.1	0	49	65	0	0	0
2372227	2576067781	181	1	20	54	170154	156293	1	89	33.7	88.6	39.4	0	49	65	0	0	0
2372227	2576067805	181	1	20	55	156293	80906	1	88.6	39.4	86.2	45.2	0	49	65	0	0	0
2372227	2576068145	181	1	21	28	170154	227164	1	78.9	0	94.2	16.9	0	49	66	0	0	0
2372227	2576068171	181	1	21	32	227164	170154	1	93.9	6.9	94.6	2.3	0	49	66	0	0	0
2372227	2576068207	181	1	21	33	170154	0	0	95.6	3.1	85.3	59.6	0	49	66	2	0	0
2372227	2576068541	407	1	22	3	213469	170116	100	12.5	0	37.6	5.1	0	50	68	0	0	0
2372227	2576068951	407	1	22	37	451565	487703	1	26.1	21.5	28.4	57.8	0	52	70	0	0	5
2372227	2576068973	407	1	22	38	487703	0	1	28.4	58.4	81.5	80.1	0	52	70	0	0	0
2372227	2576068995	407	1	22	45	244363	86398	1	81.5	80.3	73.9	75.1	0	52	70	0	0	0
2372227	2576069003	407	1	22	48	86398	0	0	72.6	73.3	85.4	72.3	0	52	70	0	0	0
2372227	2576069061	181	1	22	50	195923	58792	1	18.4	32.4	22.9	73.8	0	53	71	0	0	0
2372227	2576069085	181	1	22	54	58792	0	0	27	77.8	67.3	52.4	0	53	71	0	0	0
2372227	2576069161	407	1	22	58	451565	487703	1	34.2	49.7	40.9	73.2	0	54	72	0	0	0
2372227	2576069177	407	1	23	6	487703	167432	1	46.1	87.8	40.2	95.6	0	54	72	0	0	0
2372227	2576069271	407	1	23	8	167432	484753	1	38.1	93.6	32.5	78.8	0	54	72	0	0	0
2372227	2576069281	407	1	23	16	484753	86398	1	32.4	65.5	45.1	51.8	0	54	72	0	0	0
2372227	2576069325	407	1	23	17	86398	451565	1	45.1	51.8	37.1	32.9	0	54	72	0	0	0
2372227	2576069351	407	1	23	19	451565	213469	1	37	32.5	44.7	18.8	0	54	72	0	0	0
2372227	2576069361	407	1	23	22	213469	108438	1	44.7	19	56.4	6.9	0	54	72	0	0	0
2372227	2576069383	407	1	23	24	108438	213469	1	56.4	6.9	39.5	14	0	54	72	0	0	0
2372227	2576069423	407	1	23	26	213469	487703	1	40.2	20.1	36	53	0	54	72	0	0	0
2372227	2576069473	407	1	23	30	487703	484753	1	36.1	53	45	40	0	54	72	0	0	0
2372227	2576069489	407	1	23	34	484753	213469	1	53.5	31.3	64.1	8.3	0	54	72	0	0	0
2372227	2576069499	407	1	23	36	213469	484753	1	64.2	8.5	59	9.6	0	54	72	0	0	0
2372227	2576069511	407	1	23	38	484753	213469	1	63.1	6.7	66	14	0	54	72	0	0	0
2372227	2576069547	407	1	23	39	213469	451565	1	63.6	14	48.1	26.1	0	54	72	0	0	0
2372227	2576069565	407	1	23	46	451565	167432	1	58.8	51.1	59.5	75.6	0	54	72	0	0	0
2372227	2576069577	407	1	23	48	167432	244363	1	60.3	86.3	67.1	95.1	0	54	72	0	0	0
2372227	2576069585	407	1	23	49	244363	167432	1	67.1	95.1	59.8	90.2	0	54	72	0	0	0
2372227	2576069595	407	1	23	51	167432	449718	1	58.8	87.8	56.2	67.6	0	54	72	0	0	0
2372227	2576069629	407	1	23	53	449718	451565	1	55.6	63.1	54.4	48	0	54	72	0	0	0
2372227	2576069633	407	1	23	57	451565	484753	1	62.7	42.3	70.3	30.8	0	54	72	0	0	0
2372227	2576069637	407	1	23	58	484753	213469	1	70.3	30.8	68.5	16.5	0	54	72	0	0	0
2372227	2576069659	407	1	23	59	213469	108438	1	68.5	16.5	74.5	4.1	0	54	72	0	0	0
2372227	2576069671	407	1	24	2	108438	0	0	79.8	5.5	87.2	25.1	0	54	72	2	0	0
2372227	2576069719	407	1	24	5	449718	484753	1	73.1	36.3	71.9	26.2	0	54	73	0	0	0
2372227	2576069735	407	1	24	9	484753	449718	1	67	23.3	63.6	39.1	0	54	73	0	0	0
2372227	2576069741	407	1	24	10	449718	167432	1	65.1	44.5	65	58.9	0	54	73	0	0	0
2372227	2576069767	407	1	24	13	167432	484753	1	65	58.9	65.1	29.9	0	54	73	0	0	0
2372227	2576069787	407	1	24	16	484753	108438	1	68.9	23.5	77.1	10.6	0	54	73	0	0	0
2372227	2576069799	407	1	24	20	108438	484753	1	73	11.9	67.1	18.1	0	54	73	0	0	0
2372227	2576069803	407	1	24	22	484753	449718	1	65.3	20.3	67.5	31.3	0	54	73	0	0	0
2372227	2576069827	407	1	24	23	449718	484753	1	67.5	31.3	67	12.8	0	54	73	0	0	0
2372227	2576069875	407	1	24	28	484753	487703	1	64.1	31.2	52.7	65.1	0	54	73	0	0	0
2372227	2576069889	407	1	24	32	487703	449718	1	55.2	66.2	56.9	47.7	0	54	73	0	0	0
2372227	2576069919	407	1	24	34	449718	484753	1	61.4	41.8	60.7	26	0	54	73	0	0	0
2372227	2576069953	407	1	24	38	484753	108438	1	63.7	14.4	95.9	20.4	0	54	73	0	0	0
2372227	2576069963	407	1	24	41	108438	0	0	97.7	21.2	87.5	102	0	54	73	2	0	0
2372227	2576071751	181	1	28	59	80906	107594	1	50.4	50.3	39.5	42.3	0	55	75	0	0	0
2372227	2576072877	181	1	29	1	107594	195923	1	41.5	41.2	32.8	29.1	0	55	75	0	0	0
2372227	2576071777	181	1	29	4	195923	170154	1	37.9	30.3	49	5.2	0	55	75	0	0	0
2372227	2576071833	181	1	29	8	170154	195923	1	53.8	6.8	39.2	16.5	0	55	75	0	0	0
2372227	2576071875	181	1	29	13	195923	104407	1	36.8	20.3	14.1	41	0	55	75	0	0	0
2372227	2576071927	181	1	29	17	104407	170154	1	13.5	38.8	75.4	21.9	0	55	75	0	0	0
2372227	2576071937	181	1	29	23	170154	0	0	86.4	25.9	92.5	48.8	0	55	75	0	0	0
2372227	2576072243	407	1	29	39	472194	0	0	2.7	57.1	67.2	15.8	0	56	76	0	0	0
2372227	2576073709	407	1	32	0	213469	86398	1	65.1	0	67.2	10.1	0	56	77	0	0	0
2372227	2576073713	407	1	32	1	86398	213469	1	67.2	10.1	63.5	3.7	0	56	77	0	0	0
2372227	2576073721	407	1	32	1	213469	0	0	63.5	3.7	71.6	-2	0	56	77	0	0	0
2372227	2576073923	181	1	32	12	58792	500759	1	38.5	100	35.3	96.9	0	57	78	0	0	0
2372227	2576073967	181	1	32	15	500759	58792	1	33.9	95.1	37.8	97.5	0	57	78	0	0	0
2372227	2576074123	407	1	32	26	213469	0	0	64.5	0	86.7	26.1	0	58	79	0	0	0
2372227	2576074283	181	1	32	38	104407	170116	1	13.1	64.3	12.4	35.1	0	59	80	0	0	0
2372227	2576074363	181	1	32	43	170116	484753	100	23.6	27.9	66.7	21.9	0	59	80	0	0	0
2372227	2576074583	181	1	33	1	170154	80906	1	76.9	0	79.7	11.9	0	59	81	0	0	0
2372227	2576074625	181	1	33	2	80906	170154	1	79.3	15.2	82.3	4.1	0	59	81	0	0	0
2372227	2576074651	181	1	33	5	170154	0	0	79.2	9.2	90.4	42.5	0	59	81	2	0	0
2372227	2576074799	181	1	33	17	195923	107594	1	60.8	0	66	9.2	0	59	82	0	0	0
2372227	2576074809	181	1	33	18	107594	195923	1	66	9.2	56.5	4.3	0	59	82	0	0	0
2372227	2576074845	181	1	33	19	195923	0	0	57.2	3.4	79.1	20.9	0	59	82	0	0	0
2372227	2576075175	181	1	33	41	170154	0	0	87.3	0	87.1	35.2	0	59	83	0	0	0
2372227	2576075629	407	1	34	16	472194	86398	1	14.9	56.4	37.4	67.3	0	60	85	0	0	5
2372227	2576075653	407	1	34	19	86398	451565	1	34.4	64.4	22.9	38.1	0	60	85	0	0	0
2372227	2576075679	407	1	34	20	451565	472194	1	22.9	38.1	9.8	49.1	0	60	85	0	0	0
2372227	2576075725	407	1	34	22	472194	213469	1	9.8	49.1	25.8	6.9	0	60	85	0	0	0
2372227	2576075815	407	1	34	25	213469	198221	1	26.7	5.7	48.4	11.4	0	60	85	0	0	0
2372227	2576075887	181	1	34	31	58792	225463	1	66.6	95.7	76.2	91.5	0	61	86	0	0	0
2372227	2576075943	181	1	34	35	225463	80906	1	83.3	97.4	92.9	91.8	0	61	86	0	0	0
2372227	2576076583	407	1	35	19	451565	472194	1	16.2	9.9	9.5	19	0	62	88	0	0	5
2372227	2576076701	407	1	35	22	472194	108438	1	12.2	16.5	54	94.8	0	62	88	0	0	0
2372227	2576077087	407	1	35	49	167432	86398	1	46.1	100	46	92	0	62	89	0	0	0
2372227	2576077179	407	1	35	51	86398	451565	1	45.7	92.7	32	60	0	62	89	0	0	0
2372227	2576077205	407	1	35	55	451565	484753	1	44	46.6	47.2	41.1	0	62	89	0	0	0
2372227	2576077241	407	1	36	0	484753	451565	1	60	38.1	46.5	34.5	0	62	89	0	0	0
2372227	2576077301	407	1	36	1	451565	449718	1	46.2	39.2	53.8	54.4	0	62	89	0	0	0
2372227	2576077321	407	1	36	2	449718	487703	1	55.3	56.1	43.7	63.1	0	62	89	0	0	0
2372227	2576077367	407	1	36	4	487703	167432	1	43.7	64.4	55.3	85.3	0	62	89	0	0	0
2372227	2576077395	407	1	36	8	167432	108438	1	55.8	86	66.7	97.7	0	62	89	0	0	0
2372227	2576077409	407	1	36	9	108438	86398	1	66.7	97.7	61.5	89.7	0	62	89	0	0	0
2372227	2576077449	407	1	36	11	86398	108438	1	61.5	89.7	62	96.3	0	62	89	0	0	0
2372227	2576077521	407	1	36	12	108438	167432	1	62	96.3	55.4	96.3	0	62	89	0	0	0
2372227	2576077537	407	1	36	14	167432	487703	1	55.4	96.3	40.7	74.9	0	62	89	0	0	0
2372227	2576077573	407	1	36	17	487703	484753	1	39.7	76.7	49.7	74.4	0	62	89	0	0	0
2372227	2576077651	407	1	36	18	484753	487703	1	47.8	74.6	37.9	77.4	0	62	89	0	0	0
2372227	2576077759	407	1	36	24	487703	472194	1	31.5	74	10.7	41.5	0	62	89	0	0	0
2372227	2576077829	407	1	36	34	472194	0	0	21.4	47.7	65.7	92.9	0	62	89	0	0	0
2372227	2576077851	181	1	36	37	170154	0	0	35.2	11.9	37.2	-2	0	0	0	0	3	0
2372227	2576078021	407	1	36	50	167432	86398	1	56.4	100	62.2	92.7	0	62	90	0	0	0
2372227	2576078029	407	1	36	51	86398	167432	1	62.2	92.7	60.9	98.4	0	62	90	0	0	0
2372227	2576078117	407	1	36	52	167432	108438	1	61.2	98.3	65.2	83.7	0	62	90	0	0	0
2372227	2576078203	181	1	36	57	80906	58792	1	36.7	29.4	41.7	74.5	0	63	91	0	0	0
2372227	2576078231	181	1	37	1	58792	0	0	42.9	81.4	70.8	76.6	0	63	91	0	0	0
2372227	2576078263	407	1	37	3	451565	0	0	27	17.2	37.6	-2	0	64	92	0	0	0
2372227	2576078389	181	1	37	10	58792	500759	1	65.5	100	49.1	96.9	0	65	93	0	0	0
2372227	2576078513	181	1	37	14	500759	104407	1	47.3	95	14.7	56	0	65	93	0	0	0
2372227	2576078601	181	1	37	22	104407	170154	1	14.9	47.3	62.2	20.6	0	65	93	0	0	0
2372227	2576078627	181	1	37	25	170154	0	0	59.4	20	46.7	32.6	0	65	93	0	0	0
2372227	2576078693	407	1	37	29	449718	167432	1	49.1	75.3	39.4	79.9	0	66	94	0	0	0
2372227	2576078705	407	1	37	30	167432	0	0	39.4	79.9	65.6	77.8	0	66	94	0	0	0
2372227	2576078775	181	1	37	35	170116	107594	1	40.2	19.7	43.6	29.1	0	67	95	0	0	0
2372227	2576078827	181	1	37	37	107594	227164	1	43.7	29.4	39.9	41.5	0	67	95	0	0	0
2372227	2576078845	181	1	37	39	227164	225463	1	43.7	42.1	54.2	40.7	0	67	95	0	0	0
2372227	2576078863	181	1	37	40	225463	107594	1	57.1	43.9	53	47.2	0	67	95	0	0	0
2372227	2576078917	181	1	37	42	107594	58792	1	54.3	49.9	68.4	92.3	0	67	95	0	0	0
2372227	2576078995	181	1	37	46	58792	156293	1	80.4	90.9	92.8	37.3	0	67	95	2	0	0
2372227	2576079027	181	1	37	49	156293	80906	1	92.8	37.3	88.6	50.3	0	67	95	0	3	0
2372227	2576081767	407	1	40	48	472194	0	0	3.7	50.5	43.2	80.8	0	68	97	0	0	5
2372227	2576081849	181	1	40	50	170154	80906	1	64.8	5.2	77.7	4.4	0	69	98	0	0	0
2372227	2576081879	181	1	40	55	80906	0	0	76.9	3.4	79.1	5.5	0	69	98	0	0	0
2372227	2576081907	181	1	40	58	170154	0	0	99.1	8.2	97.3	7.1	0	69	99	0	0	0
2372227	2576082353	181	1	41	26	80906	500759	1	99.5	0.5	97.9	26.7	0	69	100	0	0	6
2372227	2576082381	181	1	41	28	500759	80906	1	97.9	26.7	88.1	16.4	0	69	100	0	0	0
2372227	2576082551	181	1	41	29	80906	170154	1	86.2	17.3	84.4	91.8	0	69	100	2	0	0
2372227	2576082577	181	1	41	38	170154	227164	1	73.1	79.3	58.4	59.7	0	69	100	0	0	0
2372227	2576082629	181	1	41	41	227164	0	0	58.4	59.7	40.7	102	0	69	100	0	0	0
2372227	2576082977	407	1	42	2	213469	86398	1	55.9	0	65.5	5.8	0	70	101	0	0	0
2372227	2576083055	181	1	42	8	227164	484753	100	42.8	95.4	45.3	81.2	0	71	102	0	0	0
2372227	2576083183	407	1	42	15	449718	244363	1	44.8	30.9	45.6	21.7	0	72	104	0	0	0
2372227	2576083195	407	1	42	16	244363	213469	1	45.6	21.7	37	29.7	0	72	104	0	0	0
2372227	2576083209	407	1	42	19	213469	451565	1	36.9	29.7	31.8	30.8	0	72	104	0	0	0
2372227	2576083303	407	1	42	20	451565	472194	1	31.7	30.8	9.1	51.8	0	72	104	0	0	0
2372227	2576083371	407	1	42	25	472194	451565	1	8.4	52	20.2	21	0	72	104	0	0	0
2372227	2576083383	407	1	42	29	451565	244363	1	32.7	15.6	42.9	38.6	0	72	104	0	0	0
2372227	2576083395	407	1	42	31	244363	484753	1	42.9	38.6	33.5	50.9	0	72	104	0	0	0
2372227	2576083417	407	1	42	32	484753	0	0	33.5	50.9	64.5	77.8	0	72	104	0	0	0
2372227	2576083859	181	1	42	56	107594	170116	1	52.1	35.2	38	50	0	73	106	0	0	5
2372227	2576083897	181	1	42	59	170116	107594	1	39.2	49.3	41.4	31.6	0	73	106	0	0	0
2372227	2576083949	181	1	43	2	107594	195923	1	43.4	29.7	39.4	13.5	0	73	106	0	0	0
2372227	2576083953	181	1	43	4	195923	107594	1	40.5	11.8	45.6	20.7	0	73	106	0	0	0
2372227	2576083983	181	1	43	5	107594	195923	1	45.7	19.4	38.3	15.8	0	73	106	0	0	0
2372227	2576084005	181	1	43	6	195923	0	0	39.4	14.7	43.8	11.6	0	73	106	0	0	0
2372227	2576084543	181	1	43	38	170154	80906	1	40.1	0	62.7	17.9	0	75	108	0	0	0
2372227	2576084645	407	1	43	45	449718	86398	1	38.3	74.9	43.8	75.3	0	76	109	0	0	0
2372227	2576084657	407	1	43	46	86398	198221	1	43.8	75.3	41.1	60.7	0	76	109	0	0	0
2372227	2576084687	407	1	43	47	198221	449718	1	41.1	60.7	38.5	95.8	0	76	109	0	0	0
2372227	2576084703	407	1	43	50	449718	108438	1	38.6	95.8	45.1	96.8	0	76	109	0	0	0
2372227	2576084767	407	1	43	51	108438	86398	1	45.1	96.8	43.2	88.8	0	76	109	0	0	0
2372227	2576084917	407	1	43	54	86398	108438	1	52.8	88.4	85.8	94.6	0	76	109	0	0	0
2372227	2576084939	407	1	44	2	108438	198221	1	89.5	78	75.7	64.1	0	76	109	0	0	0
2372227	2576084973	407	1	44	3	198221	449718	1	75.7	64.1	72.9	56.1	0	76	109	0	0	0
2372227	2576085113	407	1	44	8	449718	167432	1	73.4	71	68.3	78.3	0	76	110	0	3	0
2372227	2576085213	407	1	44	11	167432	108438	1	67.5	83.1	77.4	91.3	0	76	110	0	0	0
2372227	2576085265	407	1	44	18	108438	449718	1	71.8	90.2	63.7	89.5	0	76	110	0	0	0
2372227	2576085275	407	1	44	19	449718	484753	1	62.5	90.4	64.7	82.6	0	76	110	0	0	0
2372227	2576085303	407	1	44	21	484753	449718	1	64.7	82.6	61.6	90.2	0	76	110	0	0	0
2372227	2576085329	407	1	44	22	449718	484753	1	64.5	90.6	63	82.4	0	76	110	0	0	0
2372227	2576085373	407	1	44	24	484753	449718	1	63	78	65.2	90.2	0	76	110	0	0	0
2372227	2576085441	407	1	44	26	449718	484753	1	66.3	84.9	59	77.2	0	76	110	0	0	0
2372227	2576085493	407	1	44	29	484753	198221	1	64.6	81	72.7	82.6	0	76	110	0	0	0
2372227	2576085541	407	1	44	32	198221	167432	1	73.5	83.3	78.4	94.9	0	76	110	0	0	0
2372227	2576085613	407	1	44	35	167432	449718	1	75.7	93.3	61	92.2	0	76	110	0	0	0
2372227	2576085635	407	1	44	38	449718	487703	1	60.4	89.9	54.7	62.5	0	76	110	0	0	0
2372227	2576085681	407	1	44	40	487703	449718	1	54.7	62.5	56.6	89	0	76	110	0	0	0
2372227	2576085739	407	1	44	43	449718	86398	1	59	92.6	69.8	87.2	0	76	110	0	0	0
2372227	2576085761	407	1	44	45	86398	484753	1	69.7	84.4	62.9	69.8	0	76	110	0	0	0
2372227	2576085799	407	1	44	45	484753	449718	1	62.9	69.8	58.3	90.4	0	76	110	0	0	0
2372227	2576085809	407	1	44	48	449718	487703	1	58.3	90.4	53	74.9	0	76	110	0	0	0
2372227	2576085825	407	1	44	49	487703	449718	1	53	74.9	58	93.3	0	76	110	0	0	0
2372227	2576085853	407	1	44	51	449718	86398	1	58.4	92.9	63.6	97.2	0	76	110	0	0	0
2372227	2576085863	407	1	44	52	86398	449718	1	63.6	97.2	58	95.6	0	76	110	0	0	0
2372227	2576085883	407	1	44	53	449718	86398	1	58	95.6	63	96.1	0	76	110	0	0	0
2372227	2576085893	407	1	44	54	86398	484753	1	62.4	96.3	62.1	90.2	0	76	110	0	0	0
2372227	2576085897	407	1	44	55	484753	449718	1	61.9	89.4	48.8	91	0	76	110	0	0	0
2372227	2576086019	407	1	45	0	449718	487703	1	48.4	87.4	36.6	73.2	0	76	110	0	0	0
2372227	2576086067	407	1	45	3	487703	451565	1	37	71.9	39.9	39.5	0	76	110	0	0	0
2372227	2576086101	407	1	45	6	451565	487703	1	38.1	36.6	31.7	53	0	76	110	0	0	0
2372227	2576086151	407	1	45	9	487703	449718	1	32.5	57.3	34.2	89.7	0	76	110	0	0	0
2372227	2576086183	407	1	45	11	449718	167432	1	34.2	89.9	45.1	95.2	0	76	110	0	0	0
2372227	2576086189	407	1	45	13	167432	0	0	45.1	95.2	46.1	95.2	0	76	110	0	0	0
2372227	2576086313	407	1	45	21	167432	0	1	56.3	100	56.6	94.2	0	76	111	0	0	0
2372227	2576086331	407	1	45	23	484753	167432	1	56.3	92.9	42.6	96.5	0	76	111	0	0	0
2372227	2576086433	407	1	45	25	167432	472194	1	42.9	96.2	14.4	52.8	0	76	111	0	0	0
2372227	2576086467	407	1	45	31	472194	451565	1	14.4	49.1	25.3	33.6	0	76	111	0	0	0
2372227	2576086495	407	1	45	34	451565	484753	1	25.5	33.8	28.7	47.2	0	76	111	0	0	0
2372227	2576086527	407	1	45	35	484753	472194	1	28.6	47	10.9	46.1	0	76	111	0	0	0
2372227	2576086529	407	1	45	37	472194	0	0	11.5	45.9	34.7	-2	0	76	111	0	0	0
2372227	2576086701	181	1	45	46	58792	500759	1	71.2	100	56.3	93.2	0	77	112	0	0	0
2372227	2576086841	181	1	45	51	500759	170116	1	45.7	77.9	36.7	44	0	77	112	0	0	0
2372227	2576086871	181	1	45	56	170116	104407	1	34.4	48.5	15.7	63.1	0	77	112	0	0	0
2372227	2576086981	181	1	45	58	104407	0	1	15.7	63.1	63.4	73.9	0	77	112	0	0	0
2372227	2576087477	407	1	46	36	451565	198221	1	34.9	13.1	68.7	21.7	0	78	113	0	0	5
2372227	2576087481	407	1	46	38	198221	244363	1	66.8	21.1	66.4	13.9	0	78	113	0	0	0
2372227	2576088939	407	1	46	40	198221	0	0	60.7	19	61.8	17.8	0	78	114	0	0	0
2372227	2576087595	181	1	46	43	107594	0	0	38.3	70.1	39.7	69.9	0	79	116	0	0	0
2372227	2576087679	181	1	46	50	225463	0	0	46.3	69.4	41.8	51.3	0	81	119	0	0	0
2372227	2576087725	407	1	46	53	86398	0	1	54.3	47	42.2	41.6	0	82	120	0	0	0
2372227	2576087739	407	1	46	54	487703	484753	1	42.2	41.6	47.6	38.6	0	82	120	0	0	0
2372227	2576087777	407	1	46	56	484753	449718	1	52	40.2	56.6	61.4	0	82	120	0	0	0
2372227	2576087797	407	1	46	58	449718	0	0	57	66.2	84.9	65	0	82	120	0	0	0
2372227	2576088279	181	1	47	25	104407	0	0	14.1	51.3	58.1	37.3	0	83	121	0	0	0
2372227	2576088297	407	1	47	30	449718	108438	1	67.1	66.9	73.8	76.5	0	84	122	0	0	0
2372227	2576088437	407	1	47	41	167432	484753	1	81.6	91.7	70.6	92.7	0	86	124	0	0	0
2372227	2576088463	407	1	47	43	484753	449718	1	70.7	90.8	75.2	82.8	0	86	124	0	0	0
2372227	2576088481	407	1	47	44	449718	484753	1	75.2	82.8	69.6	90.1	0	86	124	0	0	0
2372227	2576088513	407	1	47	45	484753	86398	1	70.1	90.5	72.5	77.1	0	86	124	0	0	0
2372227	2576088535	407	1	47	48	86398	108438	1	70.4	81	72.6	74.8	0	86	124	0	0	0
2372227	2576088633	181	1	47	50	107594	0	1	31.2	28.2	36.7	36.9	0	87	125	0	0	0
2372227	2576089311	181	1	48	24	107594	170154	1	38.6	49.4	70.6	8	0	87	126	0	0	5
2372227	2576089329	181	1	48	26	170154	0	0	70.6	8	96.4	53	0	87	126	2	0	0
2372227	2576089693	407	1	48	47	472194	0	0	13.7	51.2	68.5	18.3	0	88	127	0	0	0
2372227	2576089703	181	1	48	51	170116	0	0	32.6	72.3	43	73.9	0	0	0	0	3	0
2372227	2576090125	407	1	49	13	484753	487703	1	55.8	18.5	44.5	58.5	0	88	128	0	0	5
2372227	2576090363	407	1	49	16	487703	472194	1	44.3	61.6	18.9	53.6	0	88	128	0	0	0
2372227	2576090429	407	1	49	28	472194	0	0	22.5	50.5	62.5	90.1	0	88	129	0	0	0
2372227	2576090475	181	1	49	31	195923	227164	1	34.4	19.4	43.9	31.5	0	0	0	0	3	0
2372227	2576090503	181	1	49	33	227164	0	0	43.9	31.5	38.9	27.7	0	0	0	0	3	0
2372227	2576090541	407	1	49	35	484753	0	0	60.9	73.3	62.6	77.2	0	0	0	0	3	0
2372227	2576090597	181	1	49	36	225463	170154	1	39.9	22.2	40.8	11.3	0	89	130	0	0	0
2372227	2576090607	181	1	49	38	170154	0	0	40	6.8	42.3	7	0	89	130	0	0	0
2372227	2576090885	181	1	49	53	170154	80906	1	41.5	0	43.7	10.7	0	89	131	0	0	0
2372227	2576090911	181	1	49	56	80906	195923	1	42.2	11.7	32.4	4.9	0	89	131	0	0	0
2372227	2576092103	407	1	51	11	487703	449718	1	39	86.1	67	91.3	0	90	132	0	0	5
2372227	2576092435	181	1	51	33	104407	80906	1	31.7	19.8	70.4	3.5	0	91	133	0	0	5
2372227	2576109697	407	2	45	0	86398	0	1	50.1	50.2	40.7	48.9	0	92	134	0	0	0
2372227	2576109725	407	2	45	4	484753	167432	1	41.5	49.5	38.9	78.8	0	92	134	0	0	0
2372227	2576109839	407	2	45	5	167432	487703	1	38.4	78.1	26.2	67.1	0	92	134	0	0	0
2372227	2576109905	407	2	45	12	487703	167432	1	30.7	70.8	37.3	91.8	0	92	134	0	0	0
2372227	2576109973	407	2	45	16	167432	472194	1	33.9	84.2	10.8	64.6	0	92	134	0	0	0
2372227	2576110037	407	2	45	20	472194	244363	1	8.3	52	41.6	6.7	0	92	134	0	0	0
2372227	2576110045	407	2	45	24	244363	0	0	41.6	6.7	59.3	24.9	0	92	134	0	3	0
2372227	2576110133	181	2	45	27	105571	104407	1	33.5	68.6	6	44.3	0	93	135	0	0	0
2372227	2576110227	181	2	45	34	104407	170116	1	6.1	35.7	10.6	8	0	93	135	0	0	0
2372227	2576110287	181	2	45	38	170116	0	0	17.8	5	56.1	31.4	0	93	135	0	0	0
2372227	2576110319	407	2	45	40	487703	0	0	39.7	75.1	56.3	56.4	0	0	0	0	3	0
2372227	2576110379	407	2	45	43	449718	0	1	57.3	57.3	61.4	43.2	0	94	136	0	3	0
2372227	2576110845	407	2	45	47	244363	0	1	61.1	35.6	38.4	41.1	0	94	136	0	0	0
2372227	2576110897	407	2	46	8	451565	484753	1	36.1	30.2	36.1	37.7	0	94	137	0	0	0
2372227	2576110921	407	2	46	9	484753	451565	1	36.1	37.4	37.6	26.3	0	94	137	0	0	0
2372227	2576110937	407	2	46	11	451565	213469	1	37.8	24	36.8	2.6	0	94	137	0	0	0
2372227	2576110953	407	2	46	14	213469	244363	1	36.9	2.6	42.5	3.3	0	94	137	0	0	0
2372227	2576111025	181	2	46	17	169007	0	0	54.9	85.7	74.6	43	0	95	138	0	0	0
2372227	2576111069	407	2	46	20	167432	472194	1	20.2	62.7	9.5	60	0	96	139	0	0	0
2372227	2576111141	407	2	46	24	472194	0	0	8.7	72.3	47.5	91.7	0	96	139	0	0	0
2372227	2576111183	181	2	46	28	170116	0	0	50.9	10.6	55	5.8	0	0	0	0	3	0
2372227	2576111495	407	2	46	49	167432	0	0	43.3	100	57.4	96.9	0	96	140	0	0	0
2372227	2576111607	181	2	46	53	170116	0	0	28.7	7.1	74.6	23.7	0	97	141	0	0	0
2372227	2576112043	181	2	47	16	170154	156293	1	68.8	0	66.4	24.9	0	97	142	0	0	0
2372227	2576112075	181	2	47	20	156293	105571	1	65.7	25.5	53.9	46.4	0	97	142	0	0	0
2372227	2576112153	181	2	47	22	105571	58792	1	53.5	47.6	54	85	0	97	142	0	0	0
2372227	2576112181	181	2	47	27	58792	225463	1	57.6	85	65.6	78.4	0	97	142	0	0	0
2372227	2576112191	181	2	47	29	225463	0	0	64.9	77.8	63	78.8	0	97	142	0	0	0
2372227	2576112269	407	2	47	30	244363	484753	1	31.8	4.9	32.7	21.7	0	98	143	0	0	0
2372227	2576112309	407	2	47	33	484753	198221	1	33.8	21.5	37.5	6.2	0	98	143	0	0	0
2372227	2576112333	407	2	47	34	198221	484753	1	37.4	6.2	36.6	15.6	0	98	143	0	0	0
2372227	2576112379	407	2	47	35	484753	213469	1	36.6	16	27.6	11.2	0	98	143	0	0	0
2372227	2576112457	407	2	47	38	213469	484753	1	27.3	12.1	33.7	17.8	0	98	143	0	0	0
2372227	2576112525	407	2	47	46	484753	451565	1	38	18.7	28.6	41.8	0	98	143	0	0	0
2372227	2576112573	407	2	47	49	451565	484753	1	30.8	30.1	39.4	8.3	0	98	143	0	0	0
2372227	2576112639	407	2	47	52	484753	244363	1	41.6	6	60	0.8	0	98	143	0	0	0
2372227	2576112687	181	2	47	56	227164	58792	1	48.9	91.3	41	96.6	0	99	144	0	0	0
2372227	2576112733	181	2	47	57	58792	107594	1	39.3	93	40.6	78.1	0	99	144	0	0	0
2372227	2576112745	181	2	47	58	107594	227164	1	41.6	76.6	51.4	83.8	0	99	144	0	0	0
2372227	2576112749	181	2	48	0	227164	225463	1	51.4	83.8	52.8	95.3	0	99	144	0	0	0
2372227	2576112799	181	2	48	1	225463	58792	1	52.8	95.3	43.4	96.6	0	99	144	0	0	0
2372227	2576112831	181	2	48	4	58792	105571	1	34.6	83.6	27.3	70	0	99	144	0	0	0
2372227	2576112975	181	2	48	6	105571	170116	1	26.9	66.7	27.7	35.8	0	99	144	0	0	0
2372227	2576113001	181	2	48	14	170116	167432	100	53.5	28.2	66.7	15	0	99	144	0	0	0
2372227	2576113327	181	2	48	29	170154	170116	1	66	0	45.9	6.8	0	99	145	0	0	0
2372227	2576113415	181	2	48	34	170116	105571	1	43.4	10.9	37	47.2	0	99	145	0	0	0
2372227	2576113463	181	2	48	39	105571	58792	1	55.8	68.5	54.2	96.2	0	99	145	0	0	0
2372227	2576113527	181	2	48	42	58792	227164	1	53.6	94.7	96.7	86.3	0	99	145	0	0	0
2372227	2576114027	407	2	49	12	487703	472194	1	5.1	58	6.9	49.8	0	100	146	0	0	0
2372227	2576114191	407	2	49	17	472194	58792	100	10.2	46.8	60.6	28.3	0	100	146	0	0	0
2372227	2576114261	407	2	49	24	86398	244363	1	61.1	37.7	55.3	32.2	0	100	148	0	0	0
2372227	2576114305	407	2	49	25	244363	449718	1	58.5	31.4	52.4	36.9	0	100	148	0	0	0
2372227	2576114325	407	2	49	26	449718	244363	1	53.5	35.6	57.1	25.6	0	100	148	0	0	0
2372227	2576114399	407	2	49	28	244363	487703	1	55.8	30.6	41.5	62.8	0	100	148	0	0	0
2372227	2576114447	407	2	49	31	487703	198221	1	40.3	59.8	48.9	60.8	0	100	148	0	0	0
2372227	2576114487	407	2	49	33	198221	449718	1	47.9	59	54.6	43.7	0	100	148	0	0	0
2372227	2576114533	407	2	49	34	449718	86398	1	54.6	41	57.3	52.8	0	100	148	0	0	0
2372227	2576114663	407	2	49	38	86398	108438	1	61.5	68.7	70.7	92.7	0	100	148	0	0	0
2372227	2576114961	181	2	49	48	104407	170154	1	13.6	40.1	82.5	9.5	0	101	149	0	0	0
2372227	2576114991	181	2	50	0	170154	0	0	96.1	13.4	91.6	44.6	0	101	150	2	0	0
2372227	2576115085	407	2	50	3	198221	0	0	22.1	53.9	33.5	45	0	0	0	0	3	0
2372227	2576115099	181	2	50	4	58792	0	0	64	64.9	72.4	49.7	0	0	0	0	3	0
2372227	2576115135	407	2	50	6	198221	0	0	30.2	55	39.5	77.6	0	0	0	0	3	0
2372227	2576115205	181	2	50	8	80906	0	0	58.3	21.2	68.2	-1.7	0	0	0	0	3	0
2372227	2576115765	407	2	50	39	167432	86398	1	37.6	100	42.1	93.1	0	102	151	0	0	0
2372227	2576115775	407	2	50	40	86398	0	0	42.1	93.1	54.9	81.3	0	102	151	0	0	0
2372227	2576115793	181	2	50	42	170154	0	0	42.5	20	60.2	23.6	0	103	152	0	0	0
2372227	2576115865	407	2	50	45	487703	0	0	39.6	76.4	58.8	74.8	0	104	153	0	0	0
2372227	2576115877	181	2	50	47	170154	0	1	38	23.7	53.2	20.3	0	105	154	0	3	0
2372227	2576115915	181	2	50	49	80906	107594	1	53.2	21.9	42.2	24.7	0	105	154	0	0	0
2372227	2576115945	181	2	50	51	107594	170154	1	42.2	24.7	51.7	6.7	0	105	154	0	0	0
2372227	2576116051	181	2	50	53	170154	0	0	51.7	6.7	101.3	21.8	0	105	154	0	0	0
2372227	2576116699	407	2	51	26	472194	0	0	4	53	58.3	53.4	0	106	155	0	0	0
2372227	2576116535	181	2	51	29	105571	0	0	32.2	50.4	55	38	0	107	156	0	0	0
2372227	2576116599	407	2	51	31	198221	0	0	40	61	43.4	60.2	0	108	157	0	0	0
2372227	2576116639	181	2	51	33	170116	0	1	45.7	43.1	60.8	64.6	0	109	158	0	0	0
2372227	2576116645	181	2	51	34	169007	227164	1	61.7	71.7	60	68.6	0	109	158	0	0	0
2372227	2576116717	181	2	51	35	227164	169007	1	63	62.7	60.3	75.3	0	109	158	0	0	0
2372227	2576116733	181	2	51	41	169007	58792	1	58.6	78.7	59.2	90.3	0	109	158	0	0	0
2372227	2576116771	181	2	51	43	58792	169007	1	59	90.9	56	82.1	0	109	158	0	0	0
2372227	2576116793	181	2	51	46	169007	156293	1	57.9	73.2	67.4	64.3	0	109	158	0	0	0
2372227	2576116951	181	2	51	47	156293	227164	1	67.4	64.3	85.6	69.7	0	109	158	0	0	0
2372227	2576117101	181	2	52	0	80906	169007	1	92.4	0	90	12.3	0	111	160	0	0	0
2372227	2576117129	181	2	52	3	169007	0	0	90.7	3.7	93.6	43	0	111	160	2	0	0
2372227	2576117237	407	2	52	7	167432	198221	1	1.6	87.8	7.5	91.9	0	112	161	0	0	0
2372227	2576117259	407	2	52	9	198221	0	1	15.1	94.3	29.2	95.2	0	112	161	0	0	0
2372227	2576118765	407	2	53	35	484753	0	1	31.9	85.8	44	86.5	0	112	162	0	0	5
2372227	2576118843	407	2	53	40	449718	198221	1	58.3	74.8	54.6	63.1	0	112	162	0	0	0
2372227	2576118871	407	2	53	41	198221	86398	1	59.8	61.8	61.3	52.8	0	112	162	0	0	0
2372227	2576118899	407	2	53	42	86398	484753	1	62.7	52.4	52.1	52.4	0	112	162	0	0	0
2372227	2576119023	407	2	53	44	484753	86398	1	54.2	50.2	57	38.2	0	112	162	0	0	0
2372227	2576119037	407	2	53	51	86398	484753	1	61.1	27.9	55.8	32.7	0	112	162	0	0	0
2372227	2576119101	407	2	53	52	484753	198221	1	55.4	32.5	63.1	14.9	0	112	162	0	0	0
2372227	2576119143	407	2	53	55	198221	86398	1	63.5	8.9	67.5	22.2	0	112	162	0	0	0
2372227	2576119199	407	2	53	56	86398	198221	1	67	22.4	62.7	11	0	112	162	0	0	0
2372227	2576119213	407	2	53	57	198221	86398	1	59.5	11.9	63.1	26.1	0	112	162	0	0	0
2372227	2576119227	407	2	53	58	86398	198221	1	63.1	26.1	59.3	12.4	0	112	162	0	0	0
2372227	2576119231	407	2	53	59	198221	484753	1	63.1	6	55	15.1	0	112	162	0	0	0
2372227	2576119249	407	2	54	2	484753	225463	100	52.1	5.6	66.1	8.3	0	112	162	0	0	0
2372227	2576119479	407	2	54	15	213469	58792	100	59.9	0	75	5.1	0	112	163	0	0	0
2372227	2576119517	181	2	54	18	169007	156293	1	35.7	85	41.3	82.9	0	113	164	0	0	0
2372227	2576119537	181	2	54	21	156293	0	0	41.7	82.6	48.6	84.3	0	113	165	0	0	0
2372227	2576119645	407	2	54	24	451565	472194	1	35.5	21.7	10.9	42.3	0	114	166	0	0	0
2372227	2576119729	407	2	54	28	472194	0	0	11.1	37.3	64.8	21.5	0	114	166	0	0	0
2372227	2576119771	181	2	54	32	105571	0	0	34	77.5	51.9	92.1	0	0	0	0	3	0
2372227	2576119817	407	2	54	36	213469	244363	1	50.9	3.5	56.5	2.3	0	114	167	0	0	0
2372227	2576120157	181	2	54	57	58792	156293	1	40.9	100	52.7	91.2	0	115	168	0	0	0
2372227	2576120199	181	2	54	59	156293	107594	1	52.7	90.9	46.6	82	0	115	168	0	0	0
2372227	2576120371	181	2	55	0	107594	170154	1	47.7	78.7	64.3	21.8	0	115	168	0	0	0
2372227	2576121281	407	2	56	1	472194	0	0	25	76.2	69.4	45.2	0	116	169	0	0	5
2372227	2576121319	181	2	56	5	58792	170154	1	26	62.3	27.4	32.2	0	0	0	0	3	0
2372227	2576121383	181	2	56	7	170154	0	0	25.1	28.3	33.7	35.7	0	0	0	0	3	0
2372227	2576121409	407	2	56	10	449718	0	0	60.5	65.5	61.4	65.8	0	0	0	0	3	0
2372227	2576121519	181	2	56	12	227164	0	1	34.9	43.6	64	79.9	0	117	170	0	0	0
2372227	2576122295	181	2	57	5	169007	0	0	60.1	81.1	85.2	57	0	117	171	2	0	5
2372227	2576122385	181	2	57	9	227164	0	0	72.5	59.3	93.6	54.5	0	117	172	0	0	0
2372227	2576122601	407	2	57	21	472194	484753	1	8.8	47.2	23.8	43.3	0	118	173	0	0	0
2372227	2576122617	407	2	57	23	484753	451565	1	29.3	48.8	23.1	33.6	0	118	173	0	0	0
2372227	2576122645	407	2	57	25	451565	86398	1	23.1	33.3	31.2	30.4	0	118	173	0	0	0
2372227	2576122705	407	2	57	27	86398	472194	1	31.2	30.4	10.3	46.1	0	118	173	0	0	0
2372227	2576122743	407	2	57	29	472194	487703	1	10.8	45.4	15.9	64.1	0	118	173	0	0	0
2372227	2576122773	407	2	57	32	487703	484753	1	18.9	62.5	27.1	62.5	0	118	173	0	0	0
2372227	2576122811	407	2	57	34	484753	167432	1	23.2	63.7	27.8	86	0	118	173	0	0	0
2372227	2576122827	407	2	57	37	167432	487703	1	28.8	81.5	23	72.8	0	118	173	0	0	0
2372227	2576122893	407	2	57	39	487703	484753	1	23	72.8	33.2	90.2	0	118	173	0	0	0
2372227	2576122937	407	2	57	44	484753	108438	1	50.7	92.7	60.1	94.2	0	118	173	0	0	0
2372227	2576122953	407	2	57	45	108438	484753	1	54.7	93.3	43.8	95.2	0	118	173	0	0	0
2372227	2576123025	407	2	57	48	484753	449718	1	43.8	95.2	43.4	66.2	0	118	173	0	0	0
2372227	2576123051	407	2	57	50	449718	451565	1	45.5	59.8	43.7	36.5	0	118	173	0	0	0
2372227	2576123073	407	2	57	53	451565	86398	1	41.6	35.3	48.1	34.5	0	118	173	0	0	0
2372227	2576123103	407	2	57	54	86398	451565	1	46.2	31.3	35.2	32.4	0	118	173	0	0	0
2372227	2576123239	407	2	57	56	451565	472194	1	33.4	33.6	14.8	45.2	0	118	173	0	0	0
2372227	2576123319	407	2	58	6	472194	244363	1	14.3	45.2	60.9	18.3	0	118	173	0	0	0
2372227	2576123337	407	2	58	9	244363	0	0	60.6	18.3	60.6	18.5	0	118	173	0	3	0
2372227	2576123439	407	2	58	10	86398	213469	1	57	17.2	46.1	5.8	0	118	174	0	0	0
2372227	2576123479	407	2	58	15	213469	484753	1	43.6	8.5	41.6	23.8	0	118	174	0	0	0
2372227	2576123533	407	2	58	18	484753	449718	1	44.3	26.1	56	18.5	0	118	174	0	0	0
2372227	2576123537	407	2	58	21	449718	198221	1	56.3	17.9	53.5	29.5	0	118	174	0	0	0
2372227	2576123549	407	2	58	22	198221	449718	1	53.5	29.5	53.9	22.8	0	118	174	0	0	0
2372227	2576123591	407	2	58	23	449718	86398	1	53.9	22.8	58	39.1	0	118	174	0	0	0
2372227	2576123625	407	2	58	25	86398	167432	1	59.3	37.4	61.7	58	0	118	174	0	0	0
2372227	2576123677	407	2	58	27	167432	86398	1	65	54.2	59.5	49.9	0	118	174	0	0	0
2372227	2576123701	407	2	58	30	86398	170154	100	63.7	63.9	73.9	84	0	118	174	0	0	0
2372227	2576123797	181	2	58	34	170154	169007	1	40.5	23.9	43.7	50.1	0	119	175	0	0	0
2372227	2576123899	181	2	58	38	169007	225463	1	45.1	53.9	61.3	95.7	0	119	175	0	0	0
2372227	2576123969	181	2	58	43	225463	169007	1	69.6	83.8	65.7	75.7	0	119	175	0	0	0
2372227	2576123999	181	2	58	47	169007	58792	1	62.5	77.5	73.6	92.4	0	119	175	0	0	0
2372227	2576124033	181	2	58	50	58792	0	0	71.4	89.7	100.7	29.1	0	119	175	2	0	0
2372227	2576125061	407	2	60	6	487703	472194	1	4.8	57.7	8.3	50.1	0	120	176	0	0	0
2372227	2576125081	407	2	60	8	472194	0	0	8.5	49.5	42.4	47.8	0	120	176	0	0	0
2372227	2576125097	181	2	60	11	170116	0	1	56.3	52.4	69.8	68.2	0	121	177	0	3	0
2372227	2576125125	181	2	60	13	185126	485385	1	68.8	67.9	67.3	56	0	121	177	0	0	0
2372227	2576125189	181	2	60	15	485385	80906	1	67.5	53.7	85.1	26.5	0	121	177	0	0	0
2372227	2576125215	181	2	60	21	80906	485385	1	85.3	15.3	89.2	9.7	0	121	177	0	0	0
2372227	2576125261	181	2	60	23	485385	227164	1	87.7	11.3	74.3	24.1	0	121	177	0	0	0
2372227	2576125811	407	2	61	4	487703	472194	1	4.7	56.4	8.3	45.7	0	122	179	0	0	0
2372227	2576125859	407	2	61	9	472194	105571	100	8.4	45.5	59.9	39.8	0	122	179	0	0	0
2372227	2576125915	181	2	61	15	485385	227164	1	51.8	54.8	44.8	42.1	0	123	180	0	0	0
2372227	2576125963	181	2	61	21	227164	80906	1	57.4	22.8	57.9	10.6	0	123	180	0	0	0
2372227	2576126013	181	2	61	22	80906	485385	1	57.9	8.9	54.9	29.8	0	123	180	0	0	0
2372227	2576126037	181	2	61	25	485385	105571	1	57.7	34.6	52.1	60	0	123	180	0	0	0
2372227	2576126061	181	2	61	26	105571	58792	1	52.1	60	56.9	94.8	0	123	180	0	0	0
2372227	2576126087	181	2	61	31	58792	485385	1	58.9	96.3	53.9	84.8	0	123	180	0	0	0
2372227	2576126127	181	2	61	33	485385	169007	1	53.6	81.4	58.3	72.4	0	123	180	0	0	0
2372227	2576126143	181	2	61	36	169007	487703	100	60.3	68.7	75.7	48.4	0	123	180	0	0	0
2372227	2576126287	181	2	61	44	170116	104407	1	43.2	6.8	20.4	33.9	0	123	181	0	0	0
2372227	2576126393	181	2	61	48	104407	170154	1	23.1	21.9	80.2	8.1	0	123	181	0	0	0
2372227	2576126399	181	2	61	55	170154	0	0	96.8	25.8	91.7	38.2	0	123	181	0	0	0
2372227	2576126975	407	2	62	34	167432	0	0	24.6	91.5	45.3	90.4	0	124	183	0	0	5
2372227	2576126993	181	2	62	43	80906	227164	1	74.5	4.1	73.6	31.8	0	125	184	0	0	0
2372227	2576127371	407	2	63	7	487703	484753	1	28.3	57.5	29.4	50	0	126	185	0	0	5
2372227	2576127391	407	2	63	9	484753	0	1	29.4	49.8	42.1	72.8	0	126	185	0	0	0
2372227	2576128161	407	2	64	23	487703	108438	1	34.9	69.6	59.6	87.2	0	126	186	0	0	5
2372227	2576128169	407	2	64	23	108438	0	0	59.5	87.2	71.8	89.2	0	126	186	0	0	0
2372227	2576128189	181	2	64	26	170116	104407	1	22.4	17.4	6.7	43.9	0	127	187	0	0	0
2372227	2576128251	181	2	64	28	104407	0	0	7.3	43.3	54.4	10.8	0	127	187	0	0	0
2372227	2576128349	181	2	64	38	80906	0	1	35.7	3.8	55.3	16.4	0	129	189	0	0	0
2372227	2576128487	181	2	64	48	80906	227164	1	52.3	19.2	45.9	27.4	0	129	190	0	0	5
2372227	2576128511	181	2	64	50	227164	485385	1	45.4	27.6	47	45.4	0	129	190	0	0	0
2372227	2576128555	181	2	64	52	485385	105571	1	46.6	54.6	39.2	68.4	0	129	190	0	0	0
2372227	2576128601	181	2	64	55	105571	58792	1	38.6	70.2	54.9	95.3	0	129	190	0	0	0
2372227	2576128645	181	2	65	1	58792	485385	1	67.5	91.4	60.3	82	0	129	190	0	0	0
2372227	2576128709	181	2	65	4	485385	58792	1	60.1	80.9	72.9	96.5	0	129	190	0	0	0
2372227	2576128761	181	2	65	8	58792	485385	1	76.1	96.3	66.5	86.6	0	129	190	0	0	0
2372227	2576128849	181	2	65	11	485385	170116	1	60.7	75.4	51.9	46.3	0	129	190	0	0	0
2372227	2576128891	181	2	65	17	170116	487703	100	57.8	23.6	71.6	28.5	0	129	190	0	0	0
2372227	2576129825	181	2	66	15	169007	0	0	73.9	23.5	101.1	63.7	0	129	191	2	0	5
2372227	2576130409	407	2	66	45	487703	472194	1	4.8	56.7	4.8	49.7	0	130	192	0	0	0
2372227	2576130453	407	2	66	48	472194	170864	1	9.7	41.8	53.5	11	0	130	192	0	0	0
2372227	2576130515	407	2	66	55	170864	86398	1	54.7	28.1	64	33.3	0	130	192	0	0	0
2372227	2576130595	407	2	66	57	86398	198221	1	63.4	32.9	75.3	7.4	0	130	192	0	0	0
2372227	2576130615	407	2	67	1	198221	86398	1	75.2	8.7	68.8	35.4	0	130	192	0	0	0
2372227	2576130659	407	2	67	3	86398	484693	1	68.9	37.5	68.9	68.2	0	130	192	0	0	0
2372227	2576130735	407	2	67	6	484693	108438	1	67.2	71.4	75	86.9	0	130	192	0	0	0
2372227	2576130769	407	2	67	8	108438	449718	1	75	86	96.4	75.5	0	130	192	0	0	0
2372227	2576130771	407	2	67	10	449718	0	0	96.4	75.5	95.7	72.8	0	130	192	0	0	0
2372227	2576131439	407	2	67	49	86398	484753	1	99.5	99.5	83.7	88.3	0	130	193	0	0	6
2372227	2576131455	407	2	67	50	484753	86398	1	83.6	85.3	90.3	91.3	0	130	193	0	0	0
2372227	2576131557	407	2	67	52	86398	484753	1	88	90.4	78.8	81.9	0	130	193	0	0	0
2372227	2576135891	181	2	67	59	170154	0	0	7.3	66	61.1	101.4	0	131	194	0	0	0
2372227	2576132141	407	2	68	23	213469	472194	1	34	0	11.5	39.3	0	132	195	0	0	0
2372227	2576132191	407	2	68	28	472194	0	0	10.8	45.6	53.4	56.3	0	132	195	0	0	0
2372227	2576132215	181	2	68	31	170116	0	0	44.7	46.1	62	41.6	0	0	0	0	3	0
2372227	2576132265	407	2	68	32	487703	0	0	35.5	54.8	41.7	65.3	0	0	0	0	3	0
2372227	2576133343	407	2	68	34	449718	0	0	43.7	61.2	42.4	60.2	0	0	0	0	3	0
2372227	2576132299	407	2	68	35	484753	0	0	34.8	58.7	21.7	78.3	0	0	0	0	3	0
2372227	2576132347	181	2	68	40	185126	0	0	92.5	24.3	92.7	38.2	0	133	196	0	0	0
2372227	2576133027	181	2	69	7	169007	105571	1	99.1	0.4	92.7	47.8	0	133	197	2	0	6
2372227	2576133891	407	2	70	8	449718	0	1	50.1	49.8	42.7	62.6	0	134	198	0	0	0
2372227	2576134047	407	2	70	24	484753	86398	1	53.8	64.6	62.7	66	0	134	199	0	0	5
2372227	2576134053	181	2	70	27	485385	0	1	28.6	33.6	21.1	34.5	0	135	200	0	0	0
2372227	2576134077	181	2	70	28	170116	80906	1	24.4	33	31.7	32.8	0	135	200	0	0	0
2372227	2576134087	181	2	70	29	80906	0	1	31.7	32.8	34.4	62.3	0	135	200	0	0	0
2372227	2576134245	181	2	70	32	169007	58792	1	34.4	62.3	42.8	85.7	0	135	200	0	0	0
2372227	2576134265	181	2	70	42	58792	485385	1	67.5	76	61.3	72.3	0	135	200	0	0	0
2372227	2576134333	181	2	70	43	485385	105571	1	60.7	72.3	41.8	82.6	0	135	200	0	0	0
2372227	2576134339	181	2	70	45	105571	0	0	41.8	81.7	58.7	82.6	0	135	200	0	0	0
2372227	2576134433	407	2	70	49	198221	0	1	51.7	6.2	57.1	2.9	0	136	201	0	0	0
2372227	2576134799	407	2	71	16	213469	86398	1	53	4.6	52.7	11.5	0	136	202	0	0	5
2372227	2576134843	407	2	71	19	86398	451565	1	46.3	10.8	36	23.5	0	136	202	0	0	0
2372227	2576134883	407	2	71	23	451565	487703	1	36.9	27	31.5	53.9	0	136	202	0	0	0
2372227	2576134943	407	2	71	28	487703	449718	1	30.8	56.7	38.5	50.1	0	136	202	0	0	0
2372227	2576135037	407	2	71	29	449718	487703	1	38.7	51.3	31.2	59.4	0	136	202	0	0	0
2372227	2576135123	407	2	71	36	487703	213469	1	34.5	61	49.1	3.2	0	136	202	0	0	0
2372227	2576135129	407	2	71	41	213469	0	0	54.5	1.9	55.5	2.8	0	136	202	0	0	0
2372227	2576135265	407	2	71	47	213469	86398	1	54.7	0	60.3	22.6	0	136	203	0	0	0
2372227	2576135273	407	2	71	49	86398	0	0	62.7	24.7	69.2	27.2	0	136	203	0	0	0
2372227	2576135311	181	2	71	50	105571	0	0	24.8	65.8	54.9	56.3	0	137	204	0	0	0
2372227	2576135347	407	2	71	52	487703	213469	1	44.6	42.7	57.3	18.8	0	0	0	0	3	0
2372227	2576135373	407	2	71	55	213469	170864	1	58	16.5	68.3	15.1	0	0	0	0	3	0
2372227	2576135379	407	2	71	56	170864	0	0	68.3	15.1	66.8	21.3	0	0	0	0	3	0
2372227	2576135427	181	2	71	57	105571	485385	1	26.6	74.5	32.3	72.7	0	137	205	0	3	0
2372227	2576135465	181	2	71	58	485385	170116	1	31.9	72.4	23.6	61.2	0	137	205	0	0	0
2372227	2576135519	181	2	72	2	170116	104407	1	11.6	52.8	3.6	31	0	137	205	0	0	0
2372227	2576135597	181	2	72	4	104407	0	0	4.1	31.5	61.5	34.6	0	137	205	0	0	0
2372227	2576135645	407	2	72	9	487703	0	1	32.2	68.3	38.6	84.5	0	0	0	0	3	0
2372227	2576136037	407	2	72	32	487703	484753	1	34.2	95.9	29.6	83.8	0	138	206	0	0	5
2372227	2576136115	407	2	72	42	484753	487703	1	32.3	63.7	34.5	84.5	0	138	207	0	0	0
2372227	2576136169	407	2	72	47	487703	108438	1	40.2	88.8	55	87.8	0	138	207	0	0	0
2372227	2576136255	407	2	72	50	108438	0	0	53.7	90.9	55.7	101.4	0	138	207	0	0	0
2372227	2576136641	181	2	73	16	170154	170116	1	53.4	0	32	5.2	0	139	208	0	0	0
2372227	2576136681	181	2	73	20	170116	105571	1	33.6	15.8	25.6	43.6	0	139	208	0	0	0
2372227	2576136769	181	2	73	24	105571	104407	1	28.6	46.6	9.8	48	0	139	208	0	0	0
2372227	2576136863	181	2	73	30	104407	0	1	18.1	38.2	59.1	30.1	0	139	208	0	0	0
2372227	2576137035	407	2	73	45	484753	449718	1	35.3	66.9	42	70.8	0	140	209	0	0	5
2372227	2576137045	407	2	73	47	449718	487703	1	42	70.8	35	79.9	0	140	209	0	0	0
2372227	2576137065	407	2	73	49	487703	449718	1	35	79.9	38.9	83.5	0	140	209	0	0	0
2372227	2576137101	407	2	73	51	449718	484693	1	41.6	84.7	42.6	94.7	0	140	209	0	0	0
2372227	2576137131	407	2	73	53	484693	108438	1	42.6	94.7	57	95.4	0	140	209	0	0	0
2372227	2576137359	181	2	74	0	170154	0	0	33.3	0	60.9	9.8	0	141	210	0	0	0
2372227	2576137935	407	2	74	35	472194	0	0	4.1	50.4	60.6	69.2	0	142	211	0	0	0
2372227	2576138263	181	2	74	58	170116	227164	1	32.7	34.2	37.8	27.6	0	143	212	0	0	5
2372227	2576138283	181	2	74	59	227164	170116	1	37.8	27.6	31.5	37.4	0	143	212	0	0	0
2372227	2576138301	181	2	75	0	170116	485385	1	30.8	38.6	37.2	43.9	0	143	212	0	0	0
2372227	2576138331	181	2	75	1	485385	170116	1	37.2	43.9	29.5	47.5	0	143	212	0	0	0
2372227	2576138369	181	2	75	4	170116	104407	1	27.7	49.7	8.5	36.9	0	143	212	0	0	0
2372227	2576138439	181	2	75	6	104407	156293	1	9.1	36.9	58.4	38	0	143	212	0	0	0
2372227	2576138477	181	2	75	9	156293	0	0	58.4	38	64.8	25.6	0	143	212	0	3	0
2372227	2576138523	407	2	75	11	484693	0	0	33.9	84.4	70.4	102	0	144	213	0	0	0
2372227	2576140577	181	2	77	18	170154	0	0	38.8	0	61.4	4.9	0	145	214	0	0	0
2372227	2576140989	181	2	77	43	170154	0	0	62.2	0	79.1	32.7	0	145	215	0	0	0
2372227	2576141025	407	2	77	45	449718	0	1	21.5	64.2	29.2	69.4	0	146	216	0	3	0
2372227	2576141297	407	2	78	1	484753	451565	1	31.2	55.2	30.9	32.4	0	146	217	0	0	5
2372227	2576141335	407	2	78	3	451565	213469	1	29.9	31.3	35.2	12.4	0	146	217	0	0	0
2372227	2576141377	407	2	78	6	213469	484753	1	33.5	9.8	34.9	19.5	0	146	217	0	0	0
2372227	2576141467	407	2	78	8	484753	198221	1	36.1	19.7	52.9	23.5	0	146	217	0	0	0
2372227	2576141481	407	2	78	9	198221	86398	1	52.8	25.6	55.6	46.6	0	146	217	0	0	0
2372227	2576141533	407	2	78	12	86398	108438	1	62.5	43.6	73.3	69.9	0	146	217	0	0	0
2372227	2576141573	407	2	78	16	108438	484693	1	75.7	74.8	91.9	85.4	0	146	217	0	0	0
2372227	2576141579	407	2	78	18	484693	0	0	91.9	85.4	90.6	78	0	146	217	0	0	0
2372227	2576142045	181	2	78	44	104407	170116	1	4.5	48.5	8.3	33.3	0	147	219	0	0	0
2372227	2576142145	181	2	78	47	170116	104407	1	9.7	32.8	3.7	48.7	0	147	219	0	0	0
2372227	2576142157	181	2	78	50	104407	170116	1	4.2	46.4	13	14.6	0	147	219	0	0	0
2372227	2576142227	181	2	78	54	170116	185126	1	14.9	13.5	59.8	29.1	0	147	219	0	0	0
2372227	2576143447	407	2	78	58	484753	0	0	32.3	68.3	37.4	67.8	0	148	220	0	0	0
2372227	2576142749	407	2	79	24	487703	484753	1	31.8	62.3	33.2	65.5	0	148	221	0	0	5
2372227	2576142835	407	2	79	27	484753	449718	1	37.4	71.7	43.5	64.2	0	148	221	0	0	0
2372227	2576142863	407	2	79	32	449718	86398	1	46	74.8	47.3	93.8	0	148	221	0	0	0
2372227	2576142875	407	2	79	34	86398	484693	1	47.5	93.8	35.6	86.5	0	148	221	0	0	0
2372227	2576142929	407	2	79	36	484693	487703	1	37.9	84.9	32.3	70.3	0	148	221	0	0	0
2372227	2576143021	407	2	79	39	487703	449718	1	27.6	66.7	36.3	68.7	0	148	221	0	0	0
2372227	2576143047	407	2	79	40	449718	487703	1	37.5	69.2	28.4	70.1	0	148	221	0	0	0
2372227	2576143093	407	2	79	42	487703	484693	1	28.3	70.1	34.2	80.8	0	148	221	0	0	0
2372227	2576143103	407	2	79	45	484693	487703	1	35.4	85.8	29.1	70.5	0	148	221	0	0	0
2372227	2576143119	407	2	79	46	487703	86398	1	29.1	70.5	35.2	69.8	0	148	221	0	0	0
2372227	2576143157	407	2	79	49	86398	484753	1	31.5	68.5	36.8	57.1	0	148	221	0	0	0
2372227	2576143219	407	2	79	51	484753	484693	1	42.1	70.1	35.4	88.6	0	148	221	0	0	0
2372227	2576143261	407	2	79	53	484693	487703	1	36	79.4	28.2	53	0	148	221	0	0	0
2372227	2576143285	407	2	79	56	487703	86398	1	28.2	53	33	58.9	0	148	221	0	0	0
2372227	2576143371	407	2	79	59	86398	484753	1	36.3	61.6	41.6	91	0	148	221	0	0	0
2372227	2576143399	407	2	80	3	484753	86398	1	43.5	91.1	54.2	81	0	148	221	0	0	0
2372227	2576143429	407	2	80	4	86398	484753	1	54.2	81	41	90.8	0	148	221	0	0	0
2372227	2576143569	407	2	80	9	484753	449718	1	43	76.2	54.3	68.7	0	148	221	0	0	0
2372227	2576143595	407	2	80	11	449718	484693	1	52.3	69.7	68.5	67.2	0	148	221	0	0	0
2372227	2576143645	407	2	80	14	484693	170864	1	63.6	57.1	70.7	43.6	0	148	221	0	0	0
2372227	2576143779	407	2	80	16	170864	213469	1	73.1	26.2	93.6	8.5	0	148	221	0	0	0
2372227	2576143877	407	2	80	21	213469	170864	1	92.6	7.6	76.8	9.6	0	148	221	0	0	0
2372227	2576143905	407	2	80	25	170864	451565	1	66.8	13.7	59.5	24.5	0	148	221	0	0	0
2372227	2576143955	407	2	80	28	451565	213469	1	59.5	24.7	73	6.4	0	148	221	0	0	0
2372227	2576144025	407	2	80	31	213469	86398	1	75.7	7.6	70.8	28.8	0	148	221	0	0	0
2372227	2576144047	407	2	80	34	86398	0	0	69.8	28.8	95	41.1	0	148	221	0	0	0
2372227	2576144241	181	2	80	40	104407	0	0	10.1	49.6	58.9	7.9	0	149	222	0	0	0
2372227	2576145101	407	2	81	30	487703	86398	1	21.9	89.4	34.2	89.4	0	150	223	0	0	5
2372227	2576145107	407	2	81	31	86398	487703	1	34.2	89.4	25	89	0	150	223	0	0	0
2372227	2576145185	407	2	81	33	487703	0	0	22.6	87.9	63.4	80.1	0	150	223	0	0	0
2372227	2576145227	181	2	81	36	170154	485385	1	38.1	21.9	44.9	23.1	0	151	224	0	0	0
2372227	2576145293	181	2	81	37	485385	105571	1	44.9	23.1	31.5	32.5	0	151	224	0	0	0
2372227	2576145335	181	2	81	39	105571	104407	1	29.7	41.5	10.5	47.3	0	151	224	0	0	0
2372227	2576145367	181	2	81	41	104407	0	0	10.5	47.3	54	32.5	0	151	224	0	0	0
2372227	2576145475	407	2	81	49	484693	0	0	21.4	85.1	23.2	87.2	0	152	225	0	0	0
2372227	2576145811	407	2	82	6	484693	108438	1	27.2	100	44.8	93.1	0	152	226	0	0	0
2372227	2576145827	407	2	82	8	108438	227164	100	44.8	93.1	57.1	95.1	0	152	226	0	0	0
2372227	2576145877	181	2	82	11	227164	104407	1	34.1	18.5	20.4	31.5	0	153	227	0	0	0
2372227	2576145955	181	2	82	13	104407	0	0	20.4	31.5	90.3	35.2	0	153	227	0	0	0
2372227	2576146061	407	2	82	23	472194	80906	100	15.1	55.9	40.6	65.8	0	154	228	0	0	0
2372227	2576146131	181	2	82	28	227164	169007	1	48.6	40.2	55.8	56.3	0	155	229	0	0	0
2372227	2576146215	181	2	82	29	169007	156293	1	58.4	56.1	63.1	45	0	155	229	0	0	0
2372227	2576146253	181	2	82	33	156293	169007	1	68	26.1	72.5	32.8	0	155	229	0	0	0
2372227	2576146309	407	2	82	35	487703	86398	1	23.5	60.4	33.2	68.6	0	156	230	0	0	0
2372227	2576146407	407	2	82	39	86398	484693	1	33.7	65	32.7	53.4	0	156	230	0	0	0
2372227	2576164999	407	2	82	51	86398	484753	1	38.3	66.6	28.5	72.8	0	156	231	0	0	5
2372227	2576146721	407	2	82	55	484753	198221	1	43	71.5	64.1	65.1	0	156	231	0	0	0
2372227	2576146761	407	2	83	0	198221	213469	1	59	64.8	64.6	30.1	0	156	231	0	0	0
2372227	2576146825	407	2	83	2	213469	170864	1	65.2	29	74.4	4.8	0	156	231	0	0	0
2372227	2576146893	407	2	83	6	170864	86398	1	75.4	14.7	74.2	39.5	0	156	231	0	0	0
2372227	2576148301	181	2	84	28	104407	485385	1	30.2	55.5	63.6	76.9	0	157	233	0	0	5
2372227	2576148321	181	2	84	31	485385	0	0	63.6	76.9	77.4	83.8	0	157	233	0	3	0
2372227	2576148419	407	2	84	34	213469	0	0	23.3	7.4	63.1	38.6	0	158	234	0	0	0
2372227	2576149223	407	2	85	26	487703	86398	1	31.2	70.3	36.1	68.5	0	158	235	0	0	5
2372227	2576149315	181	2	85	30	185126	156293	1	72.1	38.8	76.1	62.7	0	159	236	0	0	0
2372227	2576149887	407	2	85	59	472194	0	1	3.1	53.4	58.4	89.4	0	160	237	0	0	0
2372227	2576150237	407	2	86	23	484693	449718	1	60	91.5	66.1	82.1	0	160	238	0	0	5
2372227	2576150261	407	2	86	25	449718	108438	1	74.8	82.1	88.7	87.9	0	160	238	0	0	0
2372227	2576150681	407	2	86	52	86398	449718	1	99.5	99.5	95.3	78.1	0	160	239	0	0	6
2372227	2576150743	407	2	86	54	449718	86398	1	92.8	80.1	84	90.6	0	160	239	0	0	0
2372227	2576150753	407	2	86	58	86398	536561	100	88.6	86.6	84.2	75.4	0	160	239	0	0	0
2372227	2576150785	407	2	87	1	484693	0	0	71.5	84.7	77.4	82.4	0	160	240	2	0	0
2372227	2576150943	407	2	87	8	484693	449718	1	85.7	100	84	88.1	0	160	241	0	0	0
2372227	2576150977	407	2	87	9	449718	484693	1	83.9	88.1	81	95.8	0	160	241	0	0	0
2372227	2576150997	407	2	87	10	484693	183778	1	81	95.8	68.6	81.3	0	160	241	0	0	0
2372227	2576151039	407	2	87	12	183778	451565	1	67.8	80.1	64.6	50.4	0	160	241	0	0	0
2372227	2576151081	407	2	87	15	451565	213469	1	65	46.1	65.3	23.3	0	160	241	0	0	0
2372227	2576151119	407	2	87	18	213469	108438	1	63.7	14.9	73.8	24.7	0	160	241	0	0	0
2372227	2576151127	407	2	87	19	108438	105571	100	73.8	24.7	74.8	30.6	0	160	241	0	0	0
2372227	2576151279	407	2	87	26	472194	451565	1	31.1	17.8	38.5	11.7	0	160	242	0	0	0
2372227	2576151385	407	2	87	31	451565	487703	1	38.8	23.5	35.6	56.8	0	160	242	0	0	0
2372227	2576151407	407	2	87	35	487703	484693	1	36.9	60.9	40.9	72.6	0	160	242	0	0	0
2372227	2576151473	407	2	87	37	484693	86398	1	40.1	73.2	43	91.7	0	160	242	0	0	0
2372227	2576151871	407	2	88	1	487703	484693	1	48.2	73.3	64.8	92.2	0	160	243	0	0	5
2372227	2576151933	407	2	88	3	484693	170864	1	64.2	92.7	80.6	82.2	0	160	243	0	0	0
2372227	2576151989	181	2	88	6	105571	170154	1	15.9	16.2	20.5	4.7	0	161	244	0	0	0
2372227	2576152015	181	2	88	7	170154	0	1	20.5	4.7	29.2	5.2	0	161	244	0	0	0
2372227	2576152045	181	2	88	11	169007	156293	1	29.7	5.6	41	21.8	0	161	244	0	0	0
2372227	2576152101	181	2	88	12	156293	536561	1	41	21.8	41.9	29.7	0	161	244	0	0	0
2372227	2576152143	181	2	88	16	536561	169007	1	55.6	33	55.1	23.7	0	161	244	0	0	0
2372227	2576152203	181	2	88	17	169007	58792	1	55.1	23.7	69.2	73.5	0	161	244	0	0	0
2372227	2576152239	181	2	88	21	58792	0	0	74.9	84.5	90.5	57.9	0	161	244	2	0	0
2372227	2576152793	181	2	88	59	169007	156293	1	99.9	99.5	92.5	60	0	161	245	2	0	6
2372227	2576152935	407	2	89	5	108438	170864	1	14	23.9	28.1	18.2	0	162	246	0	0	0
2372227	2576153447	407	2	89	38	213469	183778	1	42.9	0	39.3	9.8	0	162	247	0	0	0
2372227	2576153457	407	2	89	40	183778	451565	1	39.9	12.2	33.7	24.9	0	162	247	0	0	0
2372227	2576153475	407	2	89	42	451565	487703	1	31.1	28.5	32.3	42.3	0	162	247	0	0	0
2372227	2576153513	407	2	89	45	487703	183778	1	35.2	47	35.8	27.4	0	162	247	0	0	0
2372227	2576153555	407	2	89	48	183778	213469	1	37.5	22.6	53.5	4.4	0	162	247	0	0	0
2372227	2576153621	407	2	89	51	213469	451565	1	45.5	7.1	33.9	30.2	0	162	247	0	0	0
2372227	2576153643	407	2	89	54	451565	487703	1	31.1	44.3	38.3	79.4	0	162	247	0	0	0
2372227	2576153653	407	2	89	58	487703	0	1	38	78.5	44.5	94	0	162	247	0	0	0
2372227	2576163083	407	2	90	9	484693	487703	1	45.5	94.9	35.9	95.1	0	162	248	0	0	5
2372227	2576153897	407	2	90	12	487703	183778	1	38.8	94	42	84.7	0	162	248	0	0	0
2372227	2576154003	407	2	90	15	183778	451565	1	41	79.6	36	60	0	162	248	0	0	0
2372227	2576154025	407	2	90	21	451565	170116	100	46.1	52.7	65.1	49.3	0	162	248	0	0	0
2372227	2576154459	407	2	90	44	213469	198221	1	32.8	0	38.8	27.9	0	162	249	0	0	0
2372227	2576154481	407	2	90	46	198221	0	0	37.3	29.3	53.3	51.3	0	162	249	0	0	0
2372227	2576154577	181	2	90	48	170154	485385	1	44.5	46.1	59.9	62.4	0	163	250	0	0	0
2372227	2576154601	181	2	90	51	485385	185126	1	59.9	62.4	69.5	60.5	0	163	250	0	3	0
2372227	2576154745	407	2	90	56	484693	0	0	25.9	64.5	60.4	48.5	0	164	251	0	0	0
2372227	2576154749	181	2	91	1	105571	485385	1	35.7	50.7	61	43.4	0	0	0	0	3	0
2372227	2576154805	181	2	91	3	485385	185126	1	60.9	43.4	66.3	47.3	0	165	252	0	3	0
2372227	2576154985	181	2	91	19	170154	0	0	40.6	0	74	13.1	0	167	254	0	0	0
2372227	2576155561	181	2	91	54	169007	105571	1	99.5	0.5	87.8	61.1	0	167	255	2	0	6
2372227	2576155579	181	2	91	56	105571	0	0	88.5	60.9	95.1	66.6	0	167	255	0	3	0
2372227	2576156025	181	2	92	23	169007	156293	1	99.5	99.5	95.1	52.8	0	167	256	2	0	6
2372227	2576156481	407	2	92	52	472194	484693	1	4.8	51.5	26.8	90.5	0	168	257	0	0	0
2372227	2576156517	407	2	92	56	484693	170864	1	27.1	91.7	43.1	95.9	0	168	257	0	0	0
2372227	2576156579	407	2	92	58	170864	449718	1	47.1	94.9	46.2	90.2	0	168	257	0	0	0
2372227	2576156589	407	2	93	1	449718	170864	1	52.1	91.5	52.5	95.2	0	168	257	0	0	0
2372227	2576156611	407	2	93	2	170864	484693	1	52.4	95.2	42.9	93.8	0	168	257	0	0	0
2372227	2576156673	407	2	93	4	484693	487703	1	42.5	92.9	34.4	76.2	0	168	257	0	0	0
2372227	2576156759	407	2	93	7	487703	0	1	33.5	68.2	38.8	39.3	0	168	257	0	0	0
2372227	2576156783	407	2	93	13	451565	170864	1	56.2	52.7	63	60.3	0	168	257	0	0	0
2372227	2576156823	181	2	93	17	80906	485385	1	33.2	29.4	25.9	38.5	0	169	258	0	0	0
2372227	2576156865	181	2	93	19	485385	105571	1	26	35.1	24.7	52.2	0	169	258	0	0	0
2372227	2576156913	181	2	93	21	105571	104407	1	26.6	57.9	10	46.1	0	169	258	0	0	0
2372227	2576157009	181	2	93	23	104407	58792	1	10	46.1	27.6	98.4	0	169	258	0	0	0
2372227	2576157061	181	2	93	29	58792	485385	1	33	97.2	30.1	86.9	0	169	258	0	0	0
2372227	2576157105	181	2	93	34	485385	169007	1	34.2	84.4	56.7	58.8	0	169	258	0	0	0
2372227	2576157561	181	2	94	3	169007	0	0	55.8	48.7	72.6	73.3	0	169	259	0	0	5
2372227	2576157899	181	2	94	24	58792	0	0	82.8	100	84.5	67.8	0	169	260	0	0	0
2372227	2576157935	407	2	94	28	86398	198221	1	23.7	30.2	21.6	40.4	0	0	0	0	3	0
2372227	2576157939	407	2	94	29	198221	0	0	21.9	39.1	29.6	34.2	0	0	0	0	3	0
2372227	2576161207	181	2	94	30	536561	0	0	66.4	67	67.1	43.4	0	169	261	0	0	0
2372227	2576157999	181	2	94	33	80906	0	0	64.2	37.1	69.5	58.5	0	0	0	0	3	0
2372227	2576158021	407	2	94	34	198221	0	0	27.3	44.1	50.9	49.5	0	170	262	0	0	0
2372227	2576158049	181	2	94	36	105571	170154	1	55.1	46.7	57	26.8	0	171	263	0	3	0
2372227	2576158077	181	2	94	37	170154	0	0	56.5	27.9	60.7	56.9	0	171	263	0	0	0
2372227	2576158119	181	2	94	39	169007	0	0	60.7	56.9	68.7	56.9	0	0	0	0	3	0
2372227	2576158789	407	2	95	17	472194	0	0	18.9	45.2	68.1	78.9	0	172	264	0	0	5
2372227	2576158817	181	2	95	21	170116	156293	1	25.4	23.9	42.6	17.4	0	0	0	0	3	0
2372227	2576158867	407	2	95	24	183778	170864	1	56.3	64.1	62.6	83.5	0	172	265	0	3	0
2372227	2576326167	407	2	95	30	449718	484693	1	66.1	89.6	58.2	96.5	0	172	266	0	0	0
2372227	2576158941	407	2	95	31	484693	170864	1	58.9	90.6	62.2	91.5	0	172	266	0	0	0
2372227	2576158961	407	2	95	31	170864	449718	1	63.4	94.2	63.2	90.1	0	172	266	0	0	0
2372227	2576159957	181	2	96	21	169007	105571	1	99.5	99.5	96.3	27.1	0	173	268	2	0	6
2372227	2576159965	181	2	96	25	105571	0	0	97.3	19.8	99.3	50.7	0	173	268	2	0	0
