match_id	id	team_id	period_id	min	sec	player_id_1	player_id_2	outcome	start_x	start_y	end_x	end_y	offside	possession	sequence	extra_1	extra_2	extra_3
2372224	2577383393	5683	1	0	0	174816	450429	1	49.9	50.2	31.2	49.8	0	1	1	0	0	0
2372224	2577383417	5683	1	0	2	450429	178876	1	30.4	47.4	28.9	23.2	0	1	1	0	0	0
2372224	2577383467	5683	1	0	5	178876	450429	1	28.9	23.4	24.4	45.8	0	1	1	0	0	0
2372224	2577383513	5683	1	0	8	450429	90801	1	23.7	51.4	25.5	86.1	0	1	1	0	0	0
2372224	2577383549	5683	1	0	11	90801	0	0	27.1	88.7	72.5	63.3	0	1	1	0	0	0
2372224	2577383565	175	1	0	14	65807	0	0	29	40.7	34.7	37.6	0	0	0	0	3	0
2372224	2577383583	5683	1	0	16	243718	0	0	65.2	70.8	69	54	0	1	2	0	0	0
2372224	2577383621	5683	1	0	18	244243	0	0	63.1	61.9	78.9	73.1	0	1	3	0	0	0
2372224	2577383641	175	1	0	19	41328	77390	1	21.4	27.7	32	27.9	0	2	4	0	0	0
2372224	2577383657	175	1	0	20	77390	76650	1	36.8	32.8	41.5	6.5	0	2	4	0	0	0
2372224	2577383695	175	1	0	22	76650	192364	1	43.1	4	29	7.4	0	2	4	0	0	0
2372224	2577383707	175	1	0	24	192364	41328	1	29	7.4	15.3	17.1	0	2	4	0	0	0
2372224	2577383735	175	1	0	27	41328	65807	1	14.4	22.9	8.3	60.6	0	2	4	0	0	0
2372224	2577383771	175	1	0	29	65807	213431	1	8.1	64.8	20.2	80	0	2	4	0	0	0
2372224	2577383807	175	1	0	32	213431	65807	1	21.2	83.8	15.4	67.8	0	2	4	0	0	0
2372224	2577383845	175	1	0	37	65807	167449	1	22.8	63.3	39.3	90.2	0	2	4	0	0	0
2372224	2577383853	175	1	0	39	167449	213431	1	39.9	91.1	27.6	82.6	0	2	4	0	0	0
2372224	2577383873	175	1	0	41	213431	167449	1	26	81.4	32.2	87.7	0	2	4	0	0	0
2372224	2577384057	5683	1	1	1	51732	624878	1	74	0	93.2	6.4	0	3	5	0	0	0
2372224	2577384061	5683	1	1	4	624878	51732	1	93.7	3.4	91.1	7.6	0	3	5	0	0	0
2372224	2577384067	5683	1	1	6	51732	0	0	95.4	12.2	96.4	18	0	3	5	2	0	0
2372224	2577384121	5683	1	1	10	51732	0	0	93.5	14.3	99.1	43.7	0	3	6	2	0	0
2372224	2577384227	175	1	1	18	81352	41328	1	13.5	34.9	28.9	8.5	0	4	7	0	0	0
2372224	2577384237	175	1	1	21	41328	0	0	28.9	8.5	65.2	22.5	0	4	7	0	0	0
2372224	2577384445	175	1	1	38	192364	65807	1	58.6	0	41.5	28.5	0	4	8	0	0	0
2372224	2577384463	175	1	1	44	65807	167449	1	44.2	39.5	60.3	67.5	0	4	8	0	0	0
2372224	2577384515	175	1	1	46	167449	0	0	60.4	68.4	101.4	68.6	0	4	8	0	0	0
2372224	2577384809	5683	1	2	18	205523	0	0	4.8	49.7	48.6	64.1	0	5	9	0	0	0
2372224	2577384837	175	1	2	21	65807	88482	1	51.1	35.3	70.9	50.5	0	6	10	0	3	0
2372224	2577384875	5683	1	2	25	244243	90801	1	26.3	47.2	24.5	74.7	0	7	11	0	0	0
2372224	2577384955	5683	1	2	29	90801	243718	1	24.7	76.1	47.5	75.9	0	7	11	0	0	0
2372224	2577384983	5683	1	2	37	243718	161030	1	70.1	97.3	62.9	90.8	0	7	11	0	0	0
2372224	2577385021	5683	1	2	39	161030	51732	1	63.3	88	67.5	6.2	0	7	11	0	0	0
2372224	2577385045	5683	1	2	44	51732	178876	1	64.1	9.9	52.8	17.6	0	7	11	0	0	0
2372224	2577385067	5683	1	2	46	178876	450429	1	48.9	20.2	38.7	70.8	0	7	11	0	0	0
2372224	2577385105	5683	1	2	49	450429	90801	1	38.7	70.8	43.7	96.4	0	7	11	0	0	0
2372224	2577385127	5683	1	2	55	90801	0	0	42.4	96.9	72.9	89.4	0	7	11	0	0	0
2372224	2577385151	175	1	2	57	65807	76650	1	23.8	13.5	44.9	2.2	0	8	12	0	3	0
2372224	2577385153	175	1	2	58	76650	0	0	44.9	2.2	39.4	11.9	0	8	12	0	0	0
2372224	2577385315	175	1	3	13	192364	65807	1	41.8	0	26.5	21.9	0	10	14	0	0	0
2372224	2577385351	175	1	3	15	65807	0	0	25.2	26.1	33.4	-1	0	10	14	0	0	0
2372224	2577385465	5683	1	3	25	472148	90801	1	61.8	100	46	94.1	0	11	15	0	0	0
2372224	2577385479	5683	1	3	27	90801	450429	1	45	93.8	21.1	73.1	0	11	15	0	0	0
2372224	2577385515	5683	1	3	30	450429	205523	1	20.3	72.6	7.3	38.6	0	11	15	0	0	0
2372224	2577385547	5683	1	3	34	205523	0	0	9.9	30.2	64.4	21.6	0	11	15	0	0	0
2372224	2577385587	175	1	3	37	213431	0	1	34.9	80.4	45.4	89.2	0	12	16	0	3	0
2372224	2577385739	175	1	3	54	213431	88482	1	42.5	100	55.2	84.2	0	12	17	0	0	0
2372224	2577385757	175	1	3	55	88482	0	1	55.7	76.7	58.8	61.2	0	12	17	0	0	0
2372224	2577385835	175	1	3	57	76650	192364	1	57	65.8	63	6.2	0	12	17	0	0	0
2372224	2577385875	5683	1	4	6	472148	0	0	3	92	4.7	92.2	0	13	18	0	0	0
2372224	2577386091	5683	1	4	27	450429	205523	1	3.9	55.8	4.2	43	0	13	19	0	0	0
2372224	2577386149	5683	1	4	32	205523	0	0	11.7	41.8	51.1	49.3	0	13	19	0	0	0
2372224	2577386227	175	1	4	35	77390	167449	1	46.7	55.7	60.7	67	0	14	20	0	0	0
2372224	2577386241	175	1	4	37	167449	119718	1	59.3	74.6	42.2	84.1	0	14	20	0	0	0
2372224	2577386261	175	1	4	39	119718	65807	1	43.5	86.9	32.2	46.6	0	14	20	0	0	0
2372224	2577386315	175	1	4	43	65807	41328	1	32.1	46	41.9	20.3	0	14	20	0	0	0
2372224	2577386329	175	1	4	50	41328	192364	1	75.1	17.4	78.8	3.6	0	14	20	0	0	0
2372224	2577386339	175	1	4	52	192364	119141	1	79.2	6.2	77.9	27.7	0	14	20	0	0	0
2372224	2577386359	175	1	4	53	119141	76650	1	77.9	27.7	94.7	25.6	0	14	20	0	0	0
2372224	2577386375	175	1	4	54	76650	88482	1	94.8	25.6	96.1	41.6	0	14	20	0	0	0
2372224	2577387131	5683	1	6	17	450429	205523	1	4.2	54.7	3.7	41.8	0	15	21	0	0	0
2372224	2577387151	5683	1	6	21	205523	161030	1	7.3	44.4	21.1	38.6	0	15	21	0	0	0
2372224	2577387177	5683	1	6	22	161030	0	0	21.8	37.4	16.9	9.4	0	15	21	0	0	0
2372224	2577387195	5683	1	6	25	178876	0	0	18.5	7.5	53	11.2	0	15	22	0	0	0
2372224	2577387209	175	1	6	27	213431	0	1	44.7	85.5	48.6	74.4	0	16	23	0	3	0
2372224	2577387219	175	1	6	28	503523	0	0	46.8	78.2	67.2	72	0	16	23	0	0	0
2372224	2577387261	5683	1	6	32	450429	244243	1	29.4	29.7	39	17.4	0	17	24	0	0	0
2372224	2577387273	5683	1	6	34	244243	178876	1	32.7	21.6	21.3	14.3	0	17	24	0	0	0
2372224	2577387323	5683	1	6	36	178876	205523	1	21.1	15.3	3	50.2	0	17	24	0	0	0
2372224	2577387385	5683	1	6	39	205523	472148	1	9.4	49.1	36.4	89.6	0	17	24	0	0	0
2372224	2577387455	175	1	6	49	192364	119141	1	54.1	0	48.3	10	0	18	25	0	0	0
2372224	2577387491	175	1	6	50	119141	192364	1	47	11.6	50.3	0.9	0	18	25	0	0	0
2372224	2577387503	175	1	6	54	192364	119141	1	45.7	4.4	38.5	2.7	0	18	25	0	0	0
2372224	2577387659	175	1	7	10	41328	88482	1	41.9	0	78.6	3.4	0	18	26	0	0	0
2372224	2577387859	5683	1	7	36	472148	174816	1	24.5	100	43.1	86.4	0	19	27	0	0	0
2372224	2577387881	5683	1	7	40	624878	0	0	37.7	84.5	38.5	82.9	0	19	28	0	0	0
2372224	2577387899	175	1	7	42	76650	0	0	62.4	17.2	70.4	29.9	0	20	29	0	0	0
2372224	2577387925	5683	1	7	44	244243	178876	1	29.1	73.1	24.9	47.2	0	21	30	0	0	0
2372224	2577387979	5683	1	7	46	178876	0	1	25.8	42.1	34.6	9.7	0	21	30	0	0	0
2372224	2577388075	5683	1	7	55	51732	244243	1	37.7	6.2	32.8	24.1	0	21	31	0	0	5
2372224	2577388135	5683	1	8	1	244243	450429	1	32.8	33.7	29.4	60.5	0	21	31	0	0	0
2372224	2577388159	5683	1	8	4	450429	90801	1	29.6	62.4	38.7	94.8	0	21	31	0	0	0
2372224	2577388189	5683	1	8	7	90801	472148	1	38.7	94.8	69.4	96.6	0	21	31	0	0	0
2372224	2577388247	175	1	8	11	41328	65807	1	23.7	13.7	22	25.9	0	22	32	0	0	0
2372224	2577388259	175	1	8	12	65807	0	0	22	25.9	31.5	23	0	22	32	0	0	0
2372224	2577388283	5683	1	8	13	161030	0	0	66.8	75.7	74.5	82.6	0	23	33	0	0	0
2372224	2577388305	175	1	8	15	41328	0	0	18.9	14.5	48.3	27.9	0	24	34	0	0	0
2372224	2577388313	5683	1	8	17	450429	0	1	52.6	70.7	64	78.7	0	25	35	0	3	0
2372224	2577388493	5683	1	8	32	161030	243718	1	59.8	70.5	64.1	75.4	0	25	36	0	0	5
2372224	2577388521	5683	1	8	33	243718	90801	1	64.1	75.7	53.7	78	0	25	36	0	0	0
2372224	2577388537	5683	1	8	36	90801	244243	1	53.6	77.5	53.7	65.3	0	25	36	0	0	0
2372224	2577388553	5683	1	8	38	244243	178876	1	53.3	57.1	47.6	24.6	0	25	36	0	0	0
2372224	2577388583	5683	1	8	43	178876	450429	1	48.9	24.6	36.7	67.5	0	25	36	0	0	0
2372224	2577388609	5683	1	8	46	450429	90801	1	39.2	70.3	40.6	94.5	0	25	36	0	0	0
2372224	2577388621	5683	1	8	48	90801	0	0	42.3	96.4	84.9	70.8	0	25	36	0	0	0
2372224	2577388725	175	1	8	55	81352	213431	1	13.2	49.7	26.2	89	0	26	37	0	0	240
2372224	2577388745	175	1	8	58	213431	65807	1	26.2	89	18.9	67.8	0	26	37	0	0	0
2372224	2577388847	175	1	9	3	65807	41328	1	27.3	58.1	27.2	25.6	0	26	37	0	0	0
2372224	2577388855	175	1	9	8	41328	76650	1	30.2	25.2	41.5	25.3	0	26	37	0	0	0
2372224	2577388881	175	1	9	9	76650	503523	1	41.5	25.3	32.3	55.7	0	26	37	0	0	0
2372224	2577388905	175	1	9	12	503523	213431	1	30.3	63	38.1	75.3	0	26	37	0	0	0
2372224	2577388919	175	1	9	15	213431	0	0	38.2	80.8	44.4	76.7	0	26	37	0	0	0
2372224	2577388949	175	1	9	16	88482	119141	1	49	56.6	48.3	37.7	0	26	38	0	0	0
2372224	2577388987	175	1	9	18	119141	0	0	53.9	36	91.6	28.8	0	26	38	0	0	0
2372224	2577389053	5683	1	9	25	205523	178876	1	7.8	64	21.3	17.4	0	27	39	0	0	240
2372224	2577389119	5683	1	9	34	178876	450429	1	27.1	19.2	18.3	48.1	0	27	39	0	0	0
2372224	2577389151	5683	1	9	37	450429	205523	1	18.2	54.4	4	49.3	0	27	39	0	0	0
2372224	2577389207	5683	1	9	44	178876	0	0	8.4	9	62.3	22.5	0	27	40	0	0	0
2372224	2577389235	175	1	9	47	65807	0	0	38.3	71.8	53.6	86	0	0	0	0	3	0
2372224	2577389245	5683	1	9	49	244243	0	0	44.4	12.7	37.5	27.4	0	0	0	0	3	0
2372224	2577391027	175	1	10	45	503523	213431	1	58.5	63.6	59.5	75.6	0	28	42	0	0	5
2372224	2577389823	175	1	10	47	213431	192364	1	59.4	72.9	73	5.5	0	28	42	0	0	0
2372224	2577389857	175	1	10	50	192364	119141	1	73	5.5	67	19.4	0	28	42	0	3	0
2372224	2577389881	175	1	10	53	119141	41328	1	65.8	19.4	57.1	14.9	0	28	42	0	0	0
2372224	2577389893	175	1	10	55	41328	76650	1	58.3	15	64	23.9	0	28	42	0	0	0
2372224	2577389917	175	1	10	56	76650	503523	1	64	23.9	59.1	31.9	0	28	42	0	0	0
2372224	2577389989	175	1	10	57	503523	167449	1	63.8	40.9	66.4	60.2	0	28	42	0	0	0
2372224	2577389999	175	1	11	0	167449	41328	1	67.2	49.5	60.3	40.4	0	28	43	0	0	0
2372224	2577390013	175	1	11	4	41328	119141	1	60.5	42.4	60.8	27	0	28	43	0	0	0
2372224	2577390017	175	1	11	5	119141	76650	1	60.8	27	65.2	27.6	0	28	43	0	0	0
2372224	2577390029	175	1	11	6	76650	119141	1	65	27.7	62.7	35.5	0	28	43	0	0	0
2372224	2577390051	175	1	11	7	119141	450429	100	62.7	35.5	78.5	36.4	0	28	43	0	0	0
2372224	2577390109	175	1	11	13	76650	0	0	72.7	25.2	91.3	56.7	0	28	44	2	0	0
2372224	2577390181	5683	1	11	17	450429	174816	1	16.2	59.8	29.9	24.6	0	29	45	0	0	0
2372224	2577390229	5683	1	11	21	174816	51732	1	27.5	16.2	14.4	9.9	0	29	45	0	0	0
2372224	2577390239	5683	1	11	23	51732	503523	100	14.4	9.9	27.1	28.8	0	29	45	0	0	0
2372224	2577390247	175	1	11	26	503523	450429	100	68.5	71.8	77.1	53.9	0	30	46	0	0	0
2372224	2577390277	5683	1	11	27	161030	0	0	26.6	41.5	26.8	29.7	0	31	47	0	0	0
2372224	2577390293	175	1	11	30	167449	119718	1	73.5	74.4	85.2	94.7	0	32	48	0	0	0
2372224	2577390313	175	1	11	33	119718	0	1	87.4	88.1	81	68.2	0	32	48	0	0	0
2372224	2577391241	5683	1	12	54	205523	51732	1	15.1	53.7	34	5.5	0	33	49	0	0	5
2372224	2577391417	175	1	13	7	119718	65807	1	40.4	94.2	26.5	67.2	0	34	50	0	0	0
2372224	2577391439	175	1	13	14	65807	76650	1	35.6	45.2	44.6	35.5	0	34	50	0	0	0
2372224	2577391483	175	1	13	17	76650	41328	1	45.1	32.1	54.9	4.6	0	34	50	0	0	0
2372224	2577391495	175	1	13	20	41328	192364	1	55.7	4.1	62.7	2.5	0	34	50	0	0	0
2372224	2577391509	175	1	13	22	192364	41328	1	62.7	2.5	54.6	2.8	0	34	50	0	0	0
2372224	2577391525	175	1	13	23	41328	76650	1	54.5	2.8	54.9	12.5	0	34	50	0	0	0
2372224	2577391559	175	1	13	24	76650	119141	1	54.9	12.6	59.2	21.9	0	34	50	0	0	0
2372224	2577391639	175	1	13	27	119141	119718	1	66.5	27.7	72.5	89.3	0	34	50	0	0	0
2372224	2577391673	175	1	13	33	119718	88482	1	75.9	84.9	101.6	34.5	0	34	50	2	0	0
2372224	2577391937	5683	1	13	57	450429	205523	1	3.5	52.3	4.2	45.6	0	35	51	0	0	0
2372224	2577392045	5683	1	14	6	205523	0	0	13.5	42.3	32.3	41.1	0	35	51	0	0	0
2372224	2577392073	175	1	14	9	167449	76650	1	68.2	47.8	75.6	41.2	0	36	52	0	0	0
2372224	2577392085	175	1	14	9	76650	450429	100	76.4	42.3	81.2	51.1	0	36	52	0	0	0
2372224	2577392129	5683	1	14	12	244243	0	0	18.2	36.7	55	11.8	0	37	53	0	0	0
2372224	2577392215	175	1	14	20	213431	81352	1	41.6	97.1	12.7	66.9	0	38	54	0	0	0
2372224	2577392267	175	1	14	23	81352	41328	1	11.9	66.4	27.3	26.8	0	38	54	0	0	0
2372224	2577392385	175	1	14	30	41328	65807	1	36.8	22.7	32.2	44.9	0	38	54	0	0	0
2372224	2577392409	175	1	14	43	65807	192364	1	42	34.8	55	5.6	0	38	55	0	0	0
2372224	2577392439	175	1	14	46	192364	119141	1	55.6	5.3	88.1	5.6	0	38	55	0	0	0
2372224	2577392475	175	1	14	50	119141	0	0	97.2	4.6	92.2	55.7	0	38	55	2	0	0
2372224	2577392725	5683	1	15	19	205523	450429	1	9.4	47	23.7	38.1	0	39	56	0	0	5
2372224	2577392729	5683	1	15	19	450429	178876	1	23.7	38.1	25.3	5.9	0	39	56	0	0	0
2372224	2577392747	5683	1	15	22	178876	0	0	25.3	5.9	84.7	25.5	0	39	56	0	0	0
2372224	2577392803	175	1	15	28	81352	213431	1	15.6	72.1	35.9	90.8	0	40	57	0	0	0
2372224	2577392841	175	1	15	33	213431	0	1	42.1	89.3	59.2	67.5	0	40	57	0	0	0
2372224	2577393033	175	1	15	50	119141	41328	1	60.1	55.5	61.7	25.8	0	40	58	0	0	5
2372224	2577393513	175	1	16	40	167449	0	0	99.5	0.5	93.4	46	0	40	59	2	0	6
2372224	2577393565	175	1	16	45	119718	0	1	74.7	14.9	76.4	4.7	0	40	60	0	0	0
2372224	2577393617	175	1	16	47	167449	119718	1	76.4	4.6	84.9	6.8	0	40	60	0	0	0
2372224	2577394195	175	1	17	40	76650	119141	1	97.8	16.1	91.7	46.6	0	40	61	0	0	5
2372224	2577394421	5683	1	18	0	205523	450429	1	3.5	54.4	5.6	62.1	0	41	62	0	0	0
2372224	2577394427	5683	1	18	1	450429	205523	1	5.6	62.1	4.5	49.8	0	41	62	0	0	0
2372224	2577394445	5683	1	18	2	205523	174816	1	7.9	45.8	64.6	29.2	0	41	62	0	0	0
2372224	2577394573	5683	1	18	13	174816	244243	1	70.1	0	62.6	11.1	0	41	63	0	0	0
2372224	2577394589	5683	1	18	18	244243	161030	1	57.9	15.7	53	34.4	0	41	63	0	0	0
2372224	2577394633	5683	1	18	20	161030	90801	1	51.5	38.3	52.4	79.8	0	41	63	0	0	0
2372224	2577394665	5683	1	18	25	90801	450429	1	54.3	78.3	42.7	62.3	0	41	63	0	0	0
2372224	2577394727	5683	1	18	28	450429	178876	1	44.5	57.5	43.7	29.7	0	41	63	0	0	0
2372224	2577394743	5683	1	18	35	178876	51732	1	56.8	21.1	58.2	4.3	0	41	63	0	0	0
2372224	2577394789	5683	1	18	37	51732	174816	1	58.2	4.3	83.8	2.4	0	41	63	0	0	0
2372224	2577394809	5683	1	18	42	174816	244243	1	78.2	3.8	69.6	19.2	0	41	63	0	0	0
2372224	2577394835	5683	1	18	44	244243	161030	1	69.4	19.9	72.2	40	0	41	63	0	0	0
2372224	2577394849	5683	1	18	45	161030	243718	1	72.2	40	81.8	35.5	0	41	63	0	0	0
2372224	2577394883	175	1	18	48	213431	0	0	13.3	73	52.1	75.1	0	42	64	0	0	0
2372224	2577394941	5683	1	18	54	178876	244243	1	46	32.7	51.9	14.1	0	43	65	0	0	0
2372224	2577394951	5683	1	18	56	244243	161030	1	51.9	14.1	55.8	26.7	0	43	65	0	0	0
2372224	2577394965	5683	1	18	57	161030	51732	1	55.8	26.7	59	3.6	0	43	65	0	0	0
2372224	2577394973	5683	1	18	59	51732	0	0	59	3.6	65.9	-0.4	0	43	65	0	0	0
2372224	2577395179	175	1	19	18	213431	167449	1	34.4	100	41.1	96.3	0	44	66	0	0	0
2372224	2577395189	175	1	19	19	167449	213431	1	41.1	96.3	36.4	97.2	0	44	66	0	0	0
2372224	2577395193	175	1	19	20	213431	0	0	36.3	97.2	38	97.1	0	44	66	0	0	0
2372224	2577395403	175	1	19	33	213431	88482	1	35.7	100	44.8	81.8	0	44	67	0	0	0
2372224	2577395427	175	1	19	38	88482	119718	1	45.4	84.4	55.9	94.7	0	44	67	0	0	0
2372224	2577395509	5683	1	19	43	178876	450429	1	37.2	6.2	28.9	58.6	0	45	68	0	0	0
2372224	2577395525	5683	1	19	47	450429	161030	1	31	65.2	40.8	71	0	45	68	0	0	0
2372224	2577395547	5683	1	19	49	161030	41328	100	40.8	71	77.7	86.6	0	45	68	0	0	0
2372224	2577395615	5683	1	19	55	90801	472148	1	68.8	92.2	75.5	96.9	0	45	69	0	0	0
2372224	2577395641	5683	1	19	59	472148	243718	1	67.3	95.9	62.9	73.3	0	45	69	0	0	0
2372224	2577395689	5683	1	20	3	243718	472148	1	58.1	74.3	62	95.9	0	45	69	0	0	0
2372224	2577395709	5683	1	20	5	472148	161030	1	64.1	96.9	53.8	89.2	0	45	69	0	0	0
2372224	2577395725	5683	1	20	7	161030	450429	1	54	89.4	39.9	61.8	0	45	69	0	0	0
2372224	2577395731	5683	1	20	10	450429	178876	1	37.7	50.2	40.6	26.9	0	45	69	0	0	0
2372224	2577395765	5683	1	20	12	178876	174816	1	40.6	26.9	58.4	15.5	0	45	69	0	0	0
2372224	2577395799	5683	1	20	17	174816	90801	1	62.7	47	53.7	86.6	0	45	69	0	0	0
2372224	2577395807	5683	1	20	20	90801	472148	1	53.5	87.3	57.9	94.5	0	45	69	0	0	0
2372224	2577395815	5683	1	20	22	472148	174816	1	57.9	94.5	60.7	82.4	0	45	69	0	0	0
2372224	2577395859	5683	1	20	23	174816	450429	1	60.7	82.4	43.4	71.9	0	45	69	0	0	0
2372224	2577395923	5683	1	20	29	450429	178876	1	46.3	55.1	45.2	22	0	45	69	0	0	0
2372224	2577395983	5683	1	20	31	178876	243718	1	45.2	22	59.4	5.5	0	45	69	0	0	0
2372224	2577396019	5683	1	20	36	243718	51732	1	69.9	12.2	81.5	4.6	0	45	69	0	0	0
2372224	2577396081	5683	1	20	39	51732	243718	1	80	7.3	69.8	16.7	0	45	69	0	0	0
2372224	2577396111	5683	1	20	44	243718	450429	1	63.1	27.4	56.4	50	0	45	69	0	0	0
2372224	2577396147	5683	1	20	47	450429	243718	1	57.2	45.3	62.6	14.1	0	45	69	0	0	0
2372224	2577396169	5683	1	20	51	243718	244243	1	64.4	16.2	62.6	29.9	0	45	69	0	0	0
2372224	2577396227	5683	1	20	53	244243	243718	1	64	28.7	54	21.3	0	45	69	0	0	0
2372224	2577396255	5683	1	20	57	243718	244243	1	57.7	25.7	61	5	0	45	69	0	0	0
2372224	2577396267	5683	1	21	0	244243	243718	1	61	5	60.7	18.1	0	45	69	0	0	0
2372224	2577396293	5683	1	21	2	243718	244243	1	60.3	17.6	53.7	17.8	0	45	69	0	0	0
2372224	2577396381	5683	1	21	5	244243	0	0	53.3	18.6	61.7	101	0	45	69	0	0	0
2372224	2577396543	175	1	21	25	192364	76650	1	46.5	0	51.3	5.9	0	46	70	0	0	0
2372224	2577396571	175	1	21	27	76650	192364	1	51.3	5.9	43.1	1.9	0	46	70	0	0	0
2372224	2577396609	175	1	21	31	192364	65807	1	34.2	12.2	27.3	28.5	0	46	70	0	0	0
2372224	2577396623	175	1	21	33	65807	81352	1	26.6	34	7.8	44.1	0	46	70	0	0	0
2372224	2577396657	175	1	21	35	81352	213431	1	8.4	44.9	26	88	0	46	70	0	0	0
2372224	2577396683	175	1	21	39	213431	167449	1	28.4	89.4	33.9	83.8	0	46	70	0	0	0
2372224	2577396691	175	1	21	40	167449	0	0	33.9	83.8	28.8	80.5	0	46	70	0	0	0
2372224	2577397191	5683	1	22	25	51732	450429	1	63.3	12	80.2	64.7	0	47	72	0	0	5
2372224	2577397207	5683	1	22	27	450429	0	0	80.1	65.1	100.9	36.5	0	47	72	0	3	0
2372224	2577397409	175	1	22	47	81352	65807	1	4.2	46.1	5.9	27.1	0	48	73	0	0	0
2372224	2577397423	175	1	22	49	65807	81352	1	4.7	26.4	1.7	47.8	0	48	73	0	0	0
2372224	2577397459	175	1	22	51	81352	213431	1	2.1	47.4	26.4	91.5	0	48	73	0	0	0
2372224	2577397469	175	1	22	57	213431	167449	1	38.8	95.4	32.5	90.6	0	48	73	0	0	0
2372224	2577397491	175	1	22	59	167449	76650	1	32.9	90.6	43.9	67.6	0	48	73	0	0	0
2372224	2577397631	175	1	23	0	76650	65807	1	43.9	67.9	20.4	68.2	0	48	73	0	0	0
2372224	2577397659	175	1	23	11	65807	167449	1	43.3	59.6	55.6	88	0	48	74	0	0	0
2372224	2577397679	175	1	23	13	167449	0	0	55.9	89.6	69.2	88.1	0	48	74	0	0	0
2372224	2577397701	5683	1	23	14	51732	0	1	25.5	14.8	31.7	13.4	0	49	75	0	3	0
2372224	2577397739	5683	1	23	16	178876	90801	1	29.6	17.8	13.8	51.9	0	49	75	0	0	0
2372224	2577397769	5683	1	23	21	90801	0	0	13.6	65.4	43.4	66.1	0	49	75	0	0	0
2372224	2577397807	175	1	23	23	41328	0	0	58.8	38	63.1	61.1	0	0	0	0	3	0
2372224	2577397809	5683	1	23	25	244243	624878	1	35.1	43	46.7	29.5	0	49	76	0	3	0
2372224	2577397839	5683	1	23	27	624878	0	1	43.9	29	31.7	15.7	0	49	76	0	0	0
2372224	2577397845	5683	1	23	30	51732	243718	1	31.7	15.7	46.3	22.5	0	49	76	0	0	0
2372224	2577397865	5683	1	23	31	243718	51732	1	46.3	22.5	32.3	14.3	0	49	76	0	0	0
2372224	2577397913	5683	1	23	33	51732	178876	1	31.7	15	23.9	22.7	0	49	76	0	0	0
2372224	2577397917	5683	1	23	36	178876	0	0	26	20.2	59.4	13.6	0	49	76	0	0	0
2372224	2577398005	175	1	23	39	213431	81352	1	36.5	87.4	13.1	73.3	0	50	77	0	0	0
2372224	2577398025	175	1	23	44	81352	213431	1	13.1	73.3	32.8	86.2	0	50	77	0	0	0
2372224	2577398055	175	1	23	47	213431	503523	1	32.8	86.2	32	69.7	0	50	77	0	0	0
2372224	2577398159	175	1	23	49	503523	65807	1	32.2	69.3	27.8	51.6	0	50	77	0	0	0
2372224	2577398183	175	1	23	57	65807	88482	1	38.1	50.3	54.9	51	0	50	77	0	0	0
2372224	2577398187	175	1	23	58	88482	167449	1	54.9	51	47.7	61.8	0	50	77	0	0	0
2372224	2577398267	175	1	24	2	167449	119718	1	60.7	72.7	70.9	89.9	0	50	77	0	0	0
2372224	2577398277	175	1	24	6	119718	0	0	73.8	65.8	80.7	69.1	0	50	77	0	0	0
2372224	2577398325	5683	1	24	7	51732	0	1	22.6	33	52	23.7	0	51	78	0	0	0
2372224	2577398595	5683	1	24	35	244243	161030	1	50.9	19.2	52.8	33.4	0	51	79	0	0	5
2372224	2577398597	5683	1	24	36	161030	119718	100	54.8	34.7	69.8	23.3	0	51	79	0	0	0
2372224	2577398605	175	1	24	38	65807	0	0	25.1	61	45.7	76.9	0	52	80	0	0	0
2372224	2577398675	5683	1	24	41	244243	51732	1	53.8	22	51.2	6.4	0	53	81	0	0	0
2372224	2577398701	5683	1	24	42	51732	178876	1	51.2	6.4	36.6	25.7	0	53	81	0	0	0
2372224	2577398745	5683	1	24	45	178876	244243	1	35.6	24.2	47.6	17.4	0	53	81	0	0	0
2372224	2577398801	5683	1	24	51	244243	51732	1	42.9	34.6	52.5	8.7	0	53	81	0	0	0
2372224	2577398813	5683	1	24	53	51732	178876	1	47.6	12.5	34.9	29.9	0	53	81	0	0	0
2372224	2577398865	5683	1	24	56	178876	450429	1	34.9	29.9	32.3	59.3	0	53	81	0	0	0
2372224	2577398897	5683	1	24	59	450429	178876	1	32.3	52.6	34.3	25	0	53	81	0	0	0
2372224	2577398941	5683	1	25	2	178876	51732	1	34.8	21.8	36.1	3.6	0	53	81	0	0	0
2372224	2577399051	5683	1	25	4	51732	174816	1	36.1	3.6	89.5	3.4	0	53	81	0	0	0
2372224	2577399151	5683	1	25	17	174816	51732	1	64.6	16.9	58.7	7.1	0	53	82	0	0	0
2372224	2577399169	5683	1	25	20	51732	178876	1	58.7	7.1	45.7	23.7	0	53	82	0	0	0
2372224	2577399215	5683	1	25	22	178876	450429	1	45.7	23.7	44.2	51.9	0	53	82	0	0	0
2372224	2577399221	5683	1	25	24	450429	90801	1	44.2	56.7	45	87.8	0	53	82	0	0	0
2372224	2577399253	5683	1	25	26	90801	472148	1	44.2	87.5	53.3	96.4	0	53	82	0	0	0
2372224	2577399279	5683	1	25	30	472148	90801	1	54	96.6	41.5	92.4	0	53	82	0	0	0
2372224	2577399305	5683	1	25	32	90801	450429	1	41.5	90.3	35.1	68.2	0	53	82	0	0	0
2372224	2577399355	5683	1	25	35	450429	178876	1	34.3	59.8	31.5	22.7	0	53	82	0	0	0
2372224	2577399399	5683	1	25	37	178876	243718	1	33.3	17.1	38.9	10.4	0	53	82	0	0	0
2372224	2577399423	5683	1	25	41	243718	76650	100	36.1	23.4	35.9	48.8	0	53	82	0	0	0
2372224	2577399497	5683	1	25	45	90801	0	0	47.8	72.9	64.4	84.3	0	55	84	0	0	0
2372224	2577399573	175	1	25	49	192364	76650	1	46.9	19.6	62.3	3.8	0	54	83	0	0	0
2372224	2577399575	175	1	25	53	76650	119141	1	62.4	5.9	62.8	16.8	0	54	83	0	0	0
2372224	2577399609	175	1	25	55	119141	76650	1	62.7	17.4	59.3	9.2	0	54	83	0	0	0
2372224	2577399661	175	1	25	58	76650	41328	1	55.9	17.3	44.5	24	0	54	83	0	0	0
2372224	2577399675	175	1	26	2	41328	65807	1	36.4	33.1	36.6	46	0	54	83	0	0	0
2372224	2577399717	175	1	26	4	65807	213431	1	37.4	51.5	50.8	76	0	54	83	0	0	0
2372224	2577399793	175	1	26	8	213431	65807	1	47.9	83.8	38.1	67.6	0	54	83	0	0	0
2372224	2577399855	175	1	26	16	65807	192364	1	46.4	57.3	60.3	11	0	54	83	0	0	0
2372224	2577399861	175	1	26	22	192364	0	0	58.6	16.7	66.8	27.7	0	54	83	0	0	0
2372224	2577399907	5683	1	26	27	244243	0	1	33.2	62.1	45.5	44.2	0	55	85	0	0	0
2372224	2577400157	5683	1	26	53	244243	178876	1	51.3	34.9	50.7	38.4	0	55	86	0	0	5
2372224	2577400167	5683	1	26	53	178876	244243	1	51.3	38.2	51.9	33.4	0	55	86	0	0	0
2372224	2577400197	5683	1	26	55	244243	174816	1	52.8	30.2	57.7	4.3	0	55	86	0	0	0
2372224	2577400229	5683	1	26	58	174816	178876	1	53	7.8	34.9	34.4	0	55	86	0	0	0
2372224	2577400325	5683	1	27	1	178876	450429	1	34.1	34.6	31.5	66.3	0	55	86	0	0	0
2372224	2577400369	5683	1	27	9	450429	178876	1	28.6	62.4	33.5	5.2	0	55	86	0	0	0
2372224	2577400459	175	1	27	17	119718	503523	1	61	100	55.1	85.9	0	56	87	0	0	0
2372224	2577400467	175	1	27	19	503523	0	0	55.1	85.9	64.2	79.7	0	56	87	0	0	0
2372224	2577400523	5683	1	27	25	244243	624878	1	53.3	33.4	67.7	49.5	0	57	88	0	0	0
2372224	2577400529	5683	1	27	26	624878	65807	100	67.7	49.5	63.9	53.3	0	57	88	0	0	0
2372224	2577400611	175	1	27	31	119141	167449	1	54.6	42.7	56.2	64.8	0	58	89	0	0	0
2372224	2577400635	175	1	27	35	167449	119718	1	55.4	66.1	60.7	93	0	58	89	0	0	0
2372224	2577400643	175	1	27	40	119718	0	0	78	80.8	92.6	50.7	0	58	89	2	0	0
2372224	2577400759	5683	1	27	54	205523	161030	1	9.1	46.5	29.2	61.7	0	59	90	0	0	0
2372224	2577400783	5683	1	27	54	161030	90801	1	29.2	61.7	27.1	75	0	59	90	0	0	0
2372224	2577400809	5683	1	27	58	90801	450429	1	27.1	75	25	58.2	0	59	90	0	0	0
2372224	2577400841	5683	1	28	0	450429	244243	1	25	58.2	33.6	55.6	0	59	90	0	0	0
2372224	2577400887	5683	1	28	4	244243	178876	1	37.2	54.4	41.1	17.6	0	59	90	0	0	0
2372224	2577400927	5683	1	28	9	178876	450429	1	44.9	18.3	35.3	47.9	0	59	90	0	0	0
2372224	2577400965	5683	1	28	14	450429	178876	1	35.3	45.8	38.7	12.9	0	59	90	0	0	0
2372224	2577400979	5683	1	28	19	178876	624878	1	45.8	17.6	67.5	42.3	0	59	90	0	0	0
2372224	2577400995	5683	1	28	20	624878	503523	100	67.5	42.3	62.3	31.3	0	59	90	0	0	0
2372224	2577401017	175	1	28	23	503523	119718	1	33.7	70.2	27.5	88.6	0	60	91	0	0	0
2372224	2577401059	175	1	28	26	119718	81352	1	25.2	92.3	2.6	48.1	0	60	91	0	0	0
2372224	2577401107	175	1	28	29	81352	41328	1	2.6	48.1	13.8	21.9	0	60	91	0	0	0
2372224	2577401177	175	1	28	33	41328	65807	1	18	23.6	11.4	52.8	0	60	91	0	0	0
2372224	2577401197	175	1	28	39	65807	119141	1	28.6	51.3	36.8	54	0	60	91	0	0	0
2372224	2577401229	175	1	28	40	119141	65807	1	36.8	54	29.2	53.9	0	60	91	0	0	0
2372224	2577401243	175	1	28	42	65807	213431	1	29.2	53.9	33.2	86.9	0	60	91	0	0	0
2372224	2577401259	175	1	28	44	213431	119141	1	34.2	87.7	33	69.7	0	60	91	0	0	0
2372224	2577401299	175	1	28	47	119141	41328	1	32.5	65.2	37.3	10.9	0	60	91	0	0	0
2372224	2577401319	175	1	28	52	41328	76650	1	46.6	4	53.6	9.2	0	60	91	0	0	0
2372224	2577401357	175	1	28	53	76650	213431	1	52.3	11.1	48.4	58.4	0	60	91	0	0	0
2372224	2577401377	175	1	28	56	213431	88482	1	52.7	59.3	68.1	52.7	0	60	91	0	0	0
2372224	2577401411	175	1	28	58	88482	167449	1	68	54.5	64.9	75.3	0	60	91	0	0	0
2372224	2577401429	175	1	29	4	167449	119718	1	70.2	72.4	74.9	95.3	0	60	91	0	0	0
2372224	2577401479	175	1	29	10	119718	119141	1	89.3	85.6	69.1	25.5	0	60	91	0	0	0
2372224	2577401505	175	1	29	13	119141	192364	1	69.1	25.5	76.2	8	0	60	91	0	0	0
2372224	2577401515	175	1	29	15	192364	119141	1	76.2	8	66.5	6.4	0	60	91	0	0	0
2372224	2577401551	175	1	29	18	119141	76650	1	66.5	6.4	93.1	23.7	0	60	91	0	0	0
2372224	2577401575	175	1	29	24	76650	192364	1	90	22.5	86.5	7.1	0	60	91	0	0	0
2372224	2577401581	175	1	29	28	192364	119141	1	82.9	5.9	77.1	12.9	0	60	91	0	0	0
2372224	2577401593	175	1	29	28	119141	0	0	77.1	12.9	86	18.9	0	60	91	0	0	0
2372224	2577401595	5683	1	29	29	90801	0	0	13.6	75.4	22.7	77.7	0	61	92	0	0	0
2372224	2577401875	5683	1	29	50	450429	244243	1	23.7	66.8	28.3	57.2	0	63	95	0	0	5
2372224	2577401901	5683	1	29	54	244243	178876	1	29.1	56.5	35.5	29.5	0	63	95	0	0	0
2372224	2577401921	5683	1	29	59	178876	244243	1	39.8	21.1	43.9	32.3	0	63	95	0	0	0
2372224	2577401939	5683	1	30	1	244243	450429	1	42.4	33.7	38.5	56.3	0	63	95	0	0	0
2372224	2577401965	5683	1	30	5	450429	178876	1	40.2	53.5	41.9	21.6	0	63	95	0	0	0
2372224	2577401987	5683	1	30	10	178876	51732	1	44.4	19	48.5	4.8	0	63	95	0	0	0
2372224	2577402007	5683	1	30	12	51732	178876	1	48.5	4.8	35.8	24.6	0	63	95	0	0	0
2372224	2577402023	5683	1	30	16	178876	244243	1	36.1	19.7	57.1	12.7	0	63	95	0	0	0
2372224	2577402031	5683	1	30	17	244243	51732	1	57.1	12.7	65.2	7.6	0	63	95	0	0	0
2372224	2577402053	5683	1	30	19	51732	174816	1	65.2	7.6	70.3	34.1	0	63	95	0	0	0
2372224	2577402077	5683	1	30	20	174816	243718	1	70.3	34.1	68.3	27.6	0	63	95	0	0	0
2372224	2577402197	5683	1	30	33	178876	244243	1	54.3	35.1	47.6	26	0	65	97	0	0	0
2372224	2577402231	5683	1	30	37	244243	161030	1	56.4	34.7	61.5	24.2	0	65	97	0	0	0
2372224	2577402289	5683	1	30	39	161030	0	1	60.7	10.6	67	5	0	65	97	0	0	0
2372224	2577402291	5683	1	30	46	174816	0	0	71.1	5.2	62.6	6.6	0	65	97	0	0	0
2372224	2577402343	175	1	30	50	119718	503523	1	39.7	90.3	32.6	76.4	0	66	98	0	0	0
2372224	2577402355	175	1	30	51	503523	213431	1	32.6	76.4	31.8	91.4	0	66	98	0	0	0
2372224	2577402363	175	1	30	53	213431	167449	1	31.8	91.4	36.8	94.1	0	66	98	0	0	0
2372224	2577402371	175	1	30	55	167449	213431	1	36.8	94.1	29.8	92.4	0	66	98	0	0	0
2372224	2577402381	175	1	30	55	213431	0	0	29.8	92.4	41	84.8	0	66	98	0	0	0
2372224	2577402401	5683	1	30	57	51732	243718	1	56.8	14.6	74.3	19.2	0	0	0	0	3	0
2372224	2577402405	5683	1	30	58	243718	0	0	74.3	19.2	80.8	31.1	0	0	0	0	3	0
2372224	2577402423	175	1	30	59	65807	213431	1	19	72	19.4	92.9	0	66	99	0	0	0
2372224	2577402475	175	1	31	2	213431	41328	1	19.5	91.8	14.5	28.5	0	66	99	0	0	0
2372224	2577402493	175	1	31	10	41328	119141	1	44.7	24.3	54	38.2	0	66	99	0	0	0
2372224	2577403859	5683	1	34	6	205523	90801	1	14.3	52.3	17.5	82.6	0	67	100	0	0	5
2372224	2577403861	5683	1	34	10	90801	0	0	17.4	89.4	65.4	92.4	0	67	100	0	0	0
2372224	2577403879	175	1	34	13	41328	0	1	30.4	6.1	58.6	12	0	68	101	0	3	0
2372224	2577403915	175	1	34	19	192364	76650	1	77.2	21.9	96.7	27.1	0	68	101	0	0	0
2372224	2577403923	175	1	34	21	76650	0	0	96.7	27.1	96.3	31	0	68	101	0	0	0
2372224	2577404221	5683	1	34	57	205523	624878	1	3.5	48.1	61.3	67.5	0	69	102	0	0	0
2372224	2577404279	175	1	35	4	41328	65807	1	36.5	23.7	30.5	45.4	0	70	103	0	0	0
2372224	2577404311	175	1	35	6	65807	213431	1	29.6	49.6	32.6	64.9	0	70	103	0	0	0
2372224	2577404337	175	1	35	9	213431	119718	1	34.5	80.9	41.9	93.3	0	70	103	0	0	0
2372224	2577404361	175	1	35	13	119718	167449	1	44.8	93.5	55.7	84.5	0	70	103	0	0	0
2372224	2577404373	175	1	35	16	167449	119141	1	59.1	74.4	53.9	42.2	0	70	103	0	0	0
2372224	2577404389	175	1	35	18	119141	41328	1	53.9	42.2	62.9	24.1	0	70	103	0	0	0
2372224	2577404417	175	1	35	20	41328	192364	1	62.9	24.1	81.3	8.5	0	70	103	0	0	0
2372224	2577404441	175	1	35	24	192364	119141	1	81.3	8.5	91	14	0	70	103	0	0	0
2372224	2577404463	175	1	35	26	119141	0	0	91.3	14.1	100.7	82.7	0	70	103	2	0	0
2372224	2577404567	5683	1	35	46	205523	450429	1	4.8	45.3	6	59.8	0	71	104	0	0	0
2372224	2577404597	5683	1	35	50	450429	0	0	6.8	56.3	58.7	43.9	0	71	104	0	0	0
2372224	2577404609	175	1	35	53	213431	0	0	40.9	53.1	53.1	54.6	0	0	0	0	3	0
2372224	2577404617	5683	1	35	56	244243	0	0	43.9	45.8	46.2	43.2	0	0	0	0	3	0
2372224	2577404663	175	1	35	59	192364	76650	1	56.3	33.1	58.7	39.8	0	0	0	0	3	0
2372224	2577404685	175	1	36	0	76650	119141	1	58.7	39.8	54.6	39.1	0	0	0	0	3	0
2372224	2577404697	175	1	36	1	119141	0	1	54.6	39.1	54.7	55.7	0	72	105	0	3	0
2372224	2577404721	175	1	36	4	167449	213431	1	57.6	60.8	58.3	82.7	0	72	105	0	0	0
2372224	2577404747	175	1	36	7	213431	76650	1	64.7	88.7	67.2	69	0	72	105	0	0	0
2372224	2577404751	175	1	36	10	76650	0	0	67.2	69	69.5	73.5	0	72	105	0	0	0
2372224	2577404789	5683	1	36	11	450429	0	0	21.8	38.1	61.1	38.6	0	73	106	0	0	0
2372224	2577404805	175	1	36	14	65807	0	1	41.4	60	38.2	41.9	0	74	107	0	3	0
2372224	2577404839	175	1	36	18	41328	119141	1	39.4	41.5	54.5	31.8	0	74	107	0	0	0
2372224	2577404913	175	1	36	20	119141	119718	1	55.5	32.5	84.4	68.1	0	74	107	0	0	0
2372224	2577404921	175	1	36	31	119718	76650	1	93.4	89.3	85.8	70.5	0	74	108	0	0	0
2372224	2577404935	175	1	36	34	76650	119141	1	78.3	63.9	81.2	54.8	0	74	108	0	0	0
2372224	2577404955	175	1	36	35	119141	76650	1	81.2	54.8	82.6	60.3	0	74	108	0	0	0
2372224	2577405019	5683	1	36	40	51732	0	1	3.7	28.5	33.5	6.4	0	75	109	0	0	0
2372224	2577405347	5683	1	37	22	178876	0	1	26.5	5	71.2	10.8	0	75	110	0	0	5
2372224	2577405647	5683	1	38	9	161030	0	0	70.8	13.9	95	49.5	0	75	111	2	0	5
2372224	2577405703	5683	1	38	15	51732	205523	1	51.2	39.7	25.2	66.6	0	75	112	0	0	0
2372224	2577405719	5683	1	38	25	205523	51732	1	27.8	57.9	32.5	9.4	0	75	112	0	0	0
2372224	2577405759	5683	1	38	27	51732	205523	1	32	17.1	9.7	49.1	0	75	112	0	0	0
2372224	2577405795	5683	1	38	32	205523	0	1	9.7	49.1	46.5	44.9	0	75	112	0	0	0
2372224	2577406115	5683	1	39	11	161030	243718	1	47.5	45.8	53.7	60.3	0	75	113	0	0	5
2372224	2577406129	5683	1	39	12	243718	90801	1	53	62.8	54.5	85	0	75	113	0	0	0
2372224	2577406143	5683	1	39	15	90801	243718	1	54.5	85	64.7	72.9	0	75	113	0	0	0
2372224	2577406175	175	1	39	19	119141	76650	1	40	19.5	45	30.3	0	76	114	0	0	0
2372224	2577406237	175	1	39	24	503523	167449	1	40.2	58.7	51.9	79.9	0	76	115	0	0	0
2372224	2577406259	175	1	39	29	167449	213431	1	58.3	95.1	54.7	87.1	0	76	115	0	0	0
2372224	2577406269	175	1	39	32	213431	119718	1	55	87.1	61.9	85.6	0	76	115	0	0	0
2372224	2577406299	175	1	39	33	119718	213431	1	61.9	85.6	56.7	86.8	0	76	115	0	0	0
2372224	2577406353	175	1	39	36	213431	41328	1	56.3	85.9	45.6	19.4	0	76	115	0	0	0
2372224	2577406369	175	1	39	43	41328	503523	1	54.5	20	54.7	34	0	76	115	0	0	0
2372224	2577406375	175	1	39	45	503523	41328	1	54.9	31.8	53.1	20.9	0	76	115	0	0	0
2372224	2577406407	175	1	39	46	41328	65807	1	53.1	20.9	45.6	43	0	76	115	0	0	0
2372224	2577406437	175	1	39	50	65807	41328	1	50.6	39.8	54.1	15.9	0	76	115	0	0	0
2372224	2577406447	175	1	39	53	41328	192364	1	58.4	13.4	59.1	4.7	0	76	115	0	0	0
2372224	2577406463	175	1	39	56	192364	119141	1	58.9	8.2	57.6	14.7	0	76	115	0	0	0
2372224	2577406477	175	1	39	58	119141	41328	1	57.6	14.7	61.9	2.9	0	76	115	0	0	0
2372224	2577406481	175	1	39	59	41328	0	0	61.9	2.9	65.1	4.6	0	76	115	0	0	0
2372224	2577406507	5683	1	40	2	472148	90801	1	31.3	83.1	25.2	79.8	0	77	116	0	0	0
2372224	2577406527	5683	1	40	4	90801	161030	1	23.4	82.6	31.2	77.9	0	77	116	0	0	0
2372224	2577406561	5683	1	40	6	161030	472148	1	30.9	82.6	31.5	97.3	0	77	116	0	0	0
2372224	2577406585	5683	1	40	11	472148	90801	1	30.2	97.1	23.4	89.2	0	77	116	0	0	0
2372224	2577406601	5683	1	40	14	90801	450429	1	23.4	89.2	15.1	61.2	0	77	116	0	0	0
2372224	2577406625	5683	1	40	17	450429	178876	1	15.1	61.2	17.4	21.6	0	77	116	0	0	0
2372224	2577406657	5683	1	40	20	178876	51732	1	19.8	18.1	69.1	19	0	77	116	0	0	0
2372224	2577406709	5683	1	40	24	51732	174816	1	70.4	17.6	90.6	37.2	0	77	116	0	0	0
2372224	2577406725	5683	1	40	31	174816	51732	1	95	8.7	75.3	6.4	0	77	116	0	0	0
2372224	2577406751	5683	1	40	34	51732	161030	1	75.3	6.4	66.7	38.6	0	77	116	0	0	0
2372224	2577406763	5683	1	40	37	161030	0	0	65.4	46	87	54.4	0	77	116	0	0	0
2372224	2577406771	175	1	40	38	41328	0	1	14.8	47.2	23.7	44.8	0	78	117	0	3	0
2372224	2577406843	175	1	40	44	119141	167449	1	33.9	19.2	38.5	7.5	0	78	117	0	0	0
2372224	2577406859	175	1	40	48	167449	503523	1	40.9	19.2	35.8	35.2	0	78	117	0	0	0
2372224	2577406875	175	1	40	51	503523	41328	1	35.8	35.2	28.6	38.3	0	78	117	0	0	0
2372224	2577406915	175	1	40	52	41328	65807	1	28.6	38.3	30.5	64.8	0	78	117	0	0	0
2372224	2577406927	175	1	40	56	65807	119718	1	36.5	69.4	61.6	91.5	0	78	117	0	0	0
2372224	2577406937	175	1	41	0	119718	213431	1	61.6	91.5	60.9	80.2	0	78	117	0	0	0
2372224	2577406955	175	1	41	2	213431	503523	1	60.9	80.2	54	72.3	0	78	117	0	0	0
2372224	2577406981	175	1	41	4	503523	119141	1	54.5	66.1	60.3	32.8	0	78	117	0	0	0
2372224	2577407045	175	1	41	10	119141	192364	1	68.1	26.2	81.6	11	0	78	117	0	0	0
2372224	2577407085	175	1	41	13	192364	0	1	87.7	10.6	91.6	48.5	0	78	117	2	0	0
2372224	2577407337	5683	1	41	46	205523	178876	1	7.3	49.1	11.3	17.1	0	79	118	0	0	5
2372224	2577407387	5683	1	41	50	178876	244243	1	11.3	17.1	22.7	29.9	0	79	118	0	0	0
2372224	2577407401	5683	1	41	58	244243	450429	1	28.6	53.5	20.5	62.8	0	79	118	0	0	0
2372224	2577407445	5683	1	42	1	450429	178876	1	20.5	62.8	20.6	25	0	79	118	0	0	0
2372224	2577407465	5683	1	42	8	178876	624878	1	38.2	27.1	59.4	40.9	0	79	118	0	0	0
2372224	2577407491	5683	1	42	11	624878	244243	1	54	38.3	44.4	40.4	0	79	118	0	0	0
2372224	2577407529	5683	1	42	12	244243	161030	1	45.7	41.4	55.9	61.9	0	79	118	0	0	0
2372224	2577407541	5683	1	42	18	161030	244243	1	47	68.4	45.7	56.3	0	79	118	0	0	0
2372224	2577407549	5683	1	42	19	244243	161030	1	45.5	56.3	57.2	57.7	0	79	118	0	0	0
2372224	2577407569	5683	1	42	20	161030	244243	1	57.2	57.7	48.3	58.6	0	79	118	0	0	0
2372224	2577407575	5683	1	42	23	244243	161030	1	53	53	62.3	77.5	0	79	118	0	0	0
2372224	2577407589	5683	1	42	25	161030	90801	1	62.3	77.5	52.8	89.9	0	79	118	0	0	0
2372224	2577407601	5683	1	42	28	90801	161030	1	53.3	89.2	51.7	75.4	0	79	118	0	0	0
2372224	2577407639	5683	1	42	30	161030	178876	1	52.7	72.9	45.2	22.3	0	79	118	0	0	0
2372224	2577407649	5683	1	42	34	178876	51732	1	40.8	29.7	54.2	3.6	0	79	118	0	0	0
2372224	2577407667	5683	1	42	36	51732	178876	1	54.2	3.6	43.2	20.2	0	79	118	0	0	0
2372224	2577407695	5683	1	42	38	178876	450429	1	43.2	20.2	33.6	43.5	0	79	118	0	0	0
2372224	2577407713	5683	1	42	43	450429	90801	1	35.1	51.9	33.2	87.8	0	79	118	0	0	0
2372224	2577407745	5683	1	42	45	90801	243718	1	33.2	87.8	42.4	89.2	0	79	118	0	0	0
2372224	2577407767	5683	1	42	48	243718	161030	1	36.6	92.9	35.9	82.9	0	79	118	0	0	0
2372224	2577407771	5683	1	42	49	161030	0	0	35.9	82.9	37.7	85.9	0	79	118	0	0	0
2372224	2577407795	175	1	42	50	192364	0	0	62.3	15.8	66.7	17.9	0	80	119	0	0	0
2372224	2577407805	5683	1	42	51	161030	0	0	36.7	86.4	67.2	79.4	0	81	120	0	0	0
2372224	2577407827	175	1	42	55	41328	0	0	34	22.1	44.7	19.8	0	0	0	0	3	0
2372224	2577407837	5683	1	42	58	472148	0	0	55.6	81.5	59.7	79.6	0	0	0	0	3	0
2372224	2577407889	175	1	42	59	119141	192364	1	39.2	20.6	47.9	7.4	0	82	121	0	0	0
2372224	2577407905	175	1	43	5	192364	119141	1	60.8	4.4	56.1	6.1	0	82	121	0	0	0
2372224	2577407933	175	1	43	7	119141	41328	1	54.3	5.3	42.8	7.7	0	82	121	0	0	0
2372224	2577407949	175	1	43	10	41328	65807	1	44.7	20	34.7	48.4	0	82	121	0	0	0
2372224	2577407959	175	1	43	13	65807	213431	1	34.7	49.6	45.8	77.3	0	82	121	0	0	0
2372224	2577407967	175	1	43	16	213431	167449	1	53	77.5	61.5	82.4	0	82	121	0	0	0
2372224	2577407983	5683	1	43	19	178876	624878	1	39.7	8.5	52.8	15	0	83	122	0	0	0
2372224	2577407989	5683	1	43	21	624878	503523	100	52.8	15	51.9	21.3	0	83	122	0	0	0
2372224	2577408051	175	1	43	23	503523	167449	1	44.1	81.7	46.9	88.3	0	84	123	0	0	0
2372224	2577408065	5683	1	43	27	624878	178876	1	47.8	5.5	28.6	18.8	0	85	124	0	0	0
2372224	2577408077	5683	1	43	29	178876	244243	1	28.6	18.8	36.4	19.5	0	85	124	0	0	0
2372224	2577408089	5683	1	43	31	244243	161030	1	36.4	19.5	58.7	35.1	0	85	124	0	0	0
2372224	2577408105	5683	1	43	32	161030	41328	100	61	36.9	73.8	44.9	0	85	124	0	0	0
2372224	2577408143	175	1	43	35	41328	119141	1	32.8	54.9	41	33.6	0	86	125	0	0	0
2372224	2577408149	175	1	43	38	119141	0	0	41.1	32.2	61	23	0	86	125	0	0	0
2372224	2577408173	5683	1	43	41	90801	244243	1	38.7	79.6	43.4	65.4	0	87	126	0	0	0
2372224	2577408225	5683	1	43	44	244243	243718	1	47.8	68.7	50.7	43.9	0	87	126	0	0	0
2372224	2577408233	5683	1	43	49	243718	51732	1	57.2	33	58.2	13.9	0	87	126	0	0	0
2372224	2577408259	5683	1	43	50	51732	243718	1	58.2	13.9	53.7	27.1	0	87	126	0	0	0
2372224	2577408283	5683	1	43	53	243718	161030	1	54.6	32.5	52.4	49.3	0	87	126	0	0	0
2372224	2577408301	5683	1	43	56	161030	450429	1	52.4	49.3	47.5	72.4	0	87	126	0	0	0
2372224	2577408355	5683	1	43	59	450429	178876	1	47.6	66.8	46	30.4	0	87	126	0	0	0
2372224	2577408363	5683	1	44	2	178876	243718	1	46.5	27.6	55.8	11.5	0	87	126	0	0	0
2372224	2577408385	5683	1	44	5	243718	178876	1	48.8	25.7	37.2	16.7	0	87	126	0	0	0
2372224	2577408395	5683	1	44	8	178876	244243	1	41.1	19.7	59.5	29.2	0	87	126	0	0	0
2372224	2577408403	5683	1	44	9	244243	0	0	59.5	29.2	59	26.2	0	87	126	0	0	0
2372224	2577408421	175	1	44	10	88482	0	1	58.7	71.7	45.7	52.4	0	88	127	0	0	0
2372224	2577408437	175	1	44	14	119141	213431	1	47.2	54	62.1	84.9	0	88	127	0	0	0
2372224	2577408439	175	1	44	15	213431	0	0	60.9	87.5	66.3	81.8	0	88	127	0	0	0
2372224	2577408583	175	1	44	33	213431	88482	1	59	100	61.5	77.6	0	88	128	0	0	0
2372224	2577408635	175	1	44	37	41328	81352	1	44	63	19.3	70.6	0	88	129	0	0	0
2372224	2577408639	175	1	44	43	81352	65807	1	19.4	69.4	24.1	70.8	0	88	129	0	0	0
2372224	2577408711	175	1	44	50	65807	167449	1	37.1	59.4	57.1	72.6	0	88	129	0	0	0
2372224	2577408739	175	1	44	57	76650	192364	1	77.6	39.8	87	24.3	0	88	130	0	0	0
2372224	2577408751	175	1	44	58	192364	0	0	87	24.3	98.8	49.1	0	88	130	2	0	0
2372224	2577408847	5683	1	45	20	205523	178876	1	7.5	40.8	11.4	8.7	0	89	131	0	0	0
2372224	2577408851	5683	1	45	22	178876	503523	100	7.4	16.3	27.6	17.2	0	89	131	0	0	0
2372224	2577408901	175	1	45	30	503523	0	0	93.3	77	89.9	65.8	0	90	132	0	0	0
2372224	2577408943	175	1	45	34	167449	0	0	88.1	83	101.2	34	0	90	133	2	0	0
2372224	2577409225	5683	1	46	11	205523	472148	1	4.7	47.4	55	89.9	0	91	134	0	0	0
2372224	2577409247	5683	1	46	14	472148	624878	1	55	89.9	62.6	93.6	0	91	134	0	3	0
2372224	2577409319	175	1	46	23	192364	119141	1	43.3	0	46.1	7.7	0	92	135	0	0	0
2372224	2577409329	175	1	46	24	119141	192364	1	46.1	7.7	43.3	3.1	0	92	135	0	0	0
2372224	2577409349	175	1	46	26	192364	65807	1	41.1	3.2	30.9	21	0	92	135	0	0	0
2372224	2577409365	175	1	46	27	65807	41328	1	30.9	21	29.7	5.5	0	92	135	0	0	0
2372224	2577409391	175	1	46	30	41328	81352	1	29	5.9	3.7	33.1	0	92	135	0	0	0
2372224	2577409469	175	1	46	33	81352	213431	1	5.4	34.5	26	77.5	0	92	135	0	0	0
2372224	2577409511	175	1	46	43	213431	65807	1	34.5	84.8	25.6	65.5	0	92	135	0	0	0
2372224	2577409551	175	1	46	48	65807	192364	1	31.3	56.1	70.7	2.2	0	92	135	0	0	0
2372224	2577409587	175	1	46	55	192364	0	0	71.7	21.5	70.8	25.8	0	92	135	0	0	0
2372224	2577409635	175	1	46	59	119141	41328	1	57.8	16.7	72.5	3.6	0	92	136	0	0	0
2372224	2577409653	175	1	47	1	41328	76650	1	71.4	7.4	67.8	22.2	0	92	136	0	0	0
2372224	2577409679	175	1	47	3	76650	503523	1	67.1	21	56.2	28.3	0	92	136	0	0	0
2372224	2577409711	175	1	47	7	503523	213431	1	58.1	34.2	56.6	70	0	92	136	0	0	0
2372224	2577409743	175	1	47	11	213431	119718	1	61.5	75	72	94.5	0	92	136	0	0	0
2372224	2577409763	175	1	47	16	119718	167449	1	80	91.8	75.1	77.3	0	92	136	0	0	0
2372224	2577409779	175	1	47	17	167449	213431	1	75.1	77.3	67.9	84.5	0	92	136	0	0	0
2372224	2577409789	175	1	47	19	213431	76650	1	67.9	84.7	75.2	71.8	0	92	136	0	0	0
2372224	2577409811	175	1	47	19	76650	119718	1	75.2	71.8	80	89.4	0	92	136	0	0	0
2372224	2577409821	175	1	47	23	119718	0	0	83.8	87.1	87.8	85.4	0	92	136	0	0	0
2372224	2577409867	175	1	47	29	119718	213431	1	86.6	100	77.5	95.4	0	92	137	0	0	0
2372224	2577409893	175	1	47	30	213431	119718	1	77.5	95.4	86.6	95.7	0	92	137	0	0	0
2372224	2577409903	175	1	47	35	119718	503523	1	77.2	84.1	66.6	80.5	0	92	137	0	0	0
2372224	2577409917	175	1	47	37	503523	213431	1	66.3	82.7	76.3	95.4	0	92	137	0	0	0
2372224	2577409937	175	1	47	40	213431	76650	1	78.2	95.1	88.3	59.9	0	92	137	2	0	0
2372224	2577410155	175	1	48	12	167449	65807	1	99.5	0.5	90.8	58.7	0	92	138	2	0	6
2372224	2577410223	175	1	48	22	119141	41328	1	79.2	10.7	66	26.4	0	92	139	0	0	0
2372224	2577410229	175	1	48	24	41328	0	0	65.7	26.4	88.9	55.5	0	92	139	2	0	0
2372224	2577411285	5683	1	51	4	624878	161030	1	50.1	50.2	40.2	56.8	0	93	141	0	0	0
2372224	2577411305	5683	1	51	6	161030	90801	1	38.9	60.5	39.5	78.9	0	93	141	0	0	0
2372224	2577411309	5683	1	51	8	90801	450429	1	39.3	78.9	30.9	64	0	93	141	0	0	0
2372224	2577411315	5683	1	51	10	450429	0	0	30.9	64	31.4	101.8	0	93	141	0	0	0
2372224	2577411393	175	1	51	16	76650	119141	1	70.6	0	65.4	17	0	94	142	0	0	0
2372224	2577411411	175	1	51	18	119141	76650	1	65.6	15.8	69.7	2.9	0	94	142	0	3	0
2372224	2577411453	175	1	51	20	76650	119141	1	69.7	2.9	62.9	8.3	0	94	142	0	0	0
2372224	2577411473	175	1	51	23	119141	167449	1	68.6	23.4	69	44.6	0	94	142	0	0	0
2372224	2577411477	175	1	51	25	167449	119141	1	69.1	40.7	70.8	34.5	0	94	142	0	0	0
2372224	2577411485	175	1	51	26	119141	167449	1	70.8	34.5	66.3	30.3	0	94	142	0	0	0
2372224	2577411507	175	1	51	27	167449	192364	1	66.3	30.3	70.4	20	0	94	142	0	0	0
2372224	2577411523	175	1	51	30	192364	76650	1	75.3	20.4	72	20.9	0	94	142	0	0	0
2372224	2577411541	175	1	51	32	76650	119718	1	73.1	28	77.3	54.9	0	94	142	0	0	0
2372224	2577417345	175	2	45	0	76650	503523	1	50.4	49.7	38.9	50.5	0	95	143	0	0	0
2372224	2577417359	175	2	45	2	503523	119141	1	38.6	49.9	40.6	10	0	95	143	0	0	0
2372224	2577417371	175	2	45	4	119141	41328	1	40.6	8.5	46.2	3.1	0	95	143	0	0	0
2372224	2577417383	175	2	45	5	41328	0	0	46.2	3.1	67	11.3	0	95	143	0	0	0
2372224	2577417403	5683	2	45	7	90801	161030	1	31.4	90.1	39.2	87.8	0	96	144	0	3	0
2372224	2577417407	5683	2	45	9	161030	0	1	39.2	87.5	60	87.1	0	96	144	0	0	0
2372224	2577417425	5683	2	45	11	174816	0	0	62.6	85.4	80.2	67.7	0	96	144	0	0	0
2372224	2577417449	175	2	45	14	81352	0	0	18.7	30.3	25.9	-1.4	0	97	145	0	0	0
2372224	2577417477	5683	2	45	21	472148	90801	1	68.1	100	46	93.8	0	98	146	0	0	0
2372224	2577417483	5683	2	45	24	90801	450429	1	45.8	91.5	36.4	66.8	0	98	146	0	0	0
2372224	2577417489	5683	2	45	28	450429	90801	1	35.3	80.3	36.7	94.5	0	98	146	0	0	0
2372224	2577417507	5683	2	45	30	90801	472148	1	40.8	95	67.5	94.3	0	98	146	0	0	0
2372224	2577417509	5683	2	45	38	472148	0	0	61.1	97.1	63	97.3	0	98	146	0	0	0
2372224	2577417523	175	2	45	39	41328	0	0	36.5	3.1	38.7	3.1	0	99	147	0	0	0
2372224	2577417547	5683	2	45	45	243718	161030	1	57.9	97.3	53.7	93.6	0	100	148	0	0	0
2372224	2577417553	5683	2	45	46	161030	90801	1	53.7	93.6	40.5	95.7	0	100	148	0	0	0
2372224	2577417569	5683	2	45	48	90801	205523	1	40.5	95.7	12.6	60.3	0	100	148	0	0	0
2372224	2577417583	5683	2	45	51	205523	178876	1	12.6	60.3	27.3	24.3	0	100	148	0	0	0
2372224	2577417605	5683	2	45	54	178876	244243	1	27.3	24.3	37.9	18.5	0	100	148	0	0	0
2372224	2577417617	5683	2	45	58	244243	178876	1	33.3	9.7	23.4	19.2	0	100	148	0	0	0
2372224	2577417625	5683	2	46	0	178876	205523	1	15.4	23.7	6.3	39	0	100	148	0	0	0
2372224	2577417643	5683	2	46	1	205523	51732	1	7	38.2	55.1	10.8	0	100	148	0	0	0
2372224	2577417659	5683	2	46	5	51732	624878	1	54	11.4	58.3	28.5	0	100	148	0	3	0
2372224	2577417677	5683	2	46	10	624878	472148	1	64.6	54.7	64.6	81	0	100	148	0	0	0
2372224	2577417703	5683	2	46	13	472148	174816	1	64.6	81	79.5	85.2	0	100	148	0	0	0
2372224	2577417709	5683	2	46	17	174816	161030	1	72.2	75.9	67.5	71.9	0	100	148	0	0	0
2372224	2577417741	5683	2	46	18	161030	472148	1	67.5	71.9	87.8	93.8	0	100	148	0	0	0
2372224	2577417759	5683	2	46	21	472148	624878	1	91.6	94.8	92	50.5	0	100	148	2	0	0
2372224	2577417875	5683	2	46	37	472148	161030	1	59.4	100	55.8	86.6	0	102	151	0	0	0
2372224	2577417881	5683	2	46	39	161030	450429	1	55.8	86.6	45.8	58.6	0	102	151	0	0	0
2372224	2577417885	5683	2	46	42	450429	178876	1	48.6	57.3	53.7	29.1	0	102	151	0	0	0
2372224	2577417893	5683	2	46	45	178876	243718	1	59.1	27.9	67.4	7.9	0	102	151	0	0	0
2372224	2577417913	5683	2	46	47	243718	244243	1	65.4	9.3	62.3	24.4	0	102	151	0	0	0
2372224	2577417927	5683	2	46	52	244243	90801	1	58.4	29.3	53.1	77.3	0	102	151	0	0	0
2372224	2577417935	5683	2	46	58	90801	450429	1	61.5	83.7	45.6	58.5	0	102	151	0	0	0
2372224	2577417945	5683	2	47	1	450429	178876	1	47.3	56.5	55.1	20.2	0	102	151	0	0	0
2372224	2577417965	5683	2	47	4	178876	243718	1	55.3	22.7	62.5	5.5	0	102	151	0	0	0
2372224	2577417971	5683	2	47	8	243718	90801	1	53.8	11.8	36.9	73.3	0	102	151	0	0	0
2372224	2577417979	5683	2	47	13	90801	161030	1	36.6	80.4	45.3	92.7	0	102	151	0	0	0
2372224	2577417991	5683	2	47	15	161030	0	0	44.9	92.3	72.8	93.6	0	102	151	0	0	0
2372224	2577418013	175	2	47	17	192364	0	1	28.5	6.2	38.7	13.2	0	103	152	0	3	0
2372224	2577418029	175	2	47	19	119141	0	1	42	13	38.2	26.6	0	103	152	0	0	0
2372224	2577418169	175	2	47	44	65807	213431	1	35	29.7	57.3	93.4	0	103	153	0	0	5
2372224	2577418175	175	2	47	48	213431	0	0	59	88.9	83.8	73.8	0	103	153	0	0	0
2372224	2577418187	5683	2	47	50	178876	51732	1	15.4	26.4	20.1	13.7	0	104	154	0	0	0
2372224	2577418195	5683	2	47	51	51732	450429	1	20.8	14.3	12.3	39	0	104	154	0	0	0
2372224	2577418209	5683	2	47	53	450429	0	0	12.3	39	60.3	22.5	0	104	154	0	0	0
2372224	2577418257	175	2	47	58	65807	81352	1	30.2	80	12.2	56.5	0	105	155	0	0	0
2372224	2577418291	175	2	48	4	81352	65807	1	14.5	50.7	18	56	0	105	155	0	0	0
2372224	2577418309	175	2	48	12	65807	167449	1	45.7	64.2	53.2	92.6	0	105	155	0	0	0
2372224	2577418333	175	2	48	15	167449	213431	1	48.1	91.5	38.2	81.7	0	105	155	0	0	0
2372224	2577418357	175	2	48	18	213431	167449	1	38.2	81.7	46.8	93.5	0	105	155	0	0	0
2372224	2577418373	175	2	48	20	167449	119718	1	46.9	93.8	62.5	97.7	0	105	155	0	0	0
2372224	2577418389	175	2	48	22	119718	167449	1	60.8	96.8	47.1	96.3	0	105	155	0	0	0
2372224	2577418407	175	2	48	27	167449	213431	1	52.1	95.1	39.9	80	0	105	155	0	0	0
2372224	2577418443	175	2	48	29	213431	65807	1	39.5	79.9	34.9	53	0	105	155	0	0	0
2372224	2577418461	175	2	48	36	65807	0	0	46.7	41.6	66.4	42.2	0	105	155	0	0	0
2372224	2577418473	5683	2	48	38	450429	0	0	33.5	56.3	52.6	46.6	0	106	156	0	0	0
2372224	2577418503	175	2	48	39	213431	119141	1	45.7	51.8	55.7	14.9	0	107	157	0	0	0
2372224	2577418509	175	2	48	46	119141	76650	1	67.4	7.9	72.5	27.7	0	107	157	0	0	0
2372224	2577418517	5683	2	48	48	472148	0	0	19.4	70.3	27.8	36.9	0	108	158	0	0	0
2372224	2577418645	5683	2	49	13	205523	450429	1	3.2	54.2	8.6	44.4	0	110	160	0	0	0
2372224	2577418655	5683	2	49	16	450429	205523	1	8.6	44.4	3.9	56.3	0	110	160	0	0	0
2372224	2577418661	5683	2	49	18	205523	90801	1	3.9	56.3	10	88.7	0	110	160	0	0	0
2372224	2577418681	5683	2	49	21	90801	65807	100	11.3	92.7	57.2	86.4	0	110	160	0	0	0
2372224	2577418707	5683	2	49	26	624878	51732	1	58.1	73.3	60.7	23.9	0	110	161	0	0	0
2372224	2577418737	5683	2	49	29	51732	0	0	60.7	23.9	98.3	23.9	0	110	161	0	0	0
2372224	2577418761	175	2	49	38	81352	213431	1	5.5	76.4	18.8	85	0	111	162	0	0	0
2372224	2577418791	175	2	49	41	213431	65807	1	18.8	85	13.8	69.3	0	111	162	0	0	0
2372224	2577418803	175	2	49	45	65807	213431	1	16.7	68.4	26.1	91.4	0	111	162	0	0	0
2372224	2577418833	175	2	49	48	213431	167449	1	26.2	91.5	38.4	95.1	0	111	162	0	0	0
2372224	2577418851	175	2	49	54	167449	119718	1	52.5	86.9	70.4	97.8	0	111	162	0	0	0
2372224	2577418857	175	2	49	59	119718	76650	1	73.9	95.1	72.9	79.6	0	111	162	0	0	0
2372224	2577418861	175	2	50	0	76650	119718	1	72.9	79.6	68.5	82	0	111	162	0	0	0
2372224	2577418879	175	2	50	2	119718	119141	1	66	74.1	66.1	15.3	0	111	162	0	0	0
2372224	2577418889	175	2	50	7	119141	41328	1	66.1	14.9	60.3	13.7	0	111	162	0	0	0
2372224	2577418897	175	2	50	11	41328	119141	1	67.8	15.2	73	2	0	111	162	0	0	0
2372224	2577418917	175	2	50	15	119141	119718	1	70.7	5.2	64.4	49.4	0	111	162	0	0	0
2372224	2577418933	175	2	50	18	119718	167449	1	69.7	56.1	72.9	76.6	0	111	162	0	0	0
2372224	2577418945	175	2	50	22	167449	119718	1	74.8	77.5	95.5	78.8	0	111	162	0	0	0
2372224	2577418949	175	2	50	25	119718	0	0	95.5	78.8	93.2	48.8	0	111	162	2	0	0
2372224	2577418969	175	2	50	29	167449	0	0	75.6	71.1	70.3	55.8	0	111	163	0	0	0
2372224	2577418993	5683	2	50	34	174816	0	0	25.5	69.7	66.2	92.9	0	112	164	0	0	0
2372224	2577419069	175	2	50	41	41328	65807	1	35.9	6.8	33.3	48.8	0	113	165	0	0	0
2372224	2577419093	175	2	50	45	65807	167449	1	38.3	57.9	48.3	86.9	0	113	165	0	0	0
2372224	2577419101	175	2	50	51	167449	119718	1	72.5	91.1	75.6	95.8	0	113	165	0	0	0
2372224	2577419107	175	2	50	53	119718	167449	1	76.2	97.2	95.4	88	0	113	165	0	0	0
2372224	2577419113	175	2	50	55	167449	0	0	96.8	85.4	95.3	53.3	0	113	165	2	0	0
2372224	2577419135	5683	2	50	59	243718	51732	1	28.5	8.1	20.5	13.2	0	114	166	0	0	0
2372224	2577419139	5683	2	51	0	51732	243718	1	21.1	13.9	25.9	4.4	0	114	166	0	0	0
2372224	2577419173	5683	2	51	1	243718	51732	1	26.5	3.8	37.7	3.6	0	114	166	0	0	0
2372224	2577419211	175	2	51	7	503523	76650	1	52.2	89.9	53.4	74.4	0	115	167	0	0	0
2372224	2577419227	175	2	51	11	76650	119141	1	58.3	70.5	56.6	49.6	0	115	167	0	0	0
2372224	2577419239	175	2	51	13	119141	76650	1	62.5	49.1	67.4	54.8	0	115	167	0	0	0
2372224	2577419263	175	2	51	15	76650	41328	1	66.8	51.9	64.9	28.8	0	115	167	0	0	0
2372224	2577419391	5683	2	51	30	205523	178876	1	4	44.6	12.2	23.4	0	116	168	0	0	0
2372224	2577419395	5683	2	51	32	178876	244243	1	12.5	23.7	25.4	26.6	0	116	168	0	0	0
2372224	2577419413	5683	2	51	35	244243	90801	1	26.5	30.1	20.7	70.9	0	116	168	0	0	0
2372224	2577419443	5683	2	51	40	90801	450429	1	33.5	75.4	27	44.9	0	116	168	0	0	0
2372224	2577419473	5683	2	51	45	450429	178876	1	30.6	41.6	34.6	19.7	0	116	168	0	0	0
2372224	2577419485	5683	2	51	48	178876	450429	1	33.6	19	30.6	46.4	0	116	168	0	0	0
2372224	2577419549	5683	2	51	50	450429	161030	1	31.3	48.2	35.5	90.9	0	116	168	0	0	0
2372224	2577419575	5683	2	51	59	161030	90801	1	55.5	89.9	43.9	79.1	0	116	168	0	0	0
2372224	2577419611	5683	2	52	2	90801	178876	1	44.9	72.9	45.2	20.9	0	116	168	0	0	0
2372224	2577419665	5683	2	52	8	178876	90801	1	48.1	34.1	46.3	69.4	0	116	168	0	0	0
2372224	2577419687	5683	2	52	10	90801	161030	1	45.9	69	54.7	82.2	0	116	168	0	0	0
2372224	2577419705	5683	2	52	12	161030	0	0	62.7	86.1	101.7	76.7	0	116	168	0	0	0
2372224	2577420011	175	2	53	11	81352	0	0	5	48.5	55.5	71.1	0	117	169	0	0	0
2372224	2577420023	5683	2	53	14	450429	0	1	42.6	29.7	41.7	2.9	0	118	170	0	3	0
2372224	2577420063	5683	2	53	19	51732	178876	1	42.4	1.9	29.9	23.3	0	118	170	0	0	0
2372224	2577420085	5683	2	53	21	178876	90801	1	32	28.1	32	68.9	0	118	170	0	0	0
2372224	2577420097	5683	2	53	25	90801	472148	1	34.8	73.8	47.2	95	0	118	170	0	0	0
2372224	2577420107	5683	2	53	28	472148	90801	1	46.3	94.8	40.5	82.2	0	118	170	0	0	0
2372224	2577420119	5683	2	53	30	90801	244243	1	40.5	82.2	45.2	57	0	118	170	0	0	0
2372224	2577420145	5683	2	53	32	244243	243718	1	48.7	53.8	62.3	25.8	0	118	170	0	0	0
2372224	2577420165	5683	2	53	38	243718	51732	1	69.1	20.2	76.5	3.8	0	118	170	0	0	0
2372224	2577420181	5683	2	53	40	51732	243718	1	73.5	4.5	72.1	26.2	0	118	170	0	0	0
2372224	2577420187	5683	2	53	42	243718	0	0	71.9	29.7	92.6	41.8	0	118	170	0	0	0
2372224	2577420227	175	2	53	45	41328	0	0	8.8	54	35.9	101.7	0	119	171	0	0	0
2372224	2577420425	5683	2	54	18	51732	178876	1	71.9	0	48.9	11.2	0	120	172	0	0	0
2372224	2577420441	5683	2	54	22	178876	90801	1	48.5	12.2	46.2	71.2	0	120	172	0	0	0
2372224	2577420457	5683	2	54	25	90801	472148	1	46.3	73.8	61	95.5	0	120	172	0	0	0
2372224	2577420471	5683	2	54	28	472148	0	1	66.5	96	79.2	89.4	0	120	172	0	0	0
2372224	2577421047	5683	2	55	57	51732	0	0	78.6	92.7	91.9	54.8	0	120	173	2	0	5
2372224	2577421075	5683	2	56	3	472148	205523	1	62.7	33.8	32.6	49.5	0	120	174	0	0	0
2372224	2577421085	5683	2	56	7	205523	161030	1	31.6	50.1	36.8	77.7	0	120	174	0	0	0
2372224	2577421111	5683	2	56	12	161030	205523	1	43.6	82.6	17.5	53.3	0	120	174	0	0	0
2372224	2577421113	5683	2	56	16	205523	0	0	18.5	53	67	14.6	0	120	174	0	0	0
2372224	2577421155	175	2	56	19	213431	0	1	33.6	87.2	43.7	77.1	0	121	175	0	3	0
2372224	2577421879	175	2	58	18	119141	213431	1	47.7	70.6	44.1	83.3	0	121	176	0	0	5
2372224	2577421883	175	2	58	21	213431	119141	1	44.1	83.3	41.9	76	0	121	176	0	0	0
2372224	2577421889	175	2	58	22	119141	213431	1	41.7	76.9	43.7	92.1	0	121	176	0	0	0
2372224	2577421919	175	2	58	23	213431	218031	1	44.9	89.4	29.6	73.8	0	121	176	0	0	0
2372224	2577421941	175	2	58	28	218031	41328	1	32.2	62.9	71.4	12	0	121	176	0	0	0
2372224	2577421951	175	2	58	31	41328	0	0	70.7	13.2	70.5	28.7	0	121	176	0	3	0
2372224	2577421965	5683	2	58	32	90801	0	1	29.6	72.6	35.8	56.9	0	122	177	0	0	0
2372224	2577421991	5683	2	58	37	244243	161030	1	33.5	63.8	35.1	77.5	0	122	177	0	0	0
2372224	2577421997	5683	2	58	39	161030	472148	1	36.1	82.6	40.5	95.2	0	122	177	0	0	0
2372224	2577422007	5683	2	58	41	472148	90801	1	40	95.5	23.6	85.9	0	122	177	0	0	0
2372224	2577422019	5683	2	58	44	90801	450429	1	23.6	85.9	13.6	58.6	0	122	177	0	0	0
2372224	2577422037	5683	2	58	47	450429	0	1	10.9	48.6	13	12.9	0	122	177	0	0	0
2372224	2577422053	5683	2	58	49	178876	51732	1	14.6	6.6	26.6	3.6	0	122	177	0	0	0
2372224	2577422059	5683	2	58	52	51732	161030	1	21.9	3.4	25.8	21.1	0	122	177	0	0	0
2372224	2577422065	5683	2	58	53	161030	0	0	25.8	20.7	28.6	-1.8	0	122	177	0	0	0
2372224	2577422115	175	2	59	4	119718	106824	1	68.9	100	82.1	96.6	0	123	178	0	0	0
2372224	2577422137	175	2	59	13	106824	41328	1	91.5	78.1	91.5	31.8	0	123	179	2	0	0
2372224	2577422147	175	2	59	15	41328	192364	1	91.6	32.2	87.2	42.7	0	123	179	0	3	0
2372224	2577422153	175	2	59	16	192364	76650	1	88	43.1	90.5	38.8	0	123	179	0	3	0
2372224	2577422207	175	2	59	30	41328	76650	1	83.3	0	77.3	27.9	0	123	180	0	0	0
2372224	2577422225	175	2	59	33	76650	218031	1	73	27.7	53.1	48.2	0	123	180	0	0	0
2372224	2577422231	175	2	59	36	218031	119141	1	53.1	48.2	62.5	49.6	0	123	180	0	0	0
2372224	2577422235	175	2	59	37	119141	213431	1	62.5	49.6	54.6	73.5	0	123	180	0	0	0
2372224	2577422243	175	2	59	39	213431	218031	1	54.6	73.5	41.8	63.7	0	123	180	0	0	0
2372224	2577422253	175	2	59	42	218031	119141	1	41.8	63.7	48.4	61.1	0	123	180	0	0	0
2372224	2577422265	175	2	59	43	119141	218031	1	48.4	61.1	38	62.9	0	123	180	0	0	0
2372224	2577422301	175	2	59	48	218031	119718	1	41	67.2	82.2	85.3	0	123	180	0	0	0
2372224	2577422307	175	2	59	53	119718	106824	1	92.2	71.3	87.3	59.4	0	123	180	0	0	0
2372224	2577422445	5683	2	60	21	205523	178876	1	4	45.8	9.8	18.4	0	124	181	0	0	0
2372224	2577422455	5683	2	60	24	178876	244243	1	15.2	14.5	26.4	3.1	0	124	181	0	0	0
2372224	2577425211	5683	2	60	26	244243	51732	1	25.1	3.1	41.7	3.1	0	124	181	0	0	0
2372224	2577422467	5683	2	60	28	51732	244243	1	40.6	2.5	35.3	14.1	0	124	181	0	0	0
2372224	2577422483	5683	2	60	32	244243	161030	1	34.9	15	31.7	26	0	124	181	0	0	0
2372224	2577422493	5683	2	60	35	161030	472148	1	32.3	29.5	45.8	92.4	0	124	181	0	0	0
2372224	2577422519	5683	2	60	38	472148	90801	1	45.2	92.2	33.5	87.5	0	124	181	0	0	0
2372224	2577422543	5683	2	60	42	90801	450429	1	33.5	86.8	31.7	61	0	124	181	0	0	0
2372224	2577422557	5683	2	60	44	450429	244243	1	35.4	44.9	45.2	12.5	0	124	181	0	0	0
2372224	2577422581	5683	2	60	49	244243	450429	1	44.9	13.6	34.3	55.6	0	124	181	0	0	0
2372224	2577422599	5683	2	60	52	450429	90801	1	33.9	56.7	36.9	77.9	0	124	181	0	0	0
2372224	2577422611	5683	2	60	57	90801	450782	1	45.8	81.9	46.3	95.5	0	124	181	0	0	0
2372224	2577422623	5683	2	60	59	450782	90801	1	46.5	94.5	40.8	82.2	0	124	181	0	0	0
2372224	2577422639	5683	2	61	1	90801	450429	1	42.2	82.2	35.5	59.4	0	124	181	0	0	0
2372224	2577422641	5683	2	61	5	450429	178876	1	39.8	40.9	47.3	15.5	0	124	181	0	0	0
2372224	2577422655	5683	2	61	7	178876	450429	1	47.3	15.5	41.6	35.1	0	124	181	0	0	0
2372224	2577422673	5683	2	61	11	450429	90801	1	41.6	35.1	45.8	81	0	124	181	0	0	0
2372224	2577422687	5683	2	61	14	90801	624878	1	44.2	85.9	68.4	81	0	124	181	0	0	0
2372224	2577422699	5683	2	61	16	624878	0	1	66.5	83.1	65.5	70.3	0	124	181	0	0	0
2372224	2577422719	5683	2	61	18	450782	0	0	66.5	72.1	88.2	86.3	0	124	181	0	0	0
2372224	2577422769	5683	2	61	25	472148	90801	1	83.6	100	59.2	86.6	0	124	182	0	0	0
2372224	2577422791	5683	2	61	28	90801	450429	1	59.2	86.6	42.3	64.9	0	124	182	0	0	0
2372224	2577422817	5683	2	61	31	450429	178876	1	38.9	60.7	46.8	23.4	0	124	182	0	0	0
2372224	2577422835	5683	2	61	34	178876	161030	1	52	22.1	61.7	14.5	0	124	182	0	0	0
2372224	2577422865	5683	2	61	36	161030	0	0	63.6	10.4	91.9	3.4	0	124	182	0	0	0
2372224	2577422891	175	2	61	45	119718	119141	1	1.7	95	11.8	96.6	0	125	183	0	0	0
2372224	2577422911	175	2	61	46	119141	119718	1	11	97.3	8.3	92.3	0	125	183	0	0	0
2372224	2577422941	5683	2	61	52	450782	624878	1	89.5	27.4	93	49.1	0	126	184	0	0	0
2372224	2577423293	175	2	63	2	76650	503523	1	49.8	50	39.9	49.7	0	127	185	0	0	0
2372224	2577423305	175	2	63	6	503523	76650	1	43.6	45.8	54	45.1	0	127	185	0	0	0
2372224	2577423323	175	2	63	7	76650	119141	1	55.3	41.7	50.9	60.2	0	127	185	0	0	0
2372224	2577423459	5683	2	63	38	205523	450429	1	12.7	36.1	8.5	54.8	0	128	186	0	0	5
2372224	2577423497	5683	2	63	42	450429	178876	1	8.6	49.5	11	14.6	0	128	186	0	0	0
2372224	2577423509	5683	2	63	48	178876	205523	1	12.2	17.8	3.4	37.1	0	128	186	0	0	0
2372224	2577423521	5683	2	63	50	205523	0	0	3.1	36.5	34.2	3.8	0	128	186	0	0	0
2372224	2577423537	175	2	63	54	119141	0	0	63.8	98.1	61.3	94.4	0	129	187	0	0	0
2372224	2577423549	5683	2	63	55	51732	0	0	40.7	4	57.7	9.3	0	130	188	0	0	0
2372224	2577423591	175	2	63	57	213431	0	0	42.6	90.1	52.7	97.5	0	131	189	0	0	0
2372224	2577423701	175	2	64	16	119141	106824	1	51.1	93.8	59.4	80.2	0	131	190	0	0	5
2372224	2577423703	175	2	64	19	106824	0	0	60	80.6	62.1	78.3	0	131	190	0	0	0
2372224	2577423737	5683	2	64	23	244243	161030	1	34.5	31	31.3	43.1	0	132	191	0	0	0
2372224	2577423761	5683	2	64	25	161030	65807	100	32.8	47	71.8	74.8	0	132	191	0	0	0
2372224	2577423823	5683	2	64	32	472148	90801	1	55.1	97.1	26.3	91.3	0	132	192	0	0	0
2372224	2577423829	5683	2	64	38	90801	472148	1	14.7	94	25.8	97.3	0	132	192	0	0	0
2372224	2577423849	5683	2	64	40	472148	161030	1	27.3	97.6	26	85.7	0	132	192	0	0	0
2372224	2577423881	5683	2	64	43	161030	51732	1	31.2	78.2	43.9	7.8	0	132	192	0	0	0
2372224	2577424147	5683	2	65	16	51732	178876	1	30.9	0	33	10.6	0	132	193	0	0	0
2372224	2577424175	5683	2	65	25	244243	0	0	24.8	67.8	37.7	62.5	0	132	194	0	0	0
2372224	2577424197	175	2	65	27	213431	65807	1	61.4	34.7	61	17.8	0	133	195	0	0	0
2372224	2577424209	175	2	65	29	65807	41328	1	60.5	17.2	67.2	4.4	0	133	195	0	0	0
2372224	2577424231	175	2	65	31	41328	0	0	66.2	2.9	101.3	4.6	0	133	195	0	0	0
2372224	2577424367	5683	2	65	51	205523	450429	1	3.9	45.8	5.3	57.5	0	134	196	0	0	0
2372224	2577424375	5683	2	65	53	450429	90801	1	5.3	57.5	9.9	84.5	0	134	196	0	0	0
2372224	2577424389	5683	2	65	55	90801	450782	1	10.8	87	30.8	75	0	134	196	0	0	0
2372224	2577424401	5683	2	66	0	450782	624878	1	29.2	90.1	43.4	87.4	0	134	196	0	0	0
2372224	2577424413	5683	2	66	2	624878	90801	1	36.6	92.1	20.5	90.9	0	134	196	0	0	0
2372224	2577424445	5683	2	66	5	90801	450429	1	25.1	90.3	19.5	58.3	0	134	196	0	0	0
2372224	2577424477	5683	2	66	8	450429	244243	1	26.3	45.8	39.2	9.9	0	134	196	0	0	0
2372224	2577424487	5683	2	66	11	244243	178876	1	36.3	8.1	25.8	8.7	0	134	196	0	0	0
2372224	2577424511	5683	2	66	13	178876	450429	1	26.5	14.5	24.2	49.5	0	134	196	0	0	0
2372224	2577424523	5683	2	66	17	450429	244243	1	26.8	51.1	32.2	58.5	0	134	196	0	0	0
2372224	2577424529	5683	2	66	18	244243	450782	1	35.1	61.2	40.5	62.6	0	134	196	0	0	0
2372224	2577424539	5683	2	66	19	450782	90801	1	40.5	62.6	33	79.1	0	134	196	0	0	0
2372224	2577424549	5683	2	66	22	90801	450429	1	33	79.1	27.8	55.6	0	134	196	0	0	0
2372224	2577424559	5683	2	66	27	450429	244243	1	31	45.6	35.1	60	0	134	196	0	0	0
2372224	2577424565	5683	2	66	28	244243	0	0	35.1	60	61.8	82.2	0	134	196	0	0	0
2372224	2577424595	175	2	66	31	41328	503523	1	38.5	18.6	48.4	30.7	0	135	197	0	0	0
2372224	2577424603	175	2	66	36	119141	450429	100	67.7	50.7	78.6	46.6	0	135	198	0	0	0
2372224	2577424623	5683	2	66	39	90801	174816	1	19.8	56.1	30.3	41.7	0	136	199	0	0	0
2372224	2577424631	5683	2	66	41	174816	161030	1	33.3	41	30.5	48.9	0	136	199	0	0	0
2372224	2577424635	5683	2	66	41	161030	503523	100	30.6	49.5	37.2	43.1	0	136	199	0	0	0
2372224	2577424697	175	2	66	47	218031	119718	1	51.9	57.9	65.8	78.1	0	137	200	0	0	0
2372224	2577424731	175	2	66	51	119718	106824	1	75.1	78.1	71.9	67	0	137	200	0	0	0
2372224	2577425095	5683	2	68	12	624878	472148	1	49.9	50.2	42.1	89.4	0	138	202	0	0	0
2372224	2577425101	5683	2	68	14	472148	0	0	38.6	95	64.5	91.9	0	138	202	0	0	0
2372224	2577425111	175	2	68	16	65807	0	0	38.1	9.2	67.8	-1.6	0	0	0	0	3	0
2372224	2577425185	5683	2	68	27	472148	65807	100	46.7	100	60.7	81.2	0	138	203	0	0	0
2372224	2577425201	5683	2	68	30	450782	0	0	53.3	89.4	55.4	101.4	0	138	204	0	0	0
2372224	2577425315	175	2	69	2	41328	106824	1	48.6	0	86.3	7.7	0	139	205	0	0	0
2372224	2577425319	175	2	69	4	106824	0	0	88	8.3	85.9	11.8	0	139	205	0	0	0
2372224	2577425387	175	2	69	15	41328	106824	1	98.6	26.2	95.7	46.2	0	141	207	0	0	0
2372224	2577425431	5683	2	69	19	51732	450782	1	5.3	14.7	29.9	18.8	0	142	208	0	0	0
2372224	2577425439	5683	2	69	27	450782	90801	1	31.1	45	31.5	76.9	0	142	208	0	0	0
2372224	2577425451	5683	2	69	31	90801	472148	1	35.3	82.4	41.9	94.4	0	142	208	0	0	0
2372224	2577425469	5683	2	69	36	472148	450782	1	53.2	93.8	46.5	67.5	0	142	208	0	0	0
2372224	2577425479	5683	2	69	38	450782	244243	1	46.5	63.5	53.3	47	0	142	208	0	0	0
2372224	2577425495	5683	2	69	41	244243	450782	1	54.6	53	47	40.2	0	142	208	0	0	0
2372224	2577425503	5683	2	69	45	450782	161030	1	49.3	41.9	56.1	62.5	0	142	208	0	0	0
2372224	2577425507	5683	2	69	48	161030	90801	1	56	66.6	62.1	87	0	142	208	0	0	0
2372224	2577425525	5683	2	69	50	90801	161030	1	62.9	92.2	56.4	81.7	0	142	208	0	0	0
2372224	2577425545	5683	2	69	56	161030	450429	1	62	75.7	48.9	46.3	0	142	208	0	0	0
2372224	2577425557	5683	2	69	58	450429	178876	1	49.1	44.9	59.8	16.9	0	142	208	0	0	0
2372224	2577425569	5683	2	70	1	178876	450429	1	59.4	16.5	51.1	46.2	0	142	208	0	0	0
2372224	2577425583	5683	2	70	4	450429	90801	1	51.3	48.2	51.9	71.9	0	142	208	0	0	0
2372224	2577425587	5683	2	70	7	90801	161030	1	53.3	74.6	57.1	83.1	0	142	208	0	0	0
2372224	2577425597	5683	2	70	9	161030	472148	1	57.7	87.6	69.8	95.4	0	142	208	0	0	0
2372224	2577425611	5683	2	70	11	472148	90801	1	63.6	93.1	42.4	79.8	0	142	208	0	0	0
2372224	2577425619	5683	2	70	15	90801	244243	1	42.4	79.8	59.4	79.6	0	142	208	0	0	0
2372224	2577425633	5683	2	70	17	244243	472148	1	56.6	82.4	54.8	95.7	0	142	208	0	0	0
2372224	2577425639	5683	2	70	18	472148	0	0	54	94.2	74.2	76.3	0	142	208	0	0	0
2372224	2577425665	175	2	70	20	65807	0	0	25.6	25.2	26.2	23.7	0	0	0	0	3	0
2372224	2577425675	175	2	70	23	218031	503523	1	18.5	30.3	27.8	26.4	0	143	209	0	0	0
2372224	2577425687	5683	2	70	25	624878	218031	100	74.6	77.1	76.9	66.4	0	144	210	0	0	0
2372224	2577425727	175	2	70	29	503523	119141	1	22.2	40	26.5	49.5	0	145	211	0	0	0
2372224	2577425735	175	2	70	34	119141	119718	1	30.4	50.7	29.1	78.5	0	145	211	0	0	0
2372224	2577425749	175	2	70	40	119718	0	0	60.7	91.5	67.1	86.6	0	145	211	0	0	0
2372224	2577425779	175	2	70	42	119718	76650	1	66	81.4	70.9	54.4	0	145	212	0	0	0
2372224	2577425801	5683	2	70	50	244243	450782	1	39.2	53	39.2	41.4	0	146	213	0	0	0
2372224	2577425803	5683	2	70	51	450782	244243	1	39.2	41.4	37.7	48.1	0	146	213	0	0	0
2372224	2577425807	5683	2	70	53	244243	178876	1	37.7	48.1	31.4	33.9	0	146	213	0	0	0
2372224	2577425815	5683	2	70	55	178876	51732	1	31.4	33.9	34.6	17.4	0	146	213	0	0	0
2372224	2577425823	5683	2	70	58	51732	450429	1	36.2	19.9	31	59.6	0	146	213	0	0	0
2372224	2577425835	5683	2	71	1	450429	90801	1	31.4	61.2	39.3	86.6	0	146	213	0	0	0
2372224	2577425847	5683	2	71	3	90801	472148	1	41.3	86.6	56.3	97.8	0	146	213	0	0	0
2372224	2577425855	5683	2	71	5	472148	0	0	58.5	95.8	61.7	93.6	0	146	213	0	0	0
2372224	2577425873	175	2	71	10	503523	65807	1	21.8	16.3	18.2	19.2	0	147	214	0	0	0
2372224	2577425877	175	2	71	10	65807	0	0	18.2	18	34.5	97.1	0	147	214	0	0	0
2372224	2577425895	5683	2	71	18	51732	450782	1	76.8	4.4	72.7	18.2	0	148	215	0	0	0
2372224	2577425905	5683	2	71	21	450782	51732	1	71.2	18.6	76.4	3.1	0	148	215	0	0	0
2372224	2577425915	5683	2	71	22	51732	450782	1	75.6	2.9	96.4	25.4	0	148	215	0	0	0
2372224	2577425919	5683	2	71	26	450782	0	0	96.9	25.6	97.2	34.9	0	148	215	0	0	0
2372224	2577426047	5683	2	71	59	161030	174816	1	99.4	0.7	96.4	24.4	0	148	216	0	0	6
2372224	2577426053	5683	2	72	1	174816	161030	1	96.3	23.9	79.2	6	0	148	216	0	0	0
2372224	2577426069	5683	2	72	3	161030	0	0	78.5	5.4	92.7	63.9	0	148	216	2	0	0
2372224	2577426177	5683	2	72	33	51732	624878	1	99.5	99.5	92.2	54.9	0	148	217	2	0	6
2372224	2577426313	5683	2	73	1	51732	0	0	99.5	99.5	95.2	58.2	0	148	218	2	0	6
2372224	2577426325	5683	2	73	4	161030	450782	1	71.7	53.2	74.8	29.3	0	148	219	0	0	0
2372224	2577426333	5683	2	73	8	450782	0	0	77.9	17.6	91	44.5	0	148	219	2	0	0
2372224	2577426355	5683	2	73	11	161030	0	0	71.5	48.2	85	47.8	0	148	0	0	3	0
2372224	2577426415	175	2	73	20	81352	0	1	9	47.8	35.5	31.6	0	149	222	0	0	0
2372224	2577426593	175	2	74	6	41328	503523	1	64.1	0	58	7	0	149	223	0	0	0
2372224	2577426603	175	2	74	6	503523	41328	1	58	7	64.3	1.7	0	149	223	0	0	0
2372224	2577426621	175	2	74	7	41328	503523	1	64.3	1.7	57.5	2.2	0	149	223	0	0	0
2372224	2577426683	175	2	74	13	503523	213431	1	55.6	23.1	58.3	65.5	0	149	223	0	0	0
2372224	2577426703	175	2	74	17	213431	0	0	68.9	69.5	101	25	0	149	223	0	0	0
2372224	2577426805	5683	2	74	34	205523	0	0	5.2	46.7	44.7	19.7	0	150	224	0	0	0
2372224	2577426811	175	2	74	39	218031	0	0	87.9	72.6	87.6	76.5	0	151	225	0	0	0
2372224	2577426883	175	2	74	53	106824	119718	1	93	100	82.6	96.2	0	151	226	0	0	0
2372224	2577426885	175	2	74	54	119718	0	0	82.6	96.4	86	97.5	0	151	226	0	0	0
2372224	2577426877	5683	2	74	55	465495	0	0	16	2.7	17.5	2.5	0	152	227	0	0	0
2372224	2577427531	5683	2	77	8	465495	178876	1	23.5	0	11	12	0	152	228	0	0	0
2372224	2577427543	5683	2	77	10	178876	205523	1	11.5	13.9	2.1	47.2	0	152	228	0	0	0
2372224	2577427549	5683	2	77	13	205523	90801	1	2.3	48.9	13.7	83.9	0	152	228	0	0	0
2372224	2577427569	5683	2	77	16	90801	0	0	12.8	91.3	64.2	84.3	0	152	228	0	0	0
2372224	2577427579	175	2	77	19	65807	0	1	32.8	12.6	41.9	6.7	0	153	229	0	3	0
2372224	2577427607	175	2	77	21	41328	156223	1	42	6.7	66.2	21.5	0	153	229	0	0	0
2372224	2577427611	175	2	77	25	156223	0	0	69.6	37.4	75.4	89	0	153	229	0	0	0
2372224	2577427643	5683	2	77	31	465495	174816	1	27.1	5.8	57.4	32.4	0	154	230	0	0	0
2372224	2577427659	5683	2	77	34	174816	0	0	57.6	31.4	80.5	32.4	0	154	230	0	3	0
2372224	2577427681	175	2	77	37	218031	81352	1	20.4	68.8	3.3	47.4	0	155	231	0	0	0
2372224	2577427687	175	2	77	42	81352	213431	1	4.4	49.1	28.9	97.3	0	155	231	0	0	0
2372224	2577427691	175	2	77	45	213431	89335	1	29.2	96.5	30.9	87.2	0	155	231	0	0	0
2372224	2577427725	175	2	77	47	89335	213431	1	31.2	86.3	41.5	96.9	0	155	231	0	0	0
2372224	2577428297	175	2	77	58	213431	89335	1	44.9	97.7	55.4	80.2	0	155	232	0	0	5
2372224	2577428391	175	2	78	1	89335	213431	1	56.6	79.8	50	92.3	0	155	232	0	0	0
2372224	2577427751	175	2	78	2	213431	0	0	50.7	92.5	68.7	32	0	155	232	0	0	0
2372224	2577427759	5683	2	78	5	90801	0	0	30.6	69.5	41.2	81.6	0	0	0	0	3	0
2372224	2577427789	175	2	78	12	41328	192364	1	68.9	20.2	86	8.9	0	155	233	0	0	0
2372224	2577427795	175	2	78	16	192364	89335	1	81.7	5	72.1	15.9	0	155	233	0	0	0
2372224	2577427801	175	2	78	17	89335	41328	1	72.1	15.9	70.9	7.3	0	155	233	0	0	0
2372224	2577427807	175	2	78	19	41328	89335	1	71.3	7.1	70.9	15.5	0	155	233	0	0	0
2372224	2577427813	175	2	78	20	89335	41328	1	70	14.1	71.7	5.5	0	155	233	0	0	0
2372224	2577427827	175	2	78	24	41328	156223	1	73.9	7.3	72.7	43.6	0	155	233	0	0	0
2372224	2577427845	175	2	78	27	156223	119718	1	74.3	45.1	86.1	45.8	0	155	233	0	0	0
2372224	2577427847	175	2	78	28	119718	0	0	86.1	45.8	91.3	45.8	0	155	233	0	0	0
2372224	2577427863	5683	2	78	31	205523	465495	1	9.1	53.2	23.4	16.1	0	156	234	0	0	0
2372224	2577427873	5683	2	78	35	465495	156301	1	32.5	6.9	55.1	8.7	0	156	234	0	0	0
2372224	2577427899	175	2	78	42	213431	0	0	54.6	96.6	55.4	95.4	0	157	235	0	0	0
2372224	2577427927	175	2	78	43	213431	119718	1	52.7	97.1	45.4	96.2	0	157	236	0	0	0
2372224	2577427953	175	2	78	48	119718	81352	1	30.9	93.1	4.6	49.7	0	157	236	0	0	0
2372224	2577427973	175	2	78	53	81352	156223	1	8.4	38.4	36.2	48	0	157	236	0	0	0
2372224	2577427979	175	2	78	56	156223	503523	1	36.3	48.5	29.6	55.5	0	157	236	0	3	0
2372224	2577427987	175	2	78	57	503523	213431	1	29.5	54.8	29.9	85.9	0	157	236	0	0	0
2372224	2577427993	175	2	78	59	213431	119718	1	30.6	83.5	37.3	95	0	157	236	0	0	0
2372224	2577428007	175	2	79	0	119718	213431	1	37	96	32	86.6	0	157	236	0	0	0
2372224	2577428029	175	2	79	3	213431	0	0	34.6	85.9	70.4	41.5	0	157	236	0	0	0
2372224	2577428039	5683	2	79	7	90801	0	1	29.8	58.5	40.7	73.6	0	158	237	0	3	0
2372224	2577428045	5683	2	79	9	472148	0	0	40	74	41.9	71.7	0	158	237	0	0	0
2372224	2577428201	175	2	79	43	65807	0	0	42.5	6.5	76.8	32.8	0	159	239	0	0	5
2372224	2577428209	5683	2	79	45	450429	0	1	22.3	69.4	30.7	93.1	0	160	240	0	3	0
2372224	2577428219	5683	2	79	47	472148	0	0	30.7	93.1	36.4	100.4	0	160	240	0	0	0
2372224	2577428259	175	2	79	59	41328	89335	1	60.6	0	58.3	6.2	0	161	241	0	0	0
2372224	2577428261	175	2	80	1	89335	41328	1	58.3	6.2	61.1	3.7	0	161	241	0	0	0
2372224	2577428273	175	2	80	1	41328	89335	1	61.1	3.7	54.4	5.2	0	161	241	0	0	0
2372224	2577428293	175	2	80	4	89335	81352	1	52.5	4.9	13.8	39.5	0	161	241	0	0	0
2372224	2577428311	175	2	80	14	81352	213431	1	17.4	36.3	37.3	93.1	0	161	241	0	0	0
2372224	2577428317	175	2	80	18	213431	106824	1	37.6	93.2	47.7	83.2	0	161	241	0	0	0
2372224	2577428337	175	2	80	19	106824	89335	1	47.7	83.2	36.8	79.7	0	161	241	0	0	0
2372224	2577428349	175	2	80	24	89335	65807	1	44.4	56.7	32	33.7	0	161	241	0	0	0
2372224	2577428353	175	2	80	27	65807	41328	1	31.9	33.7	38.7	10.4	0	161	241	0	0	0
2372224	2577428371	175	2	80	29	41328	0	1	38	11.4	68.2	4.8	0	161	241	0	0	0
2372224	2577428547	175	2	81	32	119718	89335	1	74.2	8.5	89.2	42.9	0	161	242	2	0	5
2372224	2577428565	175	2	81	37	156223	89335	1	97.5	16.5	93.8	18	0	161	243	0	0	0
2372224	2577428583	175	2	81	38	89335	119718	1	93.8	18	78.4	7.1	0	161	243	0	0	0
2372224	2577428593	175	2	81	42	119718	0	0	77.8	8.9	90.3	45.2	0	161	243	2	0	0
2372224	2577428763	175	2	82	22	41328	106824	1	94.8	0	92.2	12	0	163	245	0	0	0
2372224	2577428767	175	2	82	23	106824	41328	1	92.2	12	92	3.2	0	163	245	0	0	0
2372224	2577428773	175	2	82	25	41328	106824	1	92	3.2	84.8	6.5	0	163	245	0	0	0
2372224	2577428789	175	2	82	28	106824	156223	1	85	7	79.6	27.6	0	163	245	0	0	0
2372224	2577428793	175	2	82	30	156223	0	0	79.1	24.6	85.8	10.6	0	163	245	0	0	0
2372224	2577428815	5683	2	82	33	450782	0	0	25.9	82	31.6	101.2	0	164	246	0	0	0
2372224	2577428887	175	2	82	50	41328	156223	1	69.2	0	88.3	10	0	165	247	0	0	0
2372224	2577428945	175	2	83	4	41328	156223	1	79.4	0	98.7	18	0	165	248	0	0	0
2372224	2577428967	175	2	83	7	156223	41328	1	98.9	18	93.4	6.4	0	165	248	0	3	0
2372224	2577428985	175	2	83	9	41328	156223	1	93.4	6.4	93.3	23.3	0	165	248	0	0	0
2372224	2577429025	175	2	83	15	156223	106824	1	96.3	33.2	96.9	39.6	0	165	249	0	0	0
2372224	2577429135	175	2	83	33	41328	192364	1	88.8	0	83.8	3.5	0	165	250	0	0	0
2372224	2577429143	175	2	83	35	192364	41328	1	83.8	3.5	92.8	3.2	0	165	250	0	0	0
2372224	2577429147	175	2	83	36	41328	0	0	92.8	3.2	89.2	-1.7	0	165	250	0	0	0
2372224	2577429231	5683	2	83	56	465495	90801	1	23.5	100	9.1	93.8	0	166	251	0	0	0
2372224	2577429255	5683	2	83	59	90801	205523	1	9.1	93.4	4.6	65.3	0	166	251	0	0	0
2372224	2577429281	5683	2	84	2	205523	178876	1	4.1	62.3	16.9	8.7	0	166	251	0	0	0
2372224	2577429291	5683	2	84	6	178876	450429	1	25.5	6	17.7	33.6	0	166	251	0	0	0
2372224	2577429293	5683	2	84	11	450429	244243	1	25.9	39.6	32.5	48.7	0	166	251	0	0	0
2372224	2577429297	5683	2	84	13	244243	178876	1	34.1	42.5	36.6	8	0	166	251	0	0	0
2372224	2577429307	5683	2	84	16	178876	522601	1	37.5	9.5	44.9	2.7	0	166	251	0	0	0
2372224	2577429315	5683	2	84	20	522601	244243	1	45.9	3.1	52.4	13.7	0	166	251	0	0	0
2372224	2577429325	5683	2	84	24	244243	450782	1	57	5	53.1	22.1	0	166	251	0	0	0
2372224	2577429335	5683	2	84	26	450782	241645	1	45.2	27.6	45.5	47.2	0	166	251	0	0	0
2372224	2577429345	5683	2	84	30	241645	90801	1	51.7	59.8	64.2	93.6	0	166	251	0	0	0
2372224	2577429355	5683	2	84	32	90801	465495	1	64.2	93.6	77.6	96.2	0	166	251	0	0	0
2372224	2577429429	5683	2	84	50	465495	156301	1	73.7	100	74	90.8	0	168	253	0	0	0
2372224	2577429441	5683	2	84	54	156301	450429	1	59.4	93.6	53.3	61	0	168	253	0	0	0
2372224	2577429465	5683	2	84	57	450429	178876	1	53.5	57.7	58.2	17.8	0	168	253	0	0	0
2372224	2577429487	5683	2	84	59	178876	522601	1	58.2	17.8	65.1	5.5	0	168	253	0	0	0
2372224	2577429505	5683	2	85	6	522601	0	0	72.9	22.3	88	42.3	0	168	253	0	0	0
2372224	2577429527	175	2	85	10	119718	0	1	25.9	76.7	32.2	80.2	0	169	254	0	3	0
2372224	2577429531	175	2	85	12	106824	0	0	34	82.6	32.7	78.2	0	169	254	0	0	0
2372224	2577429547	5683	2	85	13	178876	241645	1	69.2	25.2	72.1	35.9	0	170	255	0	0	0
2372224	2577429557	5683	2	85	15	241645	244243	1	71.8	34.2	68.7	26.6	0	170	255	0	0	0
2372224	2577429561	5683	2	85	17	244243	241645	1	68.1	28.9	71.5	22.1	0	170	255	0	0	0
2372224	2577429577	5683	2	85	18	241645	522601	1	72.7	22.3	79.7	12	0	170	255	0	0	0
2372224	2577429579	5683	2	85	20	522601	0	0	79.9	8.1	82.6	10.8	0	170	255	0	0	0
2372224	2577429645	5683	2	85	29	244243	178876	1	72.7	0	59.2	6.2	0	170	257	0	0	0
2372224	2577429651	5683	2	85	32	178876	450782	1	59.2	6.2	62	26	0	170	257	0	0	0
2372224	2577429659	5683	2	85	34	450782	178876	1	63.3	22.3	56.6	5	0	170	257	0	0	0
2372224	2577429677	5683	2	85	36	178876	450429	1	56.6	5	36.2	36.7	0	170	257	0	0	0
2372224	2577429687	5683	2	85	40	450429	90801	1	35.1	49.1	35.3	79.6	0	170	257	0	0	0
2372224	2577429705	5683	2	85	42	90801	205523	1	35.3	79.6	16.6	57.2	0	170	257	0	0	0
2372224	2577429723	5683	2	85	45	205523	450429	1	15.4	57.2	22.9	28.8	0	170	257	0	0	0
2372224	2577429765	5683	2	85	48	450429	178876	1	25.5	26.9	37.1	4.3	0	170	257	0	0	0
2372224	2577429775	5683	2	85	55	178876	0	1	60.3	23	70.6	25	0	170	257	0	0	0
2372224	2577429837	175	2	86	0	213431	106824	1	30.1	75.4	63.6	85.1	0	171	258	0	0	0
2372224	2577429845	175	2	86	11	106824	0	0	92.1	73.2	87.8	70.3	0	171	259	0	0	0
2372224	2577429863	5683	2	86	12	244243	205523	1	10.7	35.3	3.7	43.7	0	172	260	0	0	0
2372224	2577429889	5683	2	86	14	205523	465495	1	4	43.7	24.5	82.6	0	172	260	0	0	0
2372224	2577429907	5683	2	86	21	465495	0	1	15.2	90.9	26.4	75.2	0	172	260	0	0	0
2372224	2577429967	5683	2	86	34	90801	450782	1	32.3	81.5	37.7	56.8	0	172	261	0	0	5
2372224	2577429981	5683	2	86	36	450782	178876	1	37.5	53.7	40.3	21.1	0	172	261	0	0	0
2372224	2577429989	5683	2	86	42	178876	450782	1	43.7	13.2	38.6	35.5	0	172	261	0	0	0
2372224	2577430001	5683	2	86	45	450782	90801	1	40.6	44.2	47.2	82.2	0	172	261	0	0	0
2372224	2577430021	5683	2	86	48	90801	450429	1	46.2	81.5	37.4	47.9	0	172	261	0	0	0
2372224	2577430031	5683	2	86	51	450429	178876	1	37.4	47.9	46.3	16.2	0	172	261	0	0	0
2372224	2577430061	5683	2	86	54	178876	450782	1	46.3	15.7	51.2	38.6	0	172	261	0	0	0
2372224	2577430079	5683	2	86	59	450782	90801	1	44.7	33.2	45.4	76.6	0	172	261	0	0	0
2372224	2577430105	5683	2	87	2	90801	244243	1	46.5	78.2	58.9	70.8	0	172	261	0	0	0
2372224	2577430109	5683	2	87	6	244243	0	0	57.4	71.9	67.2	51.9	0	172	261	0	0	0
2372224	2577430121	175	2	87	7	89335	156223	1	32.6	48.4	38.8	34.8	0	173	262	0	0	0
2372224	2577430131	175	2	87	9	156223	503523	1	38.8	34.8	33.5	34.9	0	173	262	0	0	0
2372224	2577430139	175	2	87	9	503523	192364	1	33.5	34.9	36.6	4.1	0	173	262	0	0	0
2372224	2577430141	175	2	87	12	192364	0	0	36.6	4.1	32.2	4.9	0	173	262	0	0	0
2372224	2577430245	175	2	87	33	41328	0	0	43.7	0	57.2	31	0	173	263	0	0	0
2372224	2577430263	5683	2	87	34	450782	0	1	42.6	69.3	62.1	77.1	0	174	264	0	3	0
2372224	2577430275	5683	2	87	37	156301	465495	1	61	84.5	67.4	96	0	174	264	0	0	0
2372224	2577430341	5683	2	87	49	156301	244243	1	77.4	87.5	66.7	92.9	0	176	266	0	0	0
2372224	2577430361	5683	2	87	52	244243	450429	1	66.7	92.9	52.8	50.9	0	176	266	0	0	0
2372224	2577430379	5683	2	87	55	450429	178876	1	54.5	42.5	61	17.1	0	176	266	0	0	0
2372224	2577430389	5683	2	87	58	178876	450429	1	61	17.1	55	49.3	0	176	266	0	0	0
2372224	2577430405	5683	2	88	1	450429	90801	1	55	50.9	55.1	64.9	0	176	266	0	0	0
2372224	2577430415	5683	2	88	3	90801	244243	1	55.3	67.5	64.2	89.9	0	176	266	0	0	0
2372224	2577430435	5683	2	88	4	244243	465495	1	64.2	89.9	78.1	91.3	0	176	266	0	0	0
2372224	2577430441	5683	2	88	8	465495	89335	100	84	88.4	83.1	63.5	0	176	266	0	0	0
2372224	2577430481	175	2	88	10	503523	106824	1	22.2	40.4	30.2	50.3	0	177	267	0	0	0
2372224	2577430493	175	2	88	18	106824	0	0	70.2	53	89.5	37.3	0	177	267	0	0	0
2372224	2577430503	175	2	88	23	192364	106824	1	81.1	27.1	89.5	56	0	177	268	0	0	0
2372224	2577430869	175	2	89	57	119718	106824	1	84	100	92	94.7	0	177	269	0	0	0
2372224	2577430877	175	2	89	58	106824	0	1	95.4	95.6	91.7	89.6	0	177	269	0	0	0
2372224	2577430891	175	2	90	2	119718	106824	1	96.2	85.5	90.2	92.9	0	177	269	0	0	0
2372224	2577430901	175	2	90	6	106824	213431	1	79.6	96.2	66.1	89.2	0	177	269	0	0	0
2372224	2577430907	175	2	90	9	213431	106824	1	66.4	88.4	71.1	90	0	177	269	0	0	0
2372224	2577430929	5683	2	90	12	522601	0	1	31.2	17.6	47.5	26.7	0	178	270	0	0	0
2372224	2577430937	5683	2	90	14	156301	174816	1	47.4	26.8	52.3	6.9	0	178	270	0	0	0
2372224	2577430949	5683	2	90	17	174816	522601	1	50	8.9	43.6	11.4	0	178	270	0	0	0
2372224	2577430981	5683	2	90	26	522601	0	0	85.3	2.3	86.8	6.4	0	178	270	2	0	0
2372224	2577431043	5683	2	90	40	178876	241645	1	86.6	0	84.5	4.6	0	178	271	0	0	0
2372224	2577431053	5683	2	90	41	241645	178876	1	84.6	5	86.6	1.3	0	178	271	0	0	0
2372224	2577431063	5683	2	90	45	178876	244243	1	76.8	7.7	79.9	32.8	0	178	271	0	0	0
2372224	2577431069	5683	2	90	47	244243	450782	1	76.9	31.8	67.5	25	0	178	271	0	0	0
2372224	2577431077	5683	2	90	52	450782	156301	1	69.6	44.9	76	59.8	0	178	271	0	0	0
2372224	2577431085	5683	2	90	54	156301	465495	1	72.4	61.8	80.1	91.3	0	178	271	0	0	0
2372224	2577431095	5683	2	90	59	465495	0	0	70.1	82.2	102	35.7	0	178	271	2	0	0
2372224	2577431205	175	2	91	25	81352	213431	1	5	63	31.5	95.9	0	179	272	0	0	0
2372224	2577431211	175	2	91	29	213431	218031	1	31.5	95.9	30.4	80	0	179	272	0	0	0
2372224	2577431219	175	2	91	30	218031	0	0	30.4	80	74.5	71.7	0	179	272	0	0	0
2372224	2577431229	5683	2	91	35	205523	450429	1	23.2	30.4	28.3	28.5	0	180	273	0	0	0
2372224	2577431247	5683	2	91	37	450429	450782	1	29.2	29.2	35.9	32	0	180	273	0	0	0
2372224	2577431275	5683	2	91	40	450782	241645	1	37.5	37.7	48.7	50.3	0	180	273	0	0	0
2372224	2577431289	5683	2	91	43	241645	178876	1	43.2	43.2	45.5	6.6	0	180	273	0	0	0
2372224	2577431325	5683	2	91	46	178876	450429	1	44.7	9.7	37.9	43	0	180	273	0	0	0
2372224	2577431333	5683	2	91	53	450429	450782	1	47.5	51.6	46.3	77.7	0	180	273	0	0	0
2372224	2577431341	5683	2	91	55	450782	90801	1	46.3	72.6	55.7	90.9	0	180	273	0	0	0
2372224	2577431345	5683	2	91	57	90801	522601	1	57.1	92.9	66.7	96.9	0	180	273	0	0	0
2372224	2577431441	175	2	92	17	41328	106824	1	47.2	0	55	27.1	0	181	274	0	0	0
2372224	2577431449	175	2	92	19	106824	89335	1	55	27.1	62	58.7	0	181	274	0	0	0
2372224	2577431463	175	2	92	26	89335	213431	1	61.2	75.4	54.4	77.3	0	181	274	0	0	0
2372224	2577431467	175	2	92	28	213431	503523	1	54.4	77.3	56.4	72.6	0	181	274	0	0	0
2372224	2577431475	175	2	92	29	503523	0	0	56.4	72.6	42.3	68.2	0	181	274	0	0	0
2372224	2577431563	5683	2	92	38	174816	522601	1	77.5	78.1	64.8	84.7	0	182	276	0	0	0
2372224	2577431581	5683	2	92	45	522601	450782	1	71.1	69.5	67	73.2	0	182	276	0	0	0
2372224	2577431589	5683	2	92	48	450782	174816	1	67.4	74.2	81.9	94.8	0	182	276	0	0	0
2372224	2577431599	5683	2	92	51	174816	0	0	77.6	88	88.2	63.1	0	182	276	2	0	0
2372224	2577431649	5683	2	93	1	90801	450782	1	40.6	100	47.5	95.5	0	182	277	0	0	0
2372224	2577431679	5683	2	93	5	450782	450429	1	54.3	93.4	41.1	63.3	0	182	277	0	0	0
2372224	2577431693	5683	2	93	8	450429	244243	1	40.6	60	52.8	61.2	0	182	277	0	0	0
2372224	2577431701	5683	2	93	10	244243	450429	1	49.9	57.2	41.3	61.2	0	182	277	0	0	0
2372224	2577431711	5683	2	93	11	450429	90801	1	41.3	61.2	46.3	92.7	0	182	277	0	0	0
2372224	2577431725	5683	2	93	14	90801	244243	1	45.7	92.2	47	65.6	0	182	277	0	0	0
2372224	2577431757	5683	2	93	17	244243	450782	1	47	65.6	55.5	48.4	0	182	277	0	0	0
2372224	2577431765	5683	2	93	23	450782	522601	1	54.7	72.3	66.5	95.8	0	182	277	0	0	0
2372224	2577432091	5683	2	94	26	522601	450782	1	73.2	95.7	68	87.5	0	182	278	0	0	5
2372224	2577432117	5683	2	94	28	450782	522601	1	68	87.5	72.2	97.3	0	182	278	0	0	0
2372224	2577432193	175	2	94	37	119718	0	0	13.7	5.6	43.3	11.4	0	183	279	0	0	0
2372224	2577432209	5683	2	94	40	465495	205523	1	54.8	89.6	30.9	61.2	0	184	280	0	0	0
2372224	2577432215	5683	2	94	44	205523	174816	1	30.9	61.2	44.2	49.1	0	184	280	0	0	0
2372224	2577432229	5683	2	94	48	174816	0	0	49.6	45	80.2	60.6	0	184	280	0	0	0
2372224	2577432253	175	2	94	50	65807	119718	1	19.9	39.4	32.3	35.3	0	0	0	0	3	0
2372224	2577432257	175	2	94	53	119718	0	1	36.1	32.8	32.9	27.3	0	185	281	0	3	0
2372224	2577432271	175	2	94	55	503523	156223	1	34.5	24.6	57.7	6.2	0	185	281	0	0	0
2372224	2577432285	175	2	95	0	156223	503523	1	59.8	6.2	79.9	7.9	0	185	281	0	0	0
2372224	2577432293	175	2	95	3	503523	0	0	79.8	8.7	91.2	45.4	0	185	281	2	0	0
2372224	2577432469	175	2	95	34	192364	106824	1	90.6	0	91.8	21.5	0	185	282	0	0	0
2372224	2577432539	5683	2	95	47	90801	241645	1	19.9	100	5.7	91.9	0	186	283	0	0	0
2372224	2577432559	5683	2	95	51	241645	0	0	6.1	91.5	54.1	44.1	0	186	283	0	0	0
2372224	2577432655	175	2	96	9	218031	0	1	93.7	87.8	86.9	74.2	0	187	285	0	0	0
2372224	2577432833	175	2	96	54	119718	503523	1	99.5	99.5	87.1	94.4	0	187	286	0	0	6
2372224	2577432837	175	2	97	2	503523	89335	1	98.9	89.1	86.8	75.1	0	187	286	0	0	0
2372224	2577432851	175	2	97	4	89335	119718	1	86.8	75.1	86.5	81.5	0	187	286	0	0	0
2372224	2577432857	175	2	97	9	119718	192364	1	75.9	58.8	72.2	39.8	0	187	286	0	0	0
2372224	2577432873	175	2	97	11	192364	0	0	72.6	33.9	88.6	-1.3	0	187	286	0	0	0
2372224	2577432891	5683	2	97	18	90801	450782	1	11	100	18.7	92.9	0	188	287	0	0	0
2372224	2577432895	5683	2	97	20	450782	0	0	21.8	91.7	22.8	93.8	0	188	287	0	0	0
2372224	2577432907	175	2	97	20	192364	156223	1	76.4	8.5	81.8	6.4	0	189	288	0	0	0
2372224	2577433163	5683	2	98	36	156301	90801	1	50.4	48.8	34.8	60.7	0	190	290	0	0	0
2372224	2577433165	5683	2	98	38	90801	0	0	12.1	55.3	52.1	54.4	0	190	290	0	0	0
2372224	2577433167	175	2	98	40	503523	0	0	30.9	51.1	53	52	0	191	291	0	0	0
2372224	2577433169	5683	2	98	43	450782	0	0	46.3	47.6	54.3	53	0	0	0	0	3	0
2372224	2577433175	175	2	98	44	89335	0	0	45.8	45.2	43.7	33.4	0	191	292	0	0	0
2372224	2577433185	5683	2	98	49	244243	522601	1	66.4	89.8	73.5	96.6	0	192	293	0	0	0
