match_id	id	team_id	period_id	min	sec	player_id_1	player_id_2	outcome	start_x	start_y	end_x	end_y	offside	possession	sequence	extra_1	extra_2	extra_3
2372226	2575492983	191	1	0	0	439716	208135	1	49.9	50.1	35.2	59.7	0	1	1	0	0	0
2372226	2575492997	191	1	0	1	208135	132105	1	35.2	59.7	32.8	74.2	0	1	1	0	0	0
2372226	2575493013	191	1	0	3	132105	0	0	32.8	74.2	77.3	96.3	0	1	1	0	0	0
2372226	2575493031	179	1	0	7	17740	0	0	25.1	5.2	35.8	7.1	0	2	2	0	0	0
2372226	2575493113	191	1	0	14	493072	208135	1	65.7	95.1	68.2	82.3	0	3	3	0	0	0
2372226	2575493131	191	1	0	17	208135	247636	1	78.5	77.9	82.8	82.8	0	3	3	0	0	0
2372226	2575493143	191	1	0	20	247636	0	0	90.7	65.5	89.3	63.7	0	3	3	0	0	0
2372226	2575493607	179	1	0	57	120026	72154	1	13.1	53.6	20.4	68.9	0	4	5	0	0	0
2372226	2575493613	179	1	0	59	72154	120026	1	21	69.3	11.2	52.4	0	4	5	0	0	0
2372226	2575493629	179	1	1	2	120026	500267	1	11.6	52.4	18.8	12.8	0	4	5	0	0	0
2372226	2575493643	179	1	1	4	500267	17740	1	18.8	12.8	30.6	5.8	0	4	5	0	0	0
2372226	2575493671	179	1	1	6	17740	500267	1	30.3	5.8	13.1	17.3	0	4	5	0	0	0
2372226	2575493737	179	1	1	11	500267	72154	1	15.1	25.1	19.1	70.2	0	4	5	0	0	0
2372226	2575493755	179	1	1	15	72154	0	0	24	74.9	35.3	90.5	0	4	5	0	0	0
2372226	2575493789	179	1	1	19	34703	0	0	30.1	93.8	31.2	92.1	0	6	7	0	0	0
2372226	2575493951	179	1	1	35	169813	0	0	30.1	100	59.6	88.5	0	6	8	0	0	0
2372226	2575493977	191	1	1	36	158074	439716	1	42.9	12.4	60	18.6	0	0	0	0	3	0
2372226	2575494061	191	1	1	41	247636	0	1	59.5	34.3	79.3	36.4	0	7	9	0	0	0
2372226	2575495107	179	1	3	21	120026	0	0	5.2	50	68.6	8.8	0	8	11	0	0	0
2372226	2575495155	191	1	3	29	132105	490239	1	33.5	86.5	23.8	70.9	0	9	12	0	0	0
2372226	2575495185	191	1	3	31	490239	158074	1	24.4	69.7	22.1	28.5	0	9	12	0	0	0
2372226	2575495191	191	1	3	34	158074	222629	1	23.3	25.9	24.6	8.2	0	9	12	0	0	0
2372226	2575495193	191	1	3	36	222629	0	0	24.6	8.2	26.3	8.2	0	9	12	0	0	0
2372226	2575495301	191	1	3	52	222629	0	0	23.7	0	48	13.5	0	9	13	0	0	0
2372226	2575495329	179	1	3	54	500267	62974	1	53	85.7	68.6	91.5	0	10	14	0	3	0
2372226	2575495437	179	1	4	6	169813	34703	1	69.7	100	56	92.9	0	10	15	0	0	0
2372226	2575495503	179	1	4	9	34703	120026	1	55.9	92.9	19	57.5	0	10	15	0	0	0
2372226	2575495513	179	1	4	15	120026	500267	1	20.3	54.2	27.3	27.5	0	10	15	0	0	0
2372226	2575495573	179	1	4	19	500267	72154	1	30.9	30.4	30.4	60.3	0	10	15	0	0	0
2372226	2575495631	179	1	4	22	72154	34703	1	31.7	63.9	38.2	89.6	0	10	15	0	0	0
2372226	2575495677	179	1	4	25	34703	0	0	34.1	83.7	68.1	45.7	0	10	15	0	0	0
2372226	2575495701	191	1	4	27	490239	0	1	27.2	44	21.9	11.1	0	11	16	0	3	0
2372226	2575495721	191	1	4	32	222629	0	0	19.7	8.2	18.9	8.6	0	11	16	0	0	0
2372226	2575495925	191	1	4	49	222629	220191	1	26.5	0	27	16.5	0	11	17	0	0	0
2372226	2575495935	191	1	4	50	220191	0	0	27	16.5	39.4	27.4	0	11	17	0	0	0
2372226	2575495955	179	1	4	51	52538	0	0	56	76.5	72.5	67.7	0	0	0	0	3	0
2372226	2575495981	191	1	4	53	220191	0	0	26.6	28.5	32.8	39.5	0	0	0	0	3	0
2372226	2575496019	179	1	4	56	121117	17740	1	65.5	55.5	66.5	16.7	0	12	18	0	0	0
2372226	2575496029	179	1	5	1	17740	0	0	65.3	8	83.3	32.3	0	12	18	2	0	0
2372226	2575541881	191	1	5	2	220191	0	0	17.7	69.4	27.9	78.1	0	13	19	0	0	0
2372226	2575496071	179	1	5	5	52538	0	1	70.2	22.7	78.6	23.1	0	0	0	0	3	0
2372226	2575499029	179	1	5	8	121117	0	0	76.6	19.8	76.5	29.7	0	14	20	0	0	0
2372226	2575496171	191	1	5	11	208135	0	1	29.8	53.9	54.3	11.6	0	15	21	0	0	0
2372226	2575496207	191	1	5	19	466057	449027	1	31	5.3	8.2	48.5	0	15	21	0	0	0
2372226	2575496239	191	1	5	24	449027	0	0	8.2	48.5	62	34.5	0	15	21	0	0	0
2372226	2575496257	179	1	5	27	72154	0	0	41	68.9	56.5	69.6	0	0	0	0	3	0
2372226	2575496283	191	1	5	30	208135	0	0	46.2	31.3	63.5	27.3	0	15	22	0	0	0
2372226	2575496359	179	1	5	32	169813	72154	1	39.3	75.8	27.5	72	0	16	23	0	0	0
2372226	2575496369	179	1	5	37	72154	34703	1	29.3	70.5	39.6	73.4	0	16	23	0	0	0
2372226	2575496411	179	1	5	38	34703	72154	1	39.6	73.4	25.4	71.7	0	16	23	0	0	0
2372226	2575496465	179	1	5	42	72154	0	0	27	67.4	69.9	16	0	16	23	0	0	0
2372226	2575496497	191	1	5	45	132105	493072	1	25.4	79	34.1	75.7	0	0	0	0	3	0
2372226	2575496503	191	1	5	47	493072	0	1	34.1	75.7	24.2	79.3	0	17	24	0	3	0
2372226	2575496541	191	1	5	49	132105	0	0	24.2	79.3	42.2	95.1	0	17	24	0	0	0
2372226	2575496825	191	1	6	11	132105	247636	1	37	100	52.8	94.5	0	17	25	0	0	0
2372226	2575496937	191	1	6	25	132105	0	0	45.3	100	70.1	81.2	0	17	26	0	0	0
2372226	2575496965	179	1	6	29	72154	0	0	30.6	17.8	45	14.2	0	18	27	0	0	0
2372226	2575496987	191	1	6	31	220191	0	0	52.7	89.6	43.8	101.1	0	19	29	0	0	0
2372226	2575497113	179	1	6	43	17740	103953	1	53.6	0	55.7	4.4	0	20	30	0	0	0
2372226	2575497125	179	1	6	44	103953	17740	1	53	6.5	51.4	2.5	0	20	30	0	0	0
2372226	2575497153	179	1	6	46	17740	500267	1	51.4	2.5	36	11.9	0	20	30	0	0	0
2372226	2575497199	179	1	6	48	500267	72154	1	36	11.9	34.3	55.4	0	20	30	0	0	0
2372226	2575497233	179	1	6	52	72154	34703	1	34.3	58.4	38	69.3	0	20	30	0	0	0
2372226	2575497261	179	1	6	56	34703	500267	1	37.9	65.4	34.4	29.9	0	20	30	0	0	0
2372226	2575497303	179	1	6	58	500267	121117	1	35.5	28.6	55.4	23.6	0	20	30	0	0	0
2372226	2575497345	179	1	7	1	121117	103953	1	46.5	23.8	46.4	7.6	0	20	30	0	0	0
2372226	2575497369	179	1	7	4	103953	169813	1	46.7	13.6	53.5	86	0	20	30	0	0	0
2372226	2575497397	179	1	7	8	169813	34703	1	54.2	86.7	53.7	72.8	0	20	30	0	0	0
2372226	2575497401	179	1	7	10	34703	62974	1	53.7	72.8	61.3	72.6	0	20	30	0	0	0
2372226	2575497453	179	1	7	11	62974	34703	1	62.2	73.8	55.5	85.8	0	20	30	0	0	0
2372226	2575497457	179	1	7	13	34703	169813	1	55.5	85.7	60.9	94.8	0	20	30	0	0	0
2372226	2575497491	179	1	7	14	169813	62974	1	60.9	94.8	85.5	84.9	0	20	30	0	0	0
2372226	2575497523	179	1	7	17	62974	0	0	89.2	84.8	91.8	54.5	0	20	30	2	0	0
2372226	2575497873	179	1	7	48	34703	121117	1	99.5	99.5	97.4	72.8	0	20	31	0	0	6
2372226	2575497877	179	1	7	49	121117	0	0	97.3	73.4	93.7	72.2	0	20	31	0	0	0
2372226	2575497937	191	1	7	55	220191	0	0	22.3	21.8	23	21.8	0	21	32	0	0	0
2372226	2575497963	191	1	7	57	439716	247636	1	28.1	37.4	29.5	40.3	0	21	33	0	0	0
2372226	2575498019	179	1	8	3	34703	0	0	70.7	74.6	82.1	50.1	0	22	34	0	0	0
2372226	2575498213	179	1	8	17	34703	103953	1	99.5	99.5	92.1	85.8	0	22	35	0	0	6
2372226	2575498219	179	1	8	19	103953	0	0	92.1	85.8	85	87.2	0	22	35	0	0	0
2372226	2575498223	179	1	8	22	34703	0	0	85	84.5	89.1	64.2	0	22	36	2	0	0
2372226	2575498257	179	1	8	26	169813	0	0	79.3	65.3	87.9	47.8	0	22	0	0	3	0
2372226	2575498273	179	1	8	29	52538	234991	1	81.2	46.6	84.1	34.4	0	22	37	0	0	0
2372226	2575498315	179	1	8	34	17740	52538	1	67.8	9.8	81.1	11.2	0	22	38	0	0	0
2372226	2575498325	179	1	8	36	52538	0	0	83.8	11	88.2	42.7	0	22	38	2	0	0
2372226	2575498531	191	1	9	4	449027	220191	1	4.1	53	24.4	27	0	23	40	0	0	0
2372226	2575498537	191	1	9	6	220191	222629	1	24.4	27	11.7	7.1	0	23	40	0	0	0
2372226	2575498539	191	1	9	9	222629	0	0	11.2	6.4	12.3	5.8	0	23	40	0	0	0
2372226	2575498717	191	1	9	24	222629	466057	1	21.9	0	34.4	4.6	0	23	41	0	0	0
2372226	2575501009	191	1	9	28	466057	222629	1	35.4	8.8	26.1	7.7	0	23	42	0	0	0
2372226	2575498763	191	1	9	29	222629	0	0	25.4	7.1	67.8	72.1	0	23	42	0	0	0
2372226	2575498805	179	1	9	34	17740	0	1	36.5	27.7	47.1	39.1	0	24	43	0	0	0
2372226	2575499383	179	1	10	28	500267	0	0	39.2	29.9	80.2	74.4	0	24	44	0	0	5
2372226	2575499395	191	1	10	31	222629	0	1	21.8	24.3	23.2	34.6	0	25	45	0	3	0
2372226	2575499431	191	1	10	33	158074	222629	1	23.2	34.6	22.2	21.5	0	25	45	0	0	0
2372226	2575499463	191	1	10	37	222629	490239	1	27.9	30.3	25.4	61.4	0	25	45	0	0	0
2372226	2575499517	191	1	10	40	490239	493072	1	27.6	65.5	81.3	72.8	0	25	45	0	0	0
2372226	2575499921	179	1	11	14	120026	34703	1	4.5	49.6	49.4	95.7	0	26	46	0	0	0
2372226	2575500005	179	1	11	19	34703	169813	1	46.8	98.1	34	90.9	0	26	46	0	0	0
2372226	2575500015	179	1	11	25	169813	120026	1	32.6	91.2	10.5	75.2	0	26	46	0	0	0
2372226	2575500057	179	1	11	27	120026	103953	1	10.5	75.2	64.8	71.4	0	26	46	0	0	0
2372226	2575500067	179	1	11	33	103953	0	0	63.5	69.3	69.2	68	0	26	46	0	3	0
2372226	2575500089	191	1	11	34	490239	0	0	31.2	34.2	66.2	24.1	0	27	47	0	0	0
2372226	2575500201	191	1	11	50	222629	158074	1	34.6	8.3	25	19.4	0	29	49	0	0	5
2372226	2575500235	191	1	11	53	158074	490239	1	25	19.4	24.2	70	0	29	49	0	0	0
2372226	2575500289	191	1	11	56	490239	132105	1	25.9	72.7	43	95.6	0	29	49	0	0	0
2372226	2575500319	191	1	12	3	132105	208135	1	62.2	88.3	58.3	75.1	0	29	49	0	0	0
2372226	2575500379	179	1	12	10	103953	121117	1	59.1	25	54.2	8	0	30	50	0	0	0
2372226	2575500407	179	1	12	12	121117	17740	1	54.8	8.5	59.8	6.4	0	30	50	0	0	0
2372226	2575500431	191	1	12	16	208135	220191	1	36.9	92.7	36.5	73.8	0	31	51	0	0	0
2372226	2575500529	191	1	12	18	220191	247636	1	36.5	73.8	46.3	64.3	0	31	51	0	0	0
2372226	2575500571	191	1	12	27	247636	0	1	70.5	76	66.1	32.8	0	31	51	0	0	0
2372226	2575500613	179	1	12	33	34703	169813	1	22.1	70.7	16.5	72.8	0	32	52	0	0	0
2372226	2575500669	179	1	12	36	169813	34703	1	21.2	74.1	26.5	94.7	0	32	52	0	0	0
2372226	2575500717	191	1	12	43	466057	247636	1	60.9	28.3	67.8	26.2	0	33	53	0	0	0
2372226	2575500737	191	1	12	45	247636	220191	1	67.4	27.6	59.2	24	0	33	53	0	0	0
2372226	2575500763	191	1	12	46	220191	222629	1	59.2	24	68.2	5.5	0	33	53	0	0	0
2372226	2575500797	191	1	12	48	222629	0	0	68	5.3	93.6	14.9	0	33	53	0	0	0
2372226	2575501155	179	1	13	22	120026	0	0	9.9	74.1	65.9	70.4	0	34	54	0	0	5
2372226	2575501169	191	1	13	25	208135	0	1	30.8	31.5	44.8	45.7	0	35	55	0	3	0
2372226	2575501251	191	1	13	27	493072	439716	1	44.8	45.7	65.2	85.7	0	35	55	0	0	0
2372226	2575501275	191	1	13	34	439716	208135	1	61.7	96	54.5	87.1	0	35	55	0	0	0
2372226	2575501299	191	1	13	37	208135	439716	1	57	85.7	63.9	92.9	0	35	55	0	0	0
2372226	2575501307	191	1	13	39	439716	208135	1	63.2	90.3	54.9	84.5	0	35	55	0	0	0
2372226	2575501355	191	1	13	41	208135	158074	1	54.9	84.5	34.4	38.2	0	35	55	0	0	0
2372226	2575501365	191	1	13	44	158074	222629	1	33.3	35.2	32.6	23.9	0	35	55	0	0	0
2372226	2575501377	191	1	13	46	222629	0	1	32.6	23.9	36.3	34	0	35	55	0	0	0
2372226	2575501777	191	1	14	31	158074	208135	1	37.3	31.5	47.4	59.4	0	35	56	0	0	5
2372226	2575501795	191	1	14	34	208135	490239	1	47.3	62.3	39.8	73.9	0	35	56	0	0	0
2372226	2575501813	191	1	14	37	490239	0	0	43	71.8	78	12.3	0	35	56	0	0	0
2372226	2575501835	179	1	14	40	169813	62974	1	29	92.6	38.3	89.3	0	36	57	0	3	0
2372226	2575501869	191	1	14	44	466057	222629	1	61.3	10.6	54.1	11.1	0	37	58	0	0	0
2372226	2575501889	191	1	14	45	222629	220191	1	54.1	11.1	59.9	24.4	0	37	58	0	0	0
2372226	2575501905	191	1	14	48	220191	222629	1	59.5	23.3	47.1	15.5	0	37	58	0	0	0
2372226	2575501961	191	1	14	50	222629	247636	1	47.3	13.5	63.9	23.7	0	37	58	0	0	0
2372226	2575501987	179	1	14	55	52538	0	1	23.4	81.6	27.3	90	0	38	59	0	0	0
2372226	2575502033	179	1	14	57	62974	103953	1	28.4	88.1	45	82.8	0	38	59	0	0	0
2372226	2575502041	179	1	15	1	103953	0	0	56.3	86.7	73.5	56.3	0	38	59	0	0	0
2372226	2575502063	191	1	15	3	490239	0	1	26.5	44.1	51.6	42.3	0	39	60	0	0	0
2372226	2575502071	191	1	15	5	247636	220191	1	53.4	45.2	45.8	44.3	0	39	60	0	0	0
2372226	2575502081	191	1	15	7	220191	169813	100	45.6	44.3	68.8	34.8	0	39	60	0	0	0
2372226	2575502125	179	1	15	10	169813	34703	1	37.5	68.3	43.9	71.9	0	40	61	0	0	0
2372226	2575502181	179	1	15	14	34703	500267	1	32.5	65.1	28.6	35.7	0	40	61	0	0	0
2372226	2575502227	179	1	15	16	500267	17740	1	33.4	32.8	57.6	6.7	0	40	61	0	0	0
2372226	2575502273	179	1	15	21	17740	121117	1	58.7	6.5	90.2	5.3	0	40	61	0	0	0
2372226	2575502875	179	1	16	31	34703	0	0	87.5	6.6	80.6	101	0	40	62	2	0	5
2372226	2575503125	191	1	16	55	222629	220191	1	20	0	22.2	15.9	0	41	63	0	0	0
2372226	2575503147	191	1	16	56	220191	222629	1	22.2	15.9	20.9	6.4	0	41	63	0	0	0
2372226	2575503165	191	1	16	57	222629	0	0	21.1	6.4	43.6	6.7	0	41	63	0	0	0
2372226	2575503187	179	1	17	0	169813	62974	1	60	97.1	68.4	94.2	0	42	64	0	0	0
2372226	2575503195	179	1	17	2	62974	34703	1	68.4	94.2	63.4	89	0	42	64	0	0	0
2372226	2575503259	191	1	17	6	222629	220191	1	29.1	12.2	35.1	28.8	0	43	67	0	0	0
2372226	2575503283	191	1	17	8	220191	493072	1	35.1	28.8	44.8	51.5	0	43	67	0	0	0
2372226	2575503287	191	1	17	10	493072	0	0	44.1	45.1	62.4	33.7	0	43	67	0	0	0
2372226	2575503305	179	1	17	11	72154	0	0	35.6	68.6	38.5	63.3	0	44	68	0	0	0
2372226	2575503395	179	1	17	14	500267	17740	1	24.8	42.5	34.9	27.4	0	44	69	0	0	0
2372226	2575503401	179	1	17	19	17740	0	0	47.3	24.2	65.9	40.1	0	44	69	0	0	0
2372226	2575503449	191	1	17	23	208135	132105	1	35.7	66.6	38.7	83.9	0	45	70	0	0	0
2372226	2575503465	191	1	17	25	132105	490239	1	38.7	83.8	27.9	69.7	0	45	70	0	0	0
2372226	2575503481	191	1	17	27	490239	0	1	27.5	69.3	25	45.1	0	45	70	0	0	0
2372226	2575503509	191	1	17	29	158074	220191	1	24.9	41.5	33.9	49.6	0	45	70	0	0	0
2372226	2575503551	191	1	17	30	220191	158074	1	33.9	49.6	46.3	29.7	0	45	70	0	0	0
2372226	2575503815	191	1	17	58	158074	132105	1	47.4	39.2	64.2	98.3	0	45	71	0	0	5
2372226	2575503833	191	1	18	0	132105	493072	1	64.2	98.3	86.6	83	0	45	71	0	3	0
2372226	2575503877	179	1	18	4	17740	52538	1	14.8	26	21.9	34.4	0	46	72	0	0	0
2372226	2575503915	179	1	18	7	52538	121117	1	31.1	29.9	37.4	5.6	0	46	72	0	0	0
2372226	2575504133	179	1	18	32	17740	103953	1	38.1	0	38.2	15.1	0	46	73	0	0	0
2372226	2575504175	179	1	18	33	103953	169813	1	38.1	15.1	28.8	76.7	0	46	73	0	0	0
2372226	2575504193	179	1	18	37	169813	120026	1	28.8	77.9	11.6	65.7	0	46	73	0	3	0
2372226	2575504207	179	1	18	41	120026	72154	1	11.8	66.2	20.8	72.3	0	46	73	0	0	0
2372226	2575504269	179	1	18	46	72154	500267	1	21.9	69.9	20.1	38.2	0	46	73	0	0	0
2372226	2575504291	179	1	18	49	500267	17740	1	22.4	32.9	35.7	2.2	0	46	73	0	0	0
2372226	2575504299	179	1	18	52	17740	121117	1	36.9	2.3	46.4	1.7	0	46	73	0	0	0
2372226	2575504303	179	1	18	53	121117	0	0	46.4	1.7	47.5	2.2	0	46	73	0	0	0
2372226	2575504333	179	1	18	55	121117	17740	1	42.2	3.2	33.2	4.6	0	46	74	0	0	0
2372226	2575504389	179	1	18	57	17740	72154	1	34.6	9.2	22.9	62.4	0	46	74	0	0	0
2372226	2575504405	179	1	19	0	72154	169813	1	26.5	67.2	39	95.4	0	46	74	0	0	0
2372226	2575504451	179	1	19	3	169813	34703	1	39	95.6	71	93.5	0	46	74	0	0	0
2372226	2575504467	179	1	19	8	34703	62974	1	70.9	94.8	67.7	83.9	0	46	74	0	0	0
2372226	2575504481	191	1	19	9	220191	0	1	29.4	17	31.4	9.8	0	47	75	0	0	0
2372226	2575504537	191	1	19	13	466057	220191	1	33.7	8.8	32	27.1	0	47	76	0	0	0
2372226	2575504553	191	1	19	15	220191	439716	1	32	27.1	58.8	35.1	0	47	76	0	0	0
2372226	2575504601	191	1	19	16	439716	208135	1	58.8	35.1	52.5	54.3	0	47	76	0	0	0
2372226	2575504617	191	1	19	21	208135	0	0	77.2	70.9	86.8	101.8	0	47	76	0	0	0
2372226	2575504713	179	1	19	29	17740	103953	1	17.1	0	31.9	4.6	0	48	77	0	0	0
2372226	2575504723	179	1	19	33	103953	52538	1	32	4.9	31.1	25.3	0	48	77	0	0	0
2372226	2575504777	179	1	19	35	52538	72154	1	31.4	27.5	24	56.7	0	48	77	0	0	0
2372226	2575504809	179	1	19	39	72154	169813	1	29.6	66.8	37.2	89.6	0	48	77	0	0	0
2372226	2575504831	179	1	19	43	169813	72154	1	42.1	89	31.6	74.7	0	48	77	0	0	0
2372226	2575504871	179	1	19	45	72154	52538	1	31.6	74.9	33.9	58.1	0	48	77	0	0	0
2372226	2575504921	179	1	19	49	52538	17740	1	36.2	44.8	46.2	3.7	0	48	77	0	0	0
2372226	2575504971	179	1	19	55	17740	500267	1	47	8.6	34.9	16.3	0	48	77	0	0	0
2372226	2575505029	179	1	19	58	500267	72154	1	36.5	18.8	24.8	62.3	0	48	77	0	0	0
2372226	2575505127	179	1	20	3	72154	0	0	24.4	55.3	99.3	0.9	0	48	77	0	0	0
2372226	2575505437	191	1	20	35	449027	0	0	4.5	50.6	60.5	47.3	0	49	78	0	0	0
2372226	2575505455	179	1	20	39	72154	0	1	42	69.7	55.4	58.5	0	50	79	0	0	0
2372226	2575505565	191	1	20	50	220191	222629	1	40.6	22.4	53	8.2	0	51	80	0	0	0
2372226	2575505585	191	1	20	52	222629	466057	1	53	8	58.2	2.2	0	51	80	0	0	0
2372226	2575505589	191	1	20	53	466057	0	0	58.2	1.4	60.6	1.4	0	51	80	0	0	0
2372226	2575505793	191	1	21	10	222629	220191	1	55.4	0	46.4	19.4	0	51	81	0	0	0
2372226	2575505811	191	1	21	10	220191	493072	1	52.6	25	56.8	75	0	51	81	0	0	0
2372226	2575505819	191	1	21	14	493072	132105	1	56	58.3	42	69.7	0	51	81	0	3	0
2372226	2575505823	191	1	21	15	132105	490239	1	43.9	72.3	36.8	61.8	0	51	81	0	0	0
2372226	2575505825	191	1	21	17	490239	220191	1	36.5	62.7	45	48.2	0	51	81	0	0	0
2372226	2575505851	191	1	21	19	220191	158074	1	41.5	35.2	28.6	30.6	0	51	81	0	0	0
2372226	2575505867	191	1	21	22	158074	222629	1	29.2	23.6	30.8	8.2	0	51	81	0	0	0
2372226	2575505879	191	1	21	24	222629	220191	1	30.9	7.3	42.1	20	0	51	81	0	0	0
2372226	2575505917	191	1	21	25	220191	0	0	43.1	20.1	77.8	18	0	51	81	0	0	0
2372226	2575505939	179	1	21	29	72154	120026	1	21.8	83.6	3.3	65.7	0	52	82	0	0	0
2372226	2575505975	179	1	21	31	120026	0	0	3.3	65.7	22.4	91.7	0	52	82	0	0	0
2372226	2575506113	179	1	21	47	169813	34703	1	14.5	100	16.9	95	0	52	83	0	0	0
2372226	2575506139	179	1	21	48	34703	169813	1	16.9	95	8.6	95.7	0	52	83	0	0	0
2372226	2575506203	179	1	21	51	169813	34703	1	10	96.6	18.6	96.9	0	52	83	0	0	0
2372226	2575506313	179	1	22	7	34703	169813	1	61.5	100	47.2	97.4	0	52	84	0	0	0
2372226	2575506373	179	1	22	10	169813	17740	1	52.5	94.5	60.3	9.4	0	52	84	0	0	0
2372226	2575506399	179	1	22	17	17740	121117	1	65.1	7.7	61	12.8	0	52	84	0	0	0
2372226	2575506415	179	1	22	20	121117	500267	1	55.2	10	45.7	24.5	0	52	84	0	0	0
2372226	2575506467	179	1	22	23	500267	103953	1	45.9	24.4	68.7	17.3	0	52	84	0	0	0
2372226	2575506513	179	1	22	26	103953	52538	1	62.5	22.9	65	28	0	52	84	0	0	0
2372226	2575506523	179	1	22	29	52538	17740	1	76.5	22.3	81.1	3.7	0	52	84	0	0	0
2372226	2575506555	179	1	22	34	17740	103953	1	78.4	5.9	73.4	19.1	0	52	85	0	0	0
2372226	2575506571	179	1	22	36	103953	234991	1	73.3	20	90.7	53.1	0	52	85	2	0	0
2372226	2575507185	191	1	22	59	449027	490239	1	12	65.2	25.7	73.5	0	53	86	0	0	0
2372226	2575507221	191	1	22	59	490239	449027	1	25.4	75	10	72.9	0	53	86	0	0	0
2372226	2575506783	191	1	23	1	449027	493072	1	14.2	55.1	56.2	92.4	0	53	86	0	0	0
2372226	2575506839	191	1	23	10	493072	169813	100	61.3	65.8	70.2	29.4	0	53	86	0	0	0
2372226	2575506881	191	1	23	14	222629	493072	1	68.1	40.2	67.8	46.4	0	53	87	0	0	0
2372226	2575506903	191	1	23	15	493072	0	0	65.2	44.8	101.3	24.6	0	53	87	0	0	0
2372226	2575507191	179	1	23	40	120026	72154	1	4.1	57	18.6	71.4	0	54	88	0	0	0
2372226	2575507385	179	1	23	55	62974	234991	1	78.4	100	88.2	94.8	0	54	89	0	0	0
2372226	2575507393	179	1	23	56	234991	0	0	87.9	93.4	86.6	91.9	0	54	89	0	0	0
2372226	2575507549	179	1	24	9	169813	222629	100	81.3	100	96.8	67.8	0	54	90	0	0	0
2372226	2575507941	179	1	24	39	169813	0	1	99.5	99.5	76.7	29.9	0	54	91	2	0	6
2372226	2575508355	179	1	25	30	103953	0	0	76.2	6	91.6	53.4	0	54	92	2	0	5
2372226	2575508473	179	1	25	37	169813	17740	1	54.5	53.1	52.7	28	0	54	93	0	0	0
2372226	2575508491	179	1	25	40	17740	34703	1	52.9	26.6	56.7	8	0	54	93	0	0	0
2372226	2575508543	179	1	25	42	34703	103953	1	56.7	8.5	72.7	4.1	0	54	93	0	0	0
2372226	2575508549	179	1	25	46	103953	0	0	73.1	12.8	74.4	15.1	0	54	93	2	0	0
2372226	2575508631	179	1	25	49	34703	121117	1	71.8	10.4	79.9	6.2	0	54	94	0	0	0
2372226	2575508641	179	1	25	51	121117	0	0	82.5	6.4	87.4	45.5	0	54	94	0	0	0
2372226	2575508673	179	1	25	54	34703	490239	100	85	28	86	34.4	0	54	95	0	0	0
2372226	2575508707	191	1	25	56	208135	247636	1	15.1	72	18.2	89.6	0	55	96	0	0	0
2372226	2575508739	191	1	25	57	247636	493072	1	18.2	89.6	35.9	97.4	0	55	96	0	0	0
2372226	2575508755	191	1	26	0	493072	208135	1	37	95	41.4	80.6	0	55	96	0	0	0
2372226	2575508777	191	1	26	2	208135	0	1	41.4	80.6	55.2	74.2	0	55	96	0	0	0
2372226	2575509033	191	1	26	25	220191	158074	1	53.7	70.2	28.1	43	0	55	97	0	0	5
2372226	2575509091	191	1	26	28	158074	449027	1	31.2	48	14.6	60.8	0	55	97	0	0	0
2372226	2575509163	191	1	26	36	449027	493072	1	14.9	63	45.4	90.5	0	55	97	0	0	0
2372226	2575509295	179	1	26	50	17740	52538	1	70.6	0	64.1	14	0	56	99	0	0	0
2372226	2575509309	179	1	26	52	52538	34703	1	64.5	14.9	59.9	31	0	56	99	0	0	0
2372226	2575509335	179	1	26	53	34703	500267	1	57.9	32.3	46.1	16.6	0	56	99	0	0	0
2372226	2575509355	179	1	26	54	500267	72154	1	46.1	16.6	50.5	60.5	0	56	99	0	0	0
2372226	2575509387	179	1	26	58	72154	169813	1	50.8	61.4	55	89	0	56	99	0	0	0
2372226	2575509433	179	1	27	2	169813	72154	1	56	92.3	43.8	72.3	0	56	99	0	0	0
2372226	2575509457	179	1	27	5	72154	500267	1	42.2	67.8	37.3	39.2	0	56	99	0	0	0
2372226	2575509491	179	1	27	8	500267	17740	1	37	37.9	44.9	6.8	0	56	99	0	0	0
2372226	2575509505	179	1	27	11	17740	0	1	43.8	12.2	46.7	23.8	0	56	99	0	0	0
2372226	2575509537	179	1	27	12	52538	121117	1	47.6	24.5	53.8	5	0	56	99	0	0	0
2372226	2575509567	179	1	27	14	121117	0	0	52.7	3.7	53.7	4	0	56	99	0	0	0
2372226	2575509653	179	1	27	23	121117	500267	1	53.7	4	43.6	29	0	56	100	0	0	5
2372226	2575509661	179	1	27	26	500267	72154	1	43.6	29	36.2	55.1	0	56	100	0	0	0
2372226	2575509671	179	1	27	27	72154	34703	1	31.9	39.6	42.2	69.6	0	56	100	0	0	0
2372226	2575509693	179	1	27	31	34703	52538	1	38.5	57.9	46.1	53.3	0	56	100	0	0	0
2372226	2575509715	179	1	27	32	52538	72154	1	46.1	53.3	35.8	53.6	0	56	100	0	0	0
2372226	2575509761	179	1	27	38	72154	17740	1	40.1	41.3	57.4	5.2	0	56	100	0	0	0
2372226	2575509817	179	1	27	41	17740	500267	1	57.4	5.2	38.8	15.1	0	56	100	0	0	0
2372226	2575509905	179	1	27	47	500267	72154	1	29.6	23.5	28.8	57.5	0	56	100	0	0	0
2372226	2575510229	191	1	28	28	158074	490239	1	29.4	40	28.9	69.3	0	57	101	0	0	5
2372226	2575510241	191	1	28	30	490239	158074	1	27.3	69.3	24	46.7	0	57	101	0	0	0
2372226	2575510261	191	1	28	33	158074	222629	1	24.3	43	24.1	16.5	0	57	101	0	0	0
2372226	2575510283	191	1	28	35	222629	0	0	24.8	12.8	71.9	48.5	0	57	101	0	0	0
2372226	2575510299	179	1	28	39	500267	120026	1	29	52.8	10.2	53.3	0	58	102	0	3	0
2372226	2575510323	179	1	28	42	120026	72154	1	11.9	54.8	20.5	61.7	0	58	102	0	0	0
2372226	2575510377	179	1	28	44	72154	52538	1	21.1	64.8	30.2	58.5	0	58	102	0	0	0
2372226	2575510399	179	1	28	49	52538	72154	1	31.8	60	28.6	72.8	0	58	102	0	0	0
2372226	2575510421	179	1	28	52	72154	169813	1	31.3	75.5	31.8	95.6	0	58	102	0	0	0
2372226	2575510441	179	1	28	54	169813	120026	1	31.1	94.2	12.8	63.6	0	58	102	0	0	0
2372226	2575510471	179	1	28	56	120026	103953	1	13.4	64.4	45.9	68.6	0	58	102	0	0	0
2372226	2575510481	179	1	28	58	103953	0	0	46	68.6	60.6	57	0	58	102	0	3	0
2372226	2575510491	191	1	28	59	490239	222629	1	38.4	48.2	40.4	27.4	0	0	0	0	3	0
2372226	2575510517	191	1	29	1	222629	220191	1	40.4	27.4	51.8	30.9	0	0	0	0	3	0
2372226	2575510561	191	1	29	3	247636	466057	1	57.9	30.7	63	7.7	0	59	103	0	0	0
2372226	2575510595	191	1	29	6	466057	222629	1	63	7.7	55.9	8.5	0	59	103	0	0	0
2372226	2575510627	191	1	29	9	222629	220191	1	55.9	8.9	60.4	26.4	0	59	103	0	0	0
2372226	2575510639	191	1	29	11	220191	0	0	64.6	28.6	64.6	30.1	0	59	103	0	0	0
2372226	2575510697	179	1	29	12	52538	0	0	35.4	59.4	56.2	57.6	0	60	104	0	0	0
2372226	2575511033	179	1	29	46	72154	34703	1	53.1	58.5	48.8	71.4	0	60	105	0	0	5
2372226	2575511073	179	1	29	49	34703	500267	1	47.4	60.2	51.2	22.6	0	60	105	0	0	0
2372226	2575511083	179	1	29	52	500267	17740	1	51.6	18.8	59	2.9	0	60	105	0	0	0
2372226	2575511095	179	1	29	53	17740	52538	1	59	2.9	56.6	25.1	0	60	105	0	0	0
2372226	2575511131	179	1	29	56	52538	72154	1	55.7	27.1	38.1	55.7	0	60	105	0	0	0
2372226	2575511147	179	1	29	59	72154	0	0	39.6	59.9	44.3	101	0	60	105	0	0	0
2372226	2575512653	191	1	32	52	222629	247636	1	53.8	0	61.1	5.9	0	61	106	0	0	0
2372226	2575512655	191	1	32	54	247636	0	0	60.9	4.9	57.5	4.9	0	61	106	0	0	0
2372226	2575512741	191	1	33	0	222629	466057	1	61	0	75.6	18.5	0	61	107	0	0	0
2372226	2575512737	179	1	33	2	52538	72154	1	27.6	81.6	19.5	73.2	0	62	108	0	0	0
2372226	2575512745	179	1	33	3	72154	0	0	23.1	70.5	30.1	73.7	0	62	108	0	3	0
2372226	2575512783	191	1	33	5	466057	220191	1	70.2	19.8	62.9	12.9	0	63	109	0	0	0
2372226	2575512793	191	1	33	6	220191	222629	1	62.9	12.9	80	3.2	0	63	109	0	0	0
2372226	2575512797	191	1	33	9	222629	0	0	80.6	3.2	82.4	12.9	0	63	109	2	0	0
2372226	2575512927	191	1	33	19	247636	222629	1	95.7	0	89.6	6.1	0	65	111	0	0	0
2372226	2575512937	191	1	33	21	222629	0	0	90.1	4.9	89.8	45.2	0	65	111	2	0	0
2372226	2575513001	179	1	33	29	234991	493072	100	32.7	31.9	37.7	30.1	0	66	112	0	0	0
2372226	2575513033	191	1	33	31	208135	439716	1	62.6	73.9	66.8	78.1	0	67	113	0	0	0
2372226	2575513057	191	1	33	32	439716	493072	1	66.8	78.1	62.8	73.3	0	67	113	0	0	0
2372226	2575513077	191	1	33	35	493072	247636	1	63.7	71.7	65.8	41.6	0	67	113	0	0	0
2372226	2575513137	191	1	33	37	247636	466057	1	67.1	36.4	81.9	9.5	0	67	113	0	0	0
2372226	2575513159	191	1	33	44	466057	493072	1	98.3	23.5	95.6	39.6	0	67	113	2	0	0
2372226	2575513405	179	1	34	15	120026	234991	1	4.6	50.1	66	74.9	0	68	114	0	0	0
2372226	2575513411	179	1	34	18	234991	0	0	66	75	75.8	74.4	0	68	114	0	3	0
2372226	2575513421	191	1	34	19	222629	0	1	28.7	21.8	26	41.6	0	69	115	0	3	0
2372226	2575513467	191	1	34	27	208135	222629	1	26.9	39.4	28.6	21.9	0	69	116	0	0	5
2372226	2575513485	191	1	34	28	222629	247636	1	28.6	21.9	37.7	23.9	0	69	116	0	0	0
2372226	2575513493	191	1	34	30	247636	222629	1	37	21.2	29.4	11	0	69	116	0	0	0
2372226	2575513499	191	1	34	31	222629	208135	1	29.6	11	39	35.8	0	69	116	0	0	0
2372226	2575513503	191	1	34	33	208135	132105	1	39	35.8	43.1	71.5	0	69	116	0	0	0
2372226	2575513533	191	1	34	36	132105	493072	1	50.9	75.4	58.1	91.1	0	69	116	0	0	0
2372226	2575513565	179	1	34	42	17740	500267	1	11.6	11.5	10.4	18.1	0	70	117	0	0	0
2372226	2575513581	179	1	34	43	500267	17740	1	10.4	18.1	9.9	8.2	0	70	117	0	0	0
2372226	2575513607	179	1	34	45	17740	52538	1	10.1	6.8	20.9	15.1	0	70	117	0	0	0
2372226	2575513655	191	1	34	54	208135	132105	1	33.6	89.4	43.5	95	0	71	118	0	0	0
2372226	2575513659	191	1	34	56	132105	52538	100	43.5	95	40.4	94.4	0	71	118	0	0	0
2372226	2575513797	191	1	35	16	132105	0	0	53.1	100	63.7	94.7	0	71	119	0	0	0
2372226	2575513803	179	1	35	18	17740	0	0	38.9	9.1	57	24.2	0	0	0	0	3	0
2372226	2575513835	191	1	35	20	490239	0	0	45.7	81.8	61.8	75	0	71	0	0	3	0
2372226	2575513833	179	1	35	22	500267	34703	1	38.5	27.4	46	30.8	0	0	0	0	3	0
2372226	2575513845	179	1	35	23	34703	0	0	46	30.8	51.2	17.6	0	0	0	0	3	0
2372226	2575513869	191	1	35	25	132105	247636	1	54	84.8	61.3	73.3	0	71	120	0	0	0
2372226	2575513873	191	1	35	28	247636	220191	1	56.2	68.7	65.3	55.7	0	71	120	0	0	0
2372226	2575513887	191	1	35	31	220191	466057	1	68.2	46.1	80.3	10.7	0	71	120	0	0	0
2372226	2575513895	191	1	35	34	466057	222629	1	90.1	12	90	39.7	0	71	120	2	0	0
2372226	2575513931	179	1	35	39	169813	0	0	3.9	86	43.7	88.4	0	72	121	0	0	0
2372226	2575513939	191	1	35	41	158074	0	1	57	14.3	64.3	25.8	0	73	122	0	3	0
2372226	2575513961	191	1	35	46	220191	0	0	66.1	11.6	66.2	13.5	0	73	123	0	0	0
2372226	2575514159	191	1	36	7	222629	158074	1	69.2	0	46.7	10.1	0	73	124	0	0	0
2372226	2575514175	191	1	36	10	158074	0	0	48.7	9.1	72.9	54	0	73	124	0	0	0
2372226	2575514205	179	1	36	12	500267	0	1	27.1	45	44.4	38.2	0	74	125	0	3	0
2372226	2575514211	179	1	36	17	121117	0	0	45.2	34	44	35.5	0	74	125	0	0	0
2372226	2575514247	191	1	36	19	490239	493072	1	54.3	68.4	63.7	75.6	0	75	126	0	0	0
2372226	2575514257	191	1	36	23	493072	0	0	71.5	71.2	74.9	71.4	0	75	126	0	0	0
2372226	2575514285	179	1	36	25	17740	120026	1	14	47.2	7.1	48.2	0	76	127	0	0	0
2372226	2575514299	179	1	36	26	120026	158074	100	7.1	48.5	48.2	58.2	0	76	127	0	0	0
2372226	2575514645	191	1	37	16	449027	0	0	3.8	39	68.4	48.7	0	79	130	0	0	0
2372226	2575514661	179	1	37	19	500267	0	0	33	50.5	54	74.6	0	0	0	0	3	0
2372226	2575514673	191	1	37	21	222629	220191	1	42.1	27.6	46.7	32.2	0	79	131	0	3	0
2372226	2575514689	191	1	37	22	220191	222629	1	46.7	32.2	42.3	13.1	0	79	131	0	0	0
2372226	2575514715	191	1	37	24	222629	169813	100	42.5	13.1	52.9	14.4	0	79	131	0	0	0
2372226	2575514737	179	1	37	27	103953	0	0	52.6	71.9	61.8	63.9	0	80	132	0	0	0
2372226	2575514983	179	1	37	53	52538	34703	1	64.1	59.8	60.7	75.4	0	80	133	0	0	5
2372226	2575520207	179	1	37	58	62974	34703	1	67.8	80.6	63.5	93.3	0	80	134	0	0	0
2372226	2575514993	179	1	38	0	34703	72154	1	65.1	93.2	39.9	71.1	0	80	134	0	0	0
2372226	2575515041	179	1	38	3	72154	500267	1	42.9	70.2	42.7	31.4	0	80	134	0	0	0
2372226	2575515069	179	1	38	7	500267	72154	1	44.1	32.8	36.6	53.7	0	80	134	0	0	0
2372226	2575515109	179	1	38	11	72154	500267	1	34.7	54.3	40.5	28	0	80	134	0	0	0
2372226	2575515147	179	1	38	15	500267	120026	1	36.3	37.1	18.5	48.4	0	80	134	0	0	0
2372226	2575515169	179	1	38	20	120026	0	0	18.5	53.6	64.8	44.8	0	80	134	0	0	0
2372226	2575515171	191	1	38	23	490239	0	1	32.7	60.6	46.5	58.4	0	81	135	0	3	0
2372226	2575515185	191	1	38	24	208135	220191	1	46.3	57.7	60.7	34.2	0	81	135	0	0	0
2372226	2575515203	191	1	38	28	220191	222629	1	65.1	33.9	72.6	16.2	0	81	135	0	0	0
2372226	2575515209	191	1	38	31	222629	0	0	80.9	16.1	95.9	46.3	0	81	135	2	0	0
2372226	2575515291	179	1	38	37	120026	234991	1	17	59	87.8	85.2	0	82	136	0	0	0
2372226	2575515459	191	1	39	11	449027	0	0	4.7	39.6	53.3	21.7	0	83	137	0	0	0
2372226	2575515477	179	1	39	14	34703	0	0	47.1	84.8	60.2	101.6	0	0	0	0	3	0
2372226	2575515551	191	1	39	27	222629	220191	1	38.4	0	37.4	11.6	0	83	138	0	0	0
2372226	2575515559	191	1	39	28	220191	222629	1	37.3	11.7	36.1	2.6	0	83	138	0	0	0
2372226	2575515563	191	1	39	28	222629	0	0	36.1	2.6	39.1	30.7	0	83	138	0	0	0
2372226	2575515581	179	1	39	30	121117	0	0	57.7	73.7	66.1	81.9	0	0	0	0	3	0
2372226	2575515609	191	1	39	31	222629	493072	1	26.2	22.7	46.3	53.3	0	83	139	0	0	0
2372226	2575515639	191	1	39	34	493072	247636	1	46.3	53.3	46.9	31.5	0	83	139	0	0	0
2372226	2575515661	191	1	39	38	247636	493072	1	48.4	43.3	56.1	61.5	0	83	139	0	0	0
2372226	2575515689	191	1	39	42	493072	132105	1	67.5	70.5	93.6	80.2	0	83	139	0	0	0
2372226	2575515699	191	1	39	44	132105	0	0	93.6	80.3	91.6	69.1	0	83	139	2	0	0
2372226	2575515965	191	1	40	27	220191	493072	1	99.5	99.5	95.6	80.8	0	83	140	0	0	6
2372226	2575515969	191	1	40	28	493072	220191	1	95.6	80.8	89.7	93.9	0	83	140	0	0	0
2372226	2575515981	191	1	40	30	220191	247636	1	88.2	93.2	72.9	74.5	0	83	140	0	0	0
2372226	2575515997	191	1	40	32	247636	439716	1	72.4	72.3	95.5	31.9	0	83	140	0	0	0
2372226	2575516137	179	1	41	2	120026	0	0	4.6	55.7	57.1	55.9	0	84	141	0	0	0
2372226	2575516165	191	1	41	5	208135	222629	1	43.7	43.4	33.4	27	0	85	142	0	3	0
2372226	2575516167	191	1	41	8	222629	0	0	33.4	27	41.2	30.3	0	85	142	0	0	0
2372226	2575516187	179	1	41	9	34703	0	0	59.9	74.7	69.2	77.4	0	86	143	0	0	0
2372226	2575516201	191	1	41	10	222629	0	1	29.6	26.8	34.5	30.9	0	87	144	0	3	0
2372226	2575516231	191	1	41	11	220191	0	1	34.5	30.9	37.7	12.8	0	87	144	0	0	0
2372226	2575516389	191	1	41	41	158074	0	0	38.8	12	73	43	0	87	145	0	0	5
2372226	2575516393	179	1	41	44	500267	0	1	26.1	54.4	30.6	56.4	0	88	146	0	3	0
2372226	2575516399	179	1	41	45	34703	0	0	31.1	56.6	55.7	51.2	0	88	146	0	0	0
2372226	2575516427	191	1	41	48	490239	0	0	44.3	52.8	59.3	101.4	0	0	0	0	3	0
2372226	2575516461	179	1	41	57	17740	500267	1	44.5	0	28.7	14.6	0	88	147	0	0	0
2372226	2575516491	179	1	42	0	500267	72154	1	29	15.7	28.4	59.3	0	88	147	0	0	0
2372226	2575516503	179	1	42	6	72154	169813	1	35.9	72.8	34.4	92.9	0	88	147	0	0	0
2372226	2575516525	179	1	42	7	169813	0	0	34.4	93.9	71.3	81.8	0	88	147	0	0	0
2372226	2575516543	191	1	42	12	158074	0	0	24	15.5	46.3	-1.1	0	89	148	0	0	0
2372226	2575516607	179	1	42	23	169813	52538	1	51.3	100	63	63	0	90	149	0	0	0
2372226	2575516617	179	1	42	26	52538	234991	1	63	63	74.1	65.1	0	90	149	0	0	0
2372226	2575516633	191	1	42	29	493072	247636	1	28.5	33.1	32.2	31.8	0	91	150	0	0	0
2372226	2575516637	191	1	42	30	247636	220191	1	32.2	31.8	27.5	28.3	0	91	150	0	0	0
2372226	2575516663	191	1	42	32	493072	0	0	28.9	33.9	13.4	-0.8	0	91	151	0	0	0
2372226	2575516815	179	1	42	53	169813	52538	1	81.1	100	91.7	72.2	0	92	152	0	0	0
2372226	2575516823	179	1	42	55	52538	0	0	91.7	72.3	92.8	66.3	0	92	152	0	3	0
2372226	2575516941	191	1	43	10	449027	158074	1	5	50.9	9.9	35.2	0	93	153	0	0	0
2372226	2575516953	191	1	43	13	158074	208135	1	20.6	32.8	32.9	62	0	93	153	0	0	0
2372226	2575516955	191	1	43	15	208135	0	0	33.5	61.4	32.3	63.5	0	93	153	0	0	0
2372226	2575516985	179	1	43	17	52538	103953	1	64.4	40.3	70.7	55.5	0	94	154	0	0	0
2372226	2575517001	179	1	43	18	103953	34703	1	66	55.7	65.4	67	0	94	154	0	0	0
2372226	2575517169	191	1	43	42	222629	208135	1	10.1	0	20.9	26	0	95	155	0	0	0
2372226	2575517445	191	1	43	43	208135	0	0	19.4	25.8	27.2	9.8	0	95	155	0	3	0
2372226	2575517163	179	1	43	47	169813	0	1	70.4	82.4	77	91.1	0	96	156	0	3	0
2372226	2575517179	179	1	43	49	34703	0	0	80.2	96.3	80.2	93.9	0	96	156	0	0	0
2372226	2575517317	179	1	44	6	169813	0	0	79.9	100	79.1	61.8	0	96	157	0	0	0
2372226	2575517967	191	1	45	59	158074	0	0	37.6	26.8	70.5	101.4	0	97	158	0	0	5
2372226	2575518099	179	1	46	19	17740	52538	1	19	0	24	6.5	0	98	159	0	0	0
2372226	2575520423	179	1	46	22	17740	0	0	21.4	3.7	48	12.4	0	98	160	0	0	0
2372226	2575518117	191	1	46	26	490239	208135	1	51.3	89.8	58.3	87.6	0	0	0	0	3	0
2372226	2575518137	191	1	46	28	220191	500267	100	55.1	85	63.8	85.3	0	99	161	0	0	0
2372226	2575518163	191	1	46	32	493072	34703	100	57.5	90.3	62.8	73	0	99	162	0	0	0
2372226	2575518201	179	1	46	35	52538	72154	1	36	29	25.5	47.6	0	100	163	0	0	0
2372226	2575518237	179	1	46	38	72154	169813	1	26.5	55.8	48.4	89.9	0	100	163	0	0	0
2372226	2575518277	179	1	46	43	169813	0	1	56.5	95.9	95.8	70.8	0	100	163	0	0	0
2372226	2575518533	191	1	47	37	449027	0	0	4.5	45.2	55.1	14.1	0	101	164	0	0	0
2372226	2575518551	179	1	47	40	34703	0	0	43.9	84.9	54.2	70.1	0	0	0	0	3	0
2372226	2575518567	191	1	47	42	208135	439716	1	47.3	30.4	55.5	24.7	0	101	165	0	3	0
2372226	2575518601	191	1	47	43	439716	0	1	55.5	24.7	61	10.9	0	101	165	0	3	0
2372226	2575518781	191	1	48	20	222629	220191	1	90.6	0	84.7	10	0	101	166	0	0	0
2372226	2575518785	191	1	48	22	220191	0	0	84.7	10	92.2	9.1	0	101	166	0	0	0
2372226	2575518809	179	1	48	23	169813	0	0	11.1	92.1	45.3	86.4	0	102	167	0	0	0
2372226	2575518827	191	1	48	27	490239	0	0	56.9	16.5	95.2	-1.6	0	103	168	0	0	0
2372226	2575518895	179	1	48	37	169813	103953	1	16.2	100	25.7	91.4	0	104	169	0	0	0
2372226	2575518899	179	1	48	38	103953	169813	1	25.7	91.4	19.4	97.5	0	104	169	0	0	0
2372226	2575518935	179	1	48	39	169813	0	0	19.4	97.5	47.9	82.4	0	104	169	0	0	0
2372226	2575518939	191	1	48	41	208135	247636	1	53.6	23	60.2	25.2	0	105	170	0	3	0
2372226	2575518951	191	1	48	42	247636	439716	1	59.5	24.8	67.2	25.8	0	105	170	0	3	0
2372226	2575518987	179	1	48	47	34703	169813	1	36.3	84.6	30	86.6	0	106	172	0	0	0
2372226	2575518995	179	1	48	50	169813	500267	1	30.1	86.4	22.6	42.1	0	106	172	0	0	0
2372226	2575519007	179	1	48	51	500267	0	0	22.5	41.9	18.7	-1.7	0	106	172	0	0	0
2372226	2575522513	179	2	45	0	103953	72154	1	50.3	50.1	30.7	62	0	107	173	0	0	0
2372226	2575522543	179	2	45	3	72154	0	0	31.9	58.7	71.4	12.5	0	107	173	0	0	0
2372226	2575522555	191	2	45	6	208135	0	1	27.1	84.5	35.3	91.1	0	108	174	0	3	0
2372226	2575522575	179	2	45	9	17740	0	0	52.7	7.1	59.7	19	0	109	175	0	0	0
2372226	2575522579	191	2	45	11	208135	247636	1	41.3	83.7	46.2	69.7	0	110	176	0	3	0
2372226	2575522587	191	2	45	13	247636	208135	1	46.2	69.7	41	74.1	0	110	176	0	0	0
2372226	2575522591	191	2	45	14	208135	132105	1	41	75.1	32.3	90.3	0	110	176	0	0	0
2372226	2575522595	191	2	45	15	132105	500267	100	32.3	90.3	69.4	88	0	110	176	0	0	0
2372226	2575522653	191	2	45	33	132105	0	1	61	100	69.7	94.1	0	110	177	0	0	0
2372226	2575522797	191	2	46	23	220191	0	0	68.7	95.1	95.8	47.8	0	110	178	2	0	5
2372226	2575522835	179	2	46	30	120026	169813	1	14	58.5	22.8	86.7	0	111	179	0	0	0
2372226	2575522857	179	2	46	34	169813	62974	1	36.8	87.9	98.3	91.1	0	111	179	0	0	0
2372226	2575523023	191	2	47	18	449027	0	0	20.9	19.5	60.4	-1.1	0	112	181	0	0	5
2372226	2575523065	179	2	47	30	169813	34703	1	52.2	100	73.6	96.6	0	113	182	0	0	0
2372226	2575523073	179	2	47	35	34703	234991	1	87.5	96.8	85.2	49.1	0	113	182	2	0	0
2372226	2575523161	191	2	47	49	449027	490239	1	4.2	58.5	20.1	86	0	114	183	0	0	0
2372226	2575523165	191	2	47	53	490239	0	0	20.3	86.2	74.9	76.1	0	114	183	0	0	0
2372226	2575523205	179	2	47	59	72154	0	0	18.5	33.5	46.9	31.7	0	115	184	0	0	0
2372226	2575523225	179	2	48	5	234991	103953	1	60.1	22.4	45.7	16.4	0	115	185	0	0	0
2372226	2575523239	179	2	48	7	103953	121117	1	52.9	15.2	60	4.3	0	115	185	0	0	0
2372226	2575523253	179	2	48	11	121117	103953	1	66.3	3.5	71.3	0.8	0	115	185	0	0	0
2372226	2575523261	179	2	48	13	103953	17740	1	65.1	4.4	54.3	10	0	115	185	0	0	0
2372226	2575523295	179	2	48	16	17740	72154	1	54.3	10	42.1	55.1	0	115	185	0	0	0
2372226	2575523311	179	2	48	21	72154	62974	1	54.8	68.6	63	71.3	0	115	185	0	0	0
2372226	2575523469	191	2	48	49	208135	466057	1	38.2	47	60.4	5.2	0	116	186	0	0	5
2372226	2575523473	191	2	48	51	466057	220191	1	60.4	5.2	56.8	11.6	0	116	186	0	0	0
2372226	2575523481	191	2	48	52	220191	222629	1	56.7	11.6	43.3	8.2	0	116	186	0	0	0
2372226	2575523489	191	2	48	53	222629	490239	1	43.2	8.2	33.6	60	0	116	186	0	0	0
2372226	2575523493	191	2	48	57	490239	208135	1	33.5	60	46.5	51.8	0	116	186	0	0	0
2372226	2575523505	191	2	48	58	208135	132105	1	46.5	51.8	45.6	74.7	0	116	186	0	0	0
2372226	2575523515	191	2	49	2	132105	493072	1	60.3	92.7	69.9	77.8	0	116	186	0	0	0
2372226	2575523517	191	2	49	5	493072	208135	1	67.7	82.9	59.1	75.4	0	116	186	0	0	0
2372226	2575523519	191	2	49	6	208135	493072	1	59	75.6	59.1	86.3	0	116	186	0	0	0
2372226	2575523553	191	2	49	7	493072	490239	1	59.1	86.3	36.8	76	0	116	186	0	0	0
2372226	2575523567	191	2	49	12	490239	158074	1	38.5	76	29.7	53.3	0	116	186	0	0	0
2372226	2575523573	191	2	49	16	158074	220191	1	32.2	46.6	40.8	55.8	0	116	186	0	0	0
2372226	2575523581	191	2	49	17	220191	490239	1	40.6	57.5	31.8	76.9	0	116	186	0	0	0
2372226	2575523583	191	2	49	21	490239	0	0	35.8	86.1	67.1	101.6	0	116	186	0	0	0
2372226	2575523605	179	2	49	28	17740	52538	1	32.5	0	32.1	21.8	0	117	187	0	0	0
2372226	2575523613	179	2	49	32	52538	500267	1	32	23.3	21.6	28.7	0	117	187	0	0	0
2372226	2575523615	179	2	49	33	500267	72154	1	23.8	28.3	23.5	63.3	0	117	187	0	0	0
2372226	2575523619	179	2	49	37	72154	169813	1	29.6	71.9	36.3	86.3	0	117	187	0	0	0
2372226	2575523627	179	2	49	39	169813	72154	1	36.5	85.8	29	70.4	0	117	187	0	0	0
2372226	2575523629	179	2	49	42	72154	500267	1	28.8	68	27.6	35.3	0	117	187	0	0	0
2372226	2575523643	179	2	49	44	500267	120026	1	26.5	34.3	9	50.1	0	117	187	0	0	0
2372226	2575523651	179	2	49	48	120026	0	0	11.2	51.9	57.4	83.3	0	117	187	0	0	0
2372226	2575523659	179	2	49	54	34703	169813	1	52.2	82.5	45.7	83.4	0	117	188	0	0	0
2372226	2575523661	179	2	49	57	169813	34703	1	46.3	83.6	57.9	95.7	0	117	188	0	0	0
2372226	2575523701	179	2	50	1	34703	169813	1	56.3	100	91.4	95.7	0	117	189	0	0	0
2372226	2575523707	179	2	50	8	169813	234991	1	97.6	96	91.4	53.4	0	117	190	2	0	0
2372226	2575523787	179	2	50	39	34703	0	0	99.5	99.5	92.9	55.2	0	117	191	2	0	6
2372226	2575523803	179	2	50	42	103953	0	0	78.5	37.6	82.1	53.3	0	117	0	0	3	0
2372226	2575523815	191	2	50	44	439716	0	0	19.1	50.5	25.4	63.3	0	0	0	0	3	0
2372226	2575523819	179	2	50	45	17740	62974	1	74.6	35.5	76.9	44.6	0	117	192	0	0	0
2372226	2575523831	179	2	50	47	62974	17740	1	76.9	44.6	84.1	16.7	0	117	192	0	0	0
2372226	2575523857	179	2	50	49	17740	0	0	82.9	16.5	92.3	54.2	0	117	192	2	0	0
2372226	2575523865	179	2	50	52	34703	0	0	96	72.1	95.7	50.7	0	117	193	2	0	0
2372226	2575523883	179	2	50	58	34703	0	0	91.6	86.8	91.7	85.9	0	117	194	2	0	0
2372226	2575523905	179	2	51	3	34703	169813	1	88.7	100	79.3	93.3	0	117	195	0	0	0
2372226	2575523911	179	2	51	4	169813	34703	1	79.3	93.3	84.8	96	0	117	195	0	3	0
2372226	2575523937	179	2	51	5	34703	169813	1	84.9	96	88.7	93.6	0	117	195	0	0	0
2372226	2575524007	179	2	51	34	169813	0	0	99.5	99.5	91	54.6	0	117	196	2	0	6
2372226	2575524041	179	2	51	42	72154	169813	1	62.2	100	73.6	96.9	0	117	197	0	0	0
2372226	2575524045	179	2	51	44	169813	72154	1	73.6	96.9	63.5	94.5	0	117	197	0	0	0
2372226	2575524055	179	2	51	46	72154	0	0	61.5	94.7	90.4	53.6	0	117	197	2	0	0
2372226	2575524115	191	2	52	0	449027	158074	1	4.6	48.5	8.4	33.6	0	118	198	0	0	0
2372226	2575524119	191	2	52	4	158074	0	0	10.5	33.1	44.4	16.1	0	118	198	0	0	0
2372226	2575524169	179	2	52	7	169813	62974	1	54.9	88.4	98	94.5	0	0	0	0	3	0
2372226	2575524199	191	2	52	22	158074	247636	1	4.8	7.7	22.1	4.3	0	118	199	0	0	5
2372226	2575524203	191	2	52	25	247636	0	0	24.1	4	54.7	8.5	0	118	199	0	0	0
2372226	2575524207	179	2	52	28	72154	0	0	46.3	93.6	63.5	89.6	0	0	0	0	3	0
2372226	2575524217	191	2	52	32	247636	0	0	39.5	27.4	41	29.4	0	118	200	0	0	0
2372226	2575524333	179	2	53	2	34703	52538	1	60.8	82.5	64.1	70.2	0	119	201	0	0	5
2372226	2575524341	179	2	53	3	52538	34703	1	64.1	70.4	64.2	86.3	0	119	201	0	0	0
2372226	2575524343	179	2	53	7	34703	0	0	64	90.8	66.5	90.3	0	119	201	0	0	0
2372226	2575524463	191	2	53	30	222629	439716	1	30.6	0	54.4	9.4	0	120	203	0	0	0
2372226	2575524469	191	2	53	32	439716	0	0	54.4	9.4	68.5	14.9	0	120	203	0	3	0
2372226	2575524483	179	2	53	33	500267	120026	1	36.6	84.1	7.2	66.3	0	121	204	0	0	0
2372226	2575524493	179	2	53	36	120026	0	0	8	65.6	55.7	70.7	0	121	204	0	0	0
2372226	2575586215	191	2	53	39	208135	0	1	44.4	18.5	55.2	44.4	0	122	205	0	3	0
2372226	2575524519	191	2	53	42	220191	0	1	53.6	40.7	61.8	38.8	0	122	205	0	0	0
2372226	2575524629	191	2	54	20	220191	0	0	66.7	32.6	90.9	58.7	0	122	206	0	0	5
2372226	2575524655	179	2	54	31	120026	500267	1	14.6	46.7	18.8	36.1	0	123	207	0	0	0
2372226	2575524683	179	2	54	32	500267	34703	1	19.4	37.1	29.7	60.6	0	123	207	0	0	0
2372226	2575524697	179	2	54	38	34703	500267	1	35.9	58.5	29.9	36.7	0	123	207	0	0	0
2372226	2575524705	179	2	54	41	500267	17740	1	36.8	28.9	46.4	4.7	0	123	207	0	0	0
2372226	2575524711	179	2	54	44	17740	52538	1	46.3	15.2	42.5	30.2	0	123	207	0	0	0
2372226	2575524731	179	2	54	46	500267	17740	1	32.8	9.9	40	14.3	0	123	208	0	0	0
2372226	2575524747	179	2	54	51	17740	52538	1	44.4	8.2	34.6	35.2	0	123	208	0	0	0
2372226	2575524761	179	2	54	53	52538	72154	1	35.9	38.9	32.4	73.4	0	123	208	0	0	0
2372226	2575524773	179	2	54	56	72154	169813	1	33.5	75.3	46	95.3	0	123	208	0	0	0
2372226	2575524781	179	2	54	59	169813	222629	100	50.9	97.1	63.2	95.3	0	123	208	0	0	0
2372226	2575524795	191	2	55	1	222629	247636	1	37.1	3.1	52.3	13.5	0	124	209	0	0	0
2372226	2575524807	191	2	55	3	247636	220191	1	52.3	13.5	45	22.7	0	124	209	0	0	0
2372226	2575524815	191	2	55	5	220191	208135	1	47.3	36.9	53.6	54.3	0	124	209	0	0	0
2372226	2575524839	191	2	55	6	208135	493072	1	53.7	54.3	65.2	82	0	124	209	0	0	0
2372226	2575524853	191	2	55	11	493072	132105	1	77.5	72.7	96.5	81.1	0	124	209	0	0	0
2372226	2575524867	191	2	55	14	132105	466057	1	96.5	81.1	86.2	27.4	0	124	209	2	0	0
2372226	2575524875	191	2	55	17	466057	0	0	86.2	27.4	96.1	38.9	0	124	209	0	3	0
2372226	2575525123	179	2	56	15	120026	121117	1	4.8	49.7	60.4	93.9	0	125	211	0	0	0
2372226	2575525135	191	2	56	22	220191	0	0	41.8	20.1	69.6	26.7	0	126	212	0	0	0
2372226	2575525143	179	2	56	25	500267	72154	1	28.1	74.3	32.5	73.7	0	127	213	0	0	0
2372226	2575525181	179	2	56	25	72154	0	0	32.6	76.5	30	75	0	127	213	0	0	0
2372226	2575525213	179	2	56	35	72154	34703	1	31.7	74.7	39.9	95.9	0	127	214	0	0	5
2372226	2575525245	179	2	56	41	34703	500267	1	39.5	93.8	30.4	54.8	0	127	214	0	0	0
2372226	2575525255	179	2	56	46	500267	17740	1	32.4	40.3	37.2	11.8	0	127	214	0	0	0
2372226	2575525287	179	2	56	50	17740	72154	1	38.8	13.7	31.6	72.5	0	127	214	0	0	0
2372226	2575525301	179	2	56	53	72154	34703	1	31.2	72.9	38.9	84	0	127	214	0	0	0
2372226	2575525309	179	2	57	0	34703	72154	1	46	75.3	37.2	65.6	0	127	214	0	0	0
2372226	2575525311	179	2	57	3	72154	52538	1	37.1	64.2	41.1	56.9	0	127	214	0	0	0
2372226	2575525323	179	2	57	4	52538	72154	1	41	57.6	38.2	74.1	0	127	214	0	0	0
2372226	2575525329	179	2	57	8	72154	121117	1	46.7	81	56	97.4	0	127	214	0	0	0
2372226	2575525353	179	2	57	9	121117	169813	1	55.7	97.4	82.9	79.5	0	127	214	0	0	0
2372226	2575529279	179	2	57	13	169813	0	0	90.7	71.3	88	54.2	0	127	214	0	0	0
2372226	2575525405	179	2	57	20	121117	34703	1	83.6	100	80.6	94.1	0	127	215	0	0	0
2372226	2575525413	179	2	57	21	34703	121117	1	80.6	94.1	81.9	98.1	0	127	215	0	0	0
2372226	2575525419	179	2	57	24	121117	0	0	82.1	97.5	91.5	42.2	0	127	215	2	0	0
2372226	2575525469	191	2	57	32	439716	493072	1	36	50	58	69.9	0	128	216	0	0	0
2372226	2575525487	191	2	57	40	493072	439716	1	81.9	63.6	95.7	67.8	0	128	216	0	0	0
2372226	2575525507	179	2	57	45	120026	169813	1	14.3	57.8	36.5	83.1	0	129	217	0	0	0
2372226	2575525515	179	2	57	49	169813	121117	1	36.5	83.1	68.6	84.8	0	129	217	0	0	0
2372226	2575525521	179	2	57	55	121117	158074	100	86.1	79.8	79.7	63.3	0	129	217	0	0	0
2372226	2575526809	191	2	58	0	158074	0	0	26.9	31.2	28.6	26.4	0	130	218	0	0	0
2372226	2575525675	191	2	58	41	158074	220191	1	33.8	28.2	40.8	28.5	0	130	219	0	0	0
2372226	2575525681	191	2	58	42	220191	222629	1	40.8	28.5	32.1	6.4	0	130	219	0	0	0
2372226	2575525683	191	2	58	43	222629	0	0	32.1	6.4	39	8.2	0	130	219	0	0	0
2372226	2575525689	179	2	58	44	34703	121117	1	58.3	91.8	64.1	92.4	0	131	220	0	0	0
2372226	2575525695	179	2	58	45	121117	115860	1	64.5	92.4	66.3	86.9	0	131	220	0	0	0
2372226	2575525715	191	2	58	48	222629	208135	1	34	14.9	34.5	37.9	0	132	221	0	0	0
2372226	2575525731	191	2	58	50	208135	220191	1	34.6	37.9	29.4	28	0	132	221	0	0	0
2372226	2575525759	191	2	58	55	220191	490239	1	29.1	33	22.5	63	0	132	221	0	0	0
2372226	2575525777	191	2	59	0	490239	132105	1	25.7	68.5	28.3	92.3	0	132	221	0	0	0
2372226	2575525789	191	2	59	5	132105	220191	1	32.9	88	35.6	58.4	0	132	221	0	0	0
2372226	2575525801	191	2	59	8	220191	247636	1	35.3	53.1	54.5	23.9	0	132	221	0	0	0
2372226	2575525815	191	2	59	12	247636	466057	1	62.8	21	77.8	4.3	0	132	221	0	0	0
2372226	2575525833	191	2	59	17	466057	247636	1	84.2	25	90.8	32.8	0	132	221	0	0	0
2372226	2575525845	191	2	59	22	247636	208135	1	93.7	31.4	88	46.8	0	132	221	0	0	0
2372226	2575526223	179	2	61	3	234991	34703	1	50.1	50	43.4	64.7	0	133	222	0	0	0
2372226	2575526237	179	2	61	5	34703	169813	1	43	64.7	39.5	88.1	0	133	222	0	0	0
2372226	2575526251	179	2	61	7	169813	72154	1	39.5	88.1	29.4	65.6	0	133	222	0	0	0
2372226	2575526255	179	2	61	10	72154	120026	1	29.4	63.9	6.3	54	0	133	222	0	0	0
2372226	2575526267	179	2	61	12	120026	234991	1	6.3	54	55.6	57.5	0	133	222	0	0	0
2372226	2575526387	179	2	61	16	234991	0	1	56	64.3	40.5	51.1	0	133	222	0	3	0
2372226	2575526289	179	2	61	19	52538	17740	1	43.3	46.2	36.5	30.7	0	133	222	0	0	0
2372226	2575526409	191	2	61	55	449027	0	0	22.4	79.1	76.5	77	0	134	223	0	0	5
2372226	2575526417	179	2	61	58	500267	0	0	26.5	27.8	40.4	32.3	0	0	0	0	3	0
2372226	2575526423	191	2	62	1	208135	439716	1	63.6	70.9	73.2	77.3	0	134	0	0	3	0
2372226	2575526427	191	2	62	6	546540	439716	1	78.8	74.4	82.4	53.1	0	134	224	0	0	0
2372226	2575526437	179	2	62	10	34703	0	0	17.9	49.9	26.3	11	0	135	225	0	0	0
2372226	2575526445	191	2	62	12	132105	546540	1	68.8	90.2	73.8	71.1	0	136	226	0	3	0
2372226	2575526455	191	2	62	14	546540	0	1	74	70.8	72	73.3	0	136	226	0	0	0
2372226	2575526461	191	2	62	14	493072	546540	1	72	73.3	76.8	72.6	0	136	226	0	0	0
2372226	2575526471	179	2	62	17	34703	115860	1	25.3	32.3	33.1	8.8	0	137	227	0	0	0
2372226	2575526489	191	2	62	21	220191	0	1	59.2	92.6	64.7	70	0	138	228	0	0	0
2372226	2575526495	191	2	62	26	546540	222629	1	66.2	54.6	73.7	20.9	0	138	228	0	0	0
2372226	2575526501	191	2	62	30	222629	546540	1	74.4	21	73.8	27.4	0	138	228	0	0	0
2372226	2575526507	191	2	62	31	546540	0	0	73.8	27.4	81.2	24.1	0	138	228	0	0	0
2372226	2575526529	179	2	62	33	169813	115860	1	21.9	82.2	46.2	79.7	0	139	229	0	0	0
2372226	2575526533	179	2	62	35	115860	34703	1	46.2	79.7	40.9	83	0	139	229	0	0	0
2372226	2575526541	179	2	62	37	34703	115860	1	42.5	85.2	58.7	90.6	0	139	229	0	0	0
2372226	2575526551	179	2	62	39	115860	34703	1	59	91.1	55.2	85.5	0	139	229	0	0	0
2372226	2575526567	179	2	62	41	34703	115860	1	54.9	87.2	56.8	94.5	0	139	229	0	0	0
2372226	2575526579	179	2	62	45	115860	52538	1	52.7	75.6	49.7	59.6	0	139	229	0	0	0
2372226	2575526593	179	2	62	51	52538	169813	1	60.6	43.3	57.6	84.9	0	139	229	0	0	0
2372226	2575526609	179	2	62	55	169813	34703	1	57.1	85.5	77.6	77.9	0	139	229	0	0	0
2372226	2575526615	179	2	63	0	34703	0	0	91.4	89	98	54	0	139	229	2	0	0
2372226	2575527859	191	2	64	45	449027	467005	1	12.6	55.7	64.7	83.5	0	140	231	0	0	0
2372226	2575527003	179	2	64	53	103953	0	0	44.4	4	46.7	4	0	141	232	0	0	0
2372226	2575527027	179	2	64	58	103953	115860	1	35.8	0	77.1	4.1	0	141	233	0	0	0
2372226	2575527031	179	2	65	0	115860	0	0	78.9	4.9	90	23.9	0	141	233	0	0	0
2372226	2575527049	179	2	65	9	115860	17740	1	84	0	72.8	10.3	0	141	234	0	0	0
2372226	2575527055	179	2	65	12	17740	500267	1	68	14.2	54.3	24.8	0	141	234	0	0	0
2372226	2575527073	179	2	65	14	500267	72154	1	55.3	27	46.2	57.7	0	141	234	0	0	0
2372226	2575527085	179	2	65	17	72154	169813	1	48.7	59.4	56.6	93.2	0	141	234	0	0	0
2372226	2575527087	179	2	65	21	169813	0	0	55	95.7	57.4	95.4	0	141	234	0	0	0
2372226	2575527143	179	2	65	29	169813	121117	1	67	100	78.9	97.1	0	141	235	0	0	0
2372226	2575527151	179	2	65	35	121117	0	0	64.9	72.9	77.4	21.4	0	141	235	0	0	0
2372226	2575527187	179	2	65	47	17740	500267	1	73.3	0	53.4	11.3	0	141	236	0	0	0
2372226	2575527197	179	2	65	50	500267	52538	1	53.3	11.5	64.3	26.9	0	141	236	0	0	0
2372226	2575527213	179	2	65	55	52538	500267	1	55.6	36.1	39.2	19.4	0	141	236	0	0	0
2372226	2575527225	179	2	65	58	500267	0	0	39.6	19.4	69.2	17.6	0	141	236	0	0	0
2372226	2575527259	191	2	65	59	132105	208135	1	27.6	80.6	37.7	75	0	142	237	0	0	0
2372226	2575527265	191	2	66	2	208135	439716	1	39.2	75.1	58.8	64.6	0	142	237	0	0	0
2372226	2575527281	191	2	66	4	439716	220191	1	58.5	64	46.4	48.5	0	142	237	0	0	0
2372226	2575527301	191	2	66	8	220191	222629	1	54.6	29.5	61.2	8.8	0	142	237	0	0	0
2372226	2575527309	191	2	66	12	222629	439716	1	65	6.8	70.1	25.8	0	142	237	0	0	0
2372226	2575527321	191	2	66	14	439716	220191	1	70	25.3	62.5	25.2	0	142	237	0	0	0
2372226	2575527329	191	2	66	15	220191	208135	1	67.7	26.4	63.7	59.1	0	142	237	0	0	0
2372226	2575527345	191	2	66	18	208135	467005	1	63.9	59.1	72.8	64.2	0	142	237	0	0	0
2372226	2575527355	191	2	66	19	467005	132105	1	73.6	64.5	75.2	87.2	0	142	237	0	0	0
2372226	2575527367	191	2	66	22	132105	439716	1	75.8	86.8	87.9	54.9	0	142	237	2	0	0
2372226	2575527397	179	2	66	26	72154	34703	1	11.7	48.7	17.1	53.6	0	143	238	0	0	0
2372226	2575527439	179	2	66	28	34703	0	1	18.7	55.3	32.6	85.9	0	143	238	0	0	0
2372226	2575527497	179	2	66	46	72154	500267	1	35.5	74.6	29.8	35.1	0	143	239	0	0	5
2372226	2575531521	179	2	66	48	500267	17740	1	28.7	29.3	41.1	6.7	0	143	239	0	0	0
2372226	2575527507	179	2	66	50	17740	0	0	41	7.1	85.2	36.8	0	143	239	0	0	0
2372226	2575527527	191	2	66	57	132105	0	0	19.4	90.2	32.1	71.8	0	144	240	0	0	0
2372226	2575527533	179	2	66	59	52538	115860	1	67.2	26	73.6	16	0	145	241	0	0	0
2372226	2575527553	179	2	67	0	115860	103953	1	74.1	15.8	83.5	5.5	0	145	241	0	0	0
2372226	2575527559	179	2	67	4	103953	0	0	92.7	7.9	93.2	14.3	0	145	241	2	0	0
2372226	2575527605	179	2	67	15	103953	34703	1	99.5	0.5	91.3	10.1	0	145	242	0	0	6
2372226	2575527613	179	2	67	17	34703	103953	1	91.1	10.1	84.4	10.6	0	145	242	0	0	0
2372226	2575527621	179	2	67	18	103953	0	0	83.6	11.9	90.2	55.1	0	145	242	2	0	0
2372226	2575527665	179	2	67	23	72154	169813	1	62	59.4	70.1	88.1	0	145	243	0	3	0
2372226	2575527671	179	2	67	31	169813	0	0	80.6	96.2	93	51	0	145	243	2	0	0
2372226	2575527703	179	2	67	39	169813	0	0	80.6	97.3	93.3	53.9	0	145	244	2	0	0
2372226	2575527729	191	2	67	43	546540	220191	1	21.3	24	11.9	13.2	0	146	245	0	0	0
2372226	2575527733	191	2	67	44	220191	0	0	11.9	13.2	31.8	18.3	0	146	245	0	0	0
2372226	2575527749	179	2	67	47	52538	0	0	68.7	84.5	69.2	52.8	0	147	246	0	0	0
2372226	2575527757	191	2	67	49	467005	208135	1	29	46.6	25.3	39.7	0	148	247	0	0	0
2372226	2575527763	191	2	67	50	208135	467005	1	25.9	41.8	31.7	59.3	0	148	247	0	0	0
2372226	2575527773	191	2	67	52	467005	0	0	31.7	59.3	53.1	54.6	0	148	247	0	0	0
2372226	2575527791	179	2	67	54	72154	17740	1	47.3	46.4	39.1	33.1	0	149	248	0	0	0
2372226	2575527801	179	2	67	58	17740	0	0	40.5	29.9	66.1	-1.4	0	149	248	0	0	0
2372226	2575527991	191	2	68	41	132105	467005	1	32.1	100	46.4	90.6	0	150	249	0	0	0
2372226	2575528001	191	2	68	43	467005	0	0	43.9	89.8	45.3	88.8	0	150	249	0	3	0
2372226	2575527999	179	2	68	44	115860	0	0	60.4	25.6	72.1	27.2	0	0	0	0	3	0
2372226	2575528011	191	2	68	45	490239	0	0	28.2	70.7	32.3	77.5	0	0	0	0	3	0
2372226	2575528035	179	2	68	50	115860	103953	1	77.3	13.3	74.8	6.4	0	151	250	0	0	0
2372226	2575528059	179	2	68	55	103953	234991	1	73.8	13.7	93.3	52.5	0	151	250	2	0	0
2372226	2575528251	191	2	70	25	546540	208135	1	50.1	50	43.3	54.2	0	152	251	0	0	0
2372226	2575528257	191	2	70	26	208135	132105	1	40.8	55.7	35.7	78.1	0	152	251	0	0	0
2372226	2575528265	191	2	70	29	132105	0	0	35.9	80	89.6	95.3	0	152	251	0	0	0
2372226	2575528283	179	2	70	36	494928	72154	1	7	6.2	20.1	48.7	0	153	252	0	0	0
2372226	2575528295	179	2	70	39	72154	0	0	19.9	48.7	28.2	25.6	0	153	252	0	3	0
2372226	2575528309	191	2	70	41	208135	0	1	73.4	66.6	85.9	65.8	0	154	253	0	3	0
2372226	2575528317	191	2	70	44	439716	0	0	84.7	67.6	85	69	0	154	253	0	0	0
2372226	2575528323	179	2	70	45	494928	115860	1	12.6	32.2	30	22.7	0	155	254	0	0	0
2372226	2575528335	179	2	70	47	115860	103953	1	30	22.7	37.2	7.6	0	155	254	0	0	0
2372226	2575528341	179	2	70	50	103953	0	0	44.4	5.6	59.6	7.3	0	155	254	0	0	0
2372226	2575528357	191	2	70	53	132105	158074	1	39.5	90.8	33.8	57.5	0	156	255	0	0	0
2372226	2575528365	191	2	70	59	158074	0	0	37.8	54.9	87.8	101	0	156	255	0	0	0
2372226	2575528437	179	2	71	8	494928	103953	1	16.7	0	28.8	4.3	0	157	256	0	0	0
2372226	2575528459	179	2	71	20	103953	234991	1	30.2	4.3	76.9	7.6	0	157	257	0	0	0
2372226	2575528517	191	2	71	42	220191	467005	1	19.4	94.8	27.9	92.4	0	158	259	0	0	0
2372226	2575528521	191	2	71	43	467005	0	1	27.9	92.4	23	83.6	0	158	259	0	0	0
2372226	2575528527	191	2	71	44	208135	439716	1	23	83.5	44.1	90.8	0	158	259	0	0	0
2372226	2575528531	191	2	71	46	439716	220191	1	44.1	90.8	40.2	89.4	0	158	259	0	0	0
2372226	2575528569	191	2	71	55	220191	158074	1	38.4	62.6	29	37.7	0	158	259	0	0	0
2372226	2575528581	191	2	72	1	158074	0	1	36.5	30.3	35.4	22.8	0	158	259	0	0	0
2372226	2575528939	191	2	73	56	158074	96767	1	35.8	31.3	32.4	11.3	0	158	260	0	0	0
2372226	2575528941	191	2	73	58	96767	121117	100	33.2	10.1	38	9.5	0	158	260	0	0	0
2372226	2575528973	179	2	74	1	34703	0	1	55.8	89.7	61.9	95.1	0	159	261	0	3	0
2372226	2575528983	179	2	74	3	121117	34703	1	61.9	95.1	56.1	96.6	0	159	261	0	0	0
2372226	2575528987	179	2	74	4	34703	0	0	56.1	96.6	59.9	97.1	0	159	261	0	0	0
2372226	2575529009	179	2	74	6	34703	0	0	59.5	100	96.3	87.2	0	159	262	0	0	0
2372226	2575529055	179	2	74	23	115860	121117	1	80.8	81.9	87.1	58.5	0	161	265	2	0	0
2372226	2575529073	179	2	74	28	121117	115860	1	98.7	70.2	87.7	97.4	0	161	266	0	0	0
2372226	2575529083	179	2	74	30	115860	169813	1	86.9	97.4	74.1	88.4	0	161	266	0	0	0
2372226	2575529501	191	2	77	3	449027	208135	1	5.1	59.9	40.7	71.2	0	162	267	0	0	0
2372226	2575529507	191	2	77	6	208135	439716	1	52.7	70.5	71.5	62.7	0	162	267	0	3	0
2372226	2575530363	191	2	77	7	439716	0	0	71.4	64.6	78.7	63	0	162	267	0	3	0
2372226	2575529521	179	2	77	8	500267	0	1	25.4	36.1	33.7	32.9	0	163	268	0	3	0
2372226	2575529527	179	2	77	11	185524	494928	1	34	31.6	25.3	21.4	0	163	268	0	0	0
2372226	2575529529	179	2	77	12	494928	185524	1	25.2	20.5	31.4	29.5	0	163	268	0	0	0
2372226	2575529557	179	2	77	14	185524	500267	1	31.4	29.5	21	34.1	0	163	268	0	0	0
2372226	2575529581	179	2	77	19	500267	103953	1	26.5	28.6	37.5	4	0	163	268	0	0	0
2372226	2575529607	179	2	77	24	103953	121117	1	41.8	14	90.4	89.7	0	163	268	0	0	0
2372226	2575529631	179	2	77	32	121117	169813	1	89.5	89.3	76.9	81.3	0	163	268	0	0	0
2372226	2575529643	179	2	77	37	169813	0	0	89.9	82.6	90.9	80	0	163	268	2	0	0
2372226	2575529811	191	2	78	27	449027	0	0	9.7	44	64.3	-1	0	164	269	0	0	5
2372226	2575529935	179	2	78	49	169813	34703	1	47.6	100	27.4	87.8	0	165	270	0	0	0
2372226	2575529945	179	2	78	52	34703	120026	1	28.2	85.1	7.7	56	0	165	270	0	0	0
2372226	2575529963	179	2	78	56	120026	494928	1	8.8	50.6	18.7	10.9	0	165	270	0	0	0
2372226	2575529967	179	2	78	59	494928	0	1	20.1	10.4	35.5	11	0	165	270	0	0	0
2372226	2575530075	179	2	79	24	500267	72154	1	37.3	20.5	38.5	70.8	0	165	271	0	0	5
2372226	2575530087	179	2	79	26	72154	500267	1	34	70.3	31.3	30.1	0	165	271	0	0	0
2372226	2575530099	179	2	79	30	500267	494928	1	38.2	28.3	43.7	8	0	165	271	0	0	0
2372226	2575530121	179	2	79	34	494928	185524	1	52.9	16.4	45.2	27.4	0	165	271	0	0	0
2372226	2575530125	179	2	79	35	185524	500267	1	44.9	27.4	38.9	20.3	0	165	271	0	0	0
2372226	2575530159	179	2	79	36	500267	72154	1	36.2	24.8	36.6	70.7	0	165	271	0	0	0
2372226	2575530179	179	2	79	41	72154	103953	1	41.4	63	75.3	10.6	0	165	271	0	0	0
2372226	2575530283	191	2	80	1	132105	467005	1	23.8	100	33.2	94.8	0	166	272	0	0	0
2372226	2575530287	191	2	80	2	467005	0	0	33.2	94.8	44	82.1	0	166	272	0	3	0
2372226	2575530305	179	2	80	4	34703	500267	1	55.7	15.2	41.1	19.6	0	0	0	0	3	0
2372226	2575530319	179	2	80	6	500267	0	0	41.1	19.6	33.3	31.1	0	0	0	0	3	0
2372226	2575530807	191	2	81	58	220191	96767	1	70.9	65.2	60.3	43.9	0	166	273	0	0	5
2372226	2575530817	191	2	82	2	96767	158074	1	60.3	43.9	55.1	61.8	0	166	273	0	0	0
2372226	2575530827	191	2	82	4	158074	132105	1	55.4	64.9	56.7	82.9	0	166	273	0	0	0
2372226	2575530839	191	2	82	6	132105	0	0	56.8	86.8	86.9	88.6	0	166	273	0	0	0
2372226	2575530843	179	2	82	9	494928	0	0	12.6	10.9	21	13.7	0	0	0	0	3	0
2372226	2575530851	191	2	82	12	220191	0	0	74.3	78.4	87.2	37.7	0	166	274	2	0	0
2372226	2575530915	191	2	82	33	96767	220191	1	75.6	0	70.9	9.1	0	168	276	0	0	0
2372226	2575530923	191	2	82	35	220191	96767	1	70.8	9.1	67.7	2.8	0	168	276	0	0	0
2372226	2575530931	191	2	82	36	96767	158074	1	67.7	2.8	53.6	12.5	0	168	276	0	0	0
2372226	2575530945	191	2	82	39	158074	490239	1	53.2	18.3	53	57.2	0	168	276	0	0	0
2372226	2575530961	191	2	82	42	490239	132105	1	56.7	64.8	73.3	95	0	168	276	0	0	0
2372226	2575530981	191	2	82	46	132105	0	0	87.5	93.3	92.1	50.6	0	168	276	2	0	0
2372226	2575531017	179	2	82	53	103953	467005	100	5	10	20.1	6.7	0	169	277	0	0	0
2372226	2575531027	191	2	82	56	208135	467005	1	77.9	84.4	82	87.5	0	170	278	0	0	0
2372226	2575531031	191	2	82	57	467005	439716	1	85	88	86.4	83.6	0	170	278	0	0	0
2372226	2575531045	179	2	83	0	456943	0	0	7.4	25	23.8	24.2	0	171	279	0	0	0
2372226	2575531071	191	2	83	2	208135	220191	1	73.2	66.2	70.4	54.6	0	172	280	0	0	0
2372226	2575531197	179	2	83	34	120026	0	0	4.7	43.3	55.5	6.1	0	173	281	0	0	0
2372226	2575531253	179	2	83	55	103953	185524	1	56.8	2.5	55.6	17.8	0	173	282	0	0	5
2372226	2575531259	179	2	83	55	185524	103953	1	55.6	17.8	55.1	6.4	0	173	282	0	0	0
2372226	2575531269	179	2	83	56	103953	456943	1	55.1	6.4	32.1	25.3	0	173	282	0	0	0
2372226	2575531283	179	2	83	59	456943	72154	1	31.9	27.1	34.6	69.2	0	173	282	0	0	0
2372226	2575531303	179	2	84	3	72154	120026	1	29.1	67.4	11.6	54.8	0	173	282	0	0	0
2372226	2575531333	179	2	84	7	120026	185524	1	12.8	54.3	30	54.5	0	173	282	0	0	0
2372226	2575531349	179	2	84	12	185524	72154	1	30.6	55.9	30.5	74	0	173	282	0	0	0
2372226	2575531359	179	2	84	16	72154	494928	1	31.2	68.4	66.5	3.4	0	173	282	0	0	0
2372226	2575531363	179	2	84	19	494928	115860	1	66.6	3.1	60.3	22.1	0	173	282	0	3	0
2372226	2575531385	179	2	84	21	115860	103953	1	64.5	21.3	61.9	8.6	0	173	282	0	0	0
2372226	2575531403	179	2	84	28	103953	185524	1	67.1	8.8	63.4	29.3	0	173	283	0	0	5
2372226	2575531407	179	2	84	32	185524	115860	1	64.7	25.1	77.2	8	0	173	283	0	0	0
2372226	2575531411	179	2	84	34	115860	494928	1	77.6	8.2	85.4	10.1	0	173	283	0	0	0
2372226	2575531531	191	2	85	12	449027	0	0	4.7	52.2	34.2	21.9	0	174	284	0	0	0
2372226	2575531541	191	2	85	13	96767	0	0	21.5	28.8	26.1	28.8	0	0	0	0	3	0
2372226	2575531925	179	2	85	15	169813	0	1	71.9	74.2	77.6	74.2	0	175	285	0	3	0
2372226	2575531927	179	2	85	15	121117	34703	1	78.8	75.4	73.1	69.7	0	175	285	0	0	0
2372226	2575531593	191	2	85	30	449027	158074	1	3.1	47.6	9.2	24.1	0	176	286	0	0	0
2372226	2575531595	191	2	85	32	158074	96767	1	6.4	32.6	6.7	14.5	0	176	286	0	0	0
2372226	2575531601	191	2	85	35	96767	0	0	12.7	5.8	60.6	-1.3	0	176	286	0	0	0
2372226	2575531651	179	2	85	50	169813	121117	1	51.5	100	88.1	96.6	0	177	287	0	0	0
2372226	2575531657	179	2	85	56	121117	208135	100	80.6	86.9	78.8	79.2	0	177	287	0	0	0
2372226	2575531675	191	2	85	58	158074	439716	1	14.6	25.9	41.1	44.2	0	178	288	0	0	0
2372226	2575531687	191	2	86	0	439716	467005	1	41.2	44.3	34.5	59.7	0	178	288	0	0	0
2372226	2575531709	191	2	86	3	467005	0	0	33.4	60.9	70.6	67.6	0	178	288	0	0	0
2372226	2575531971	191	2	86	57	466044	185524	100	78.4	100	85.1	87.1	0	178	289	0	0	0
2372226	2575532003	191	2	87	4	466044	0	1	84.3	93.6	76.3	84.5	0	180	291	0	0	0
2372226	2575532017	191	2	87	6	208135	220191	1	76.9	84.7	68	73	0	180	291	0	0	0
2372226	2575532023	191	2	87	8	220191	96767	1	68.1	65.3	53.5	40.4	0	180	291	0	0	0
2372226	2575532043	191	2	87	12	96767	158074	1	53.5	40	48.5	58.2	0	180	291	0	0	0
2372226	2575532055	191	2	87	14	158074	490239	1	46.4	58.3	48.9	79.8	0	180	291	0	0	0
2372226	2575532069	191	2	87	16	490239	158074	1	47.1	83.5	39	60	0	180	291	0	0	0
2372226	2575532089	191	2	87	18	158074	96767	1	39	59.9	40.5	29.2	0	180	291	0	0	0
2372226	2575532105	191	2	87	23	96767	158074	1	45.3	28.2	40.1	51.8	0	180	291	0	0	0
2372226	2575532111	191	2	87	28	158074	220191	1	42	46.9	46	64.5	0	180	291	0	0	0
2372226	2575532119	191	2	87	31	220191	490239	1	46.3	67.9	41.5	88.3	0	180	291	0	0	0
2372226	2575532131	191	2	87	33	490239	158074	1	40.9	78.2	34.7	45.5	0	180	291	0	0	0
2372226	2575532139	191	2	87	36	158074	96767	1	34.4	41.6	34.9	23.1	0	180	291	0	0	0
2372226	2575532145	191	2	87	40	96767	158074	1	34.2	29.4	30.1	47.5	0	180	291	0	0	0
2372226	2575532147	191	2	87	42	158074	220191	1	31	48.7	36.3	51.3	0	180	291	0	0	0
2372226	2575532151	191	2	87	43	220191	158074	1	36.3	51.3	29.9	50.6	0	180	291	0	0	0
2372226	2575532169	191	2	87	45	158074	490239	1	29.9	49.4	29.4	79.9	0	180	291	0	0	0
2372226	2575532197	191	2	87	48	490239	467005	1	29.9	87.2	87.6	87.8	0	180	291	0	0	0
2372226	2575532239	191	2	87	55	439716	546540	1	90.2	83.5	88.2	57.1	0	180	292	0	0	0
2372226	2575532757	179	2	90	38	115860	34703	1	50.1	50	42.6	60.2	0	181	293	0	0	0
2372226	2575532775	179	2	90	39	34703	169813	1	43	63.8	43.9	92.1	0	181	293	0	0	0
2372226	2575532779	179	2	90	42	169813	0	0	43.7	92.1	54.3	101.1	0	181	293	0	0	0
2372226	2575532831	191	2	90	51	96767	546540	1	44.1	0	57.5	13.5	0	182	294	0	0	0
2372226	2575532865	179	2	90	54	34703	121117	1	48.1	88.5	52.4	96.5	0	183	295	0	0	0
2372226	2575532871	191	2	91	0	96767	158074	1	39	17.1	31.5	25	0	184	296	0	0	0
2372226	2575532887	191	2	91	1	158074	0	0	31.5	25	69.4	7.6	0	184	296	0	0	0
2372226	2575532889	179	2	91	5	72154	0	0	29	95.1	35.1	100.8	0	185	297	0	0	0
2372226	2575532951	191	2	91	26	96767	220191	1	64.3	0	64.4	11.3	0	186	298	0	0	0
2372226	2575532955	191	2	91	27	220191	546540	1	64.4	11.3	75	10.4	0	186	298	0	0	0
2372226	2575532959	191	2	91	28	546540	0	0	75	10.4	77.8	20.1	0	186	298	0	3	0
2372226	2575532969	179	2	91	30	456943	0	1	19.9	72.9	26.2	88.1	0	187	299	0	3	0
2372226	2575532979	179	2	91	32	34703	0	0	25.2	87.5	38.8	72.2	0	187	299	0	0	0
2372226	2575532985	191	2	91	34	158074	220191	1	61.2	25.9	66.7	21.5	0	188	300	0	3	0
2372226	2575532989	191	2	91	35	220191	0	0	66.7	21.5	88.5	9.2	0	188	300	0	0	0
2372226	2575533009	179	2	91	41	169813	0	0	12.9	98.1	14.6	98.4	0	189	301	0	0	0
2372226	2575533095	179	2	92	10	169813	34703	1	17.2	100	37.1	75.8	0	189	302	0	0	0
2372226	2575533169	191	2	92	30	96767	546540	1	29.8	0	44.4	2.6	0	190	303	0	0	0
2372226	2575533261	191	2	92	53	96767	222629	1	53.1	0	65.3	3.1	0	190	304	0	0	0
2372226	2575533263	191	2	92	54	222629	0	0	65.4	3.1	67.2	6.2	0	190	304	0	0	0
2372226	2575533309	191	2	93	9	96767	439716	1	63.7	0	70.5	5.3	0	190	305	0	0	0
2372226	2575533311	191	2	93	10	439716	0	0	70.6	5.3	66.2	3.1	0	190	305	0	0	0
2372226	2575533315	179	2	93	11	34703	121117	1	34.5	97.1	43.5	96.5	0	191	306	0	0	0
2372226	2575533493	191	2	94	16	96767	220191	1	53.1	0	52.6	7.5	0	192	307	0	0	0
2372226	2575533497	191	2	94	18	220191	0	0	53.7	6.2	73.4	13.2	0	192	307	0	0	0
2372226	2575533501	179	2	94	19	72154	0	1	25	92.3	36.8	94.7	0	193	308	0	3	0
2372226	2575533505	179	2	94	22	169813	0	0	36.8	94.7	69.2	101.3	0	193	308	0	0	0
2372226	2575533555	191	2	94	44	96767	222629	1	34.5	0	41.9	3.1	0	194	309	0	0	0
2372226	2575533609	179	2	94	59	169813	103953	1	60.2	100	70.9	97.4	0	195	310	0	0	0
2372226	2575533619	191	2	95	4	96767	0	0	33.9	2.2	51.4	7.7	0	196	311	0	0	0
2372226	2575533627	179	2	95	6	72154	0	0	50.5	91.7	62.9	98.3	0	0	0	0	3	0
2372226	2575533631	191	2	95	8	546540	0	0	42.1	2.6	63.7	14	0	196	312	0	0	0
2372226	2575533637	179	2	95	10	72154	185524	1	35.5	91.4	40.3	74.1	0	0	0	0	3	0
2372226	2575533639	179	2	95	12	185524	0	0	40.5	74.1	44.9	67.8	0	0	0	0	3	0
2372226	2575533655	191	2	95	14	208135	0	1	54.9	34.3	65.3	36.6	0	196	0	0	3	0
2372226	2575533711	191	2	95	37	208135	490239	1	63.4	35.1	45.9	69	0	196	313	0	0	5
2372226	2575533895	191	2	95	39	490239	0	0	41.4	70	65.5	101.3	0	196	313	0	0	0
2372226	2575533751	179	2	95	47	494928	0	1	32.5	0	25.1	13.6	0	197	314	0	0	0
2372226	2575533831	179	2	96	7	120026	0	0	25	25.9	68.2	56.3	0	197	315	0	0	5
2372226	2575533833	191	2	96	11	158074	0	0	31.2	32.2	56.1	41.6	0	0	0	0	3	0
2372226	2575533845	179	2	96	13	72154	0	0	43	56.9	57.9	25.9	0	197	316	0	0	0
2372226	2575533853	191	2	96	15	467005	0	0	40.2	69	65.5	65.5	0	0	0	0	3	0
2372226	2575533873	179	2	96	18	456943	115860	1	38.7	24.4	48.7	23.9	0	197	317	0	3	0
2372226	2575533875	179	2	96	20	115860	0	0	46.7	24.4	48.1	24.5	0	197	317	0	0	0
2372226	2575533915	179	2	96	32	456943	120026	1	33.7	27.2	23.6	48.7	0	197	318	0	0	5
2372226	2575533921	179	2	96	34	120026	169813	1	23.6	48.7	36.9	74.6	0	197	318	0	0	0
2372226	2575534029	179	2	97	19	120026	0	0	36	75.2	82.3	43.6	0	197	319	0	0	5
2372226	2575534051	179	2	97	24	115860	0	0	72.8	33.5	69.5	39.2	0	0	0	0	3	0
2372226	2575534053	191	2	97	26	546540	0	0	27.5	62.1	70.9	68.2	0	198	320	0	0	0
2372226	2575534069	179	2	97	37	72154	546540	100	17.7	13.7	27.3	3.1	0	199	321	0	0	0
2372226	2575534095	179	2	97	45	494928	456943	1	27.8	0	13.6	17	0	199	322	0	0	0
2372226	2575534099	179	2	97	50	456943	169813	1	23.6	25	23.9	60.2	0	199	322	0	0	0
2372226	2575534107	179	2	97	53	169813	121117	1	27.9	66	42.9	91.1	0	199	322	0	0	0
2372226	2575534139	191	2	98	3	222629	220191	1	56.4	10.7	45.7	10.6	0	200	323	0	0	0
2372226	2575534141	191	2	98	4	220191	0	0	45.3	10.6	46.8	10.4	0	200	323	0	0	0
2372226	2575534181	179	2	98	17	169813	34703	1	56	100	69.9	96.6	0	201	324	0	0	0
2372226	2575534191	191	2	98	22	96767	0	0	32.9	3.5	44.3	6.2	0	202	325	0	0	0
2372226	2575534211	179	2	98	24	72154	169813	1	53.5	96.3	62.5	94.8	0	203	326	0	0	0
2372226	2575534213	179	2	98	24	169813	185524	1	62.6	94.4	57.6	74.3	0	203	326	0	0	0
2372226	2575534221	179	2	98	27	185524	103953	1	65	78.7	63.5	49.9	0	203	326	0	0	0
2372226	2575534229	179	2	98	29	103953	494928	1	65	39.4	74.3	12.8	0	203	326	0	0	0
2372226	2575534245	179	2	98	34	494928	103953	1	79.8	24.8	74.2	29.3	0	203	326	0	0	0
2372226	2575534295	179	2	99	0	34703	0	0	99.5	0.5	95.7	38.9	0	203	327	2	0	6
2372226	2575534357	179	2	99	5	34703	121117	1	90.6	0	95.6	10.9	0	203	328	0	0	0
2372226	2575534363	179	2	99	8	121117	0	1	95	10.7	89.7	3.7	0	203	328	0	0	0
2372226	2575534387	179	2	99	27	34703	103953	1	85.9	5.6	74.2	8	0	203	329	0	0	0
2372226	2575534393	179	2	99	29	103953	0	0	73.8	9.2	92.1	54	0	203	329	2	0	0
2372226	2575534409	179	2	99	37	34703	103953	1	85.3	4.1	76	5.3	0	203	330	0	0	0
2372226	2575534419	179	2	99	38	103953	185524	1	75.9	5.8	71.7	31.7	0	203	330	0	0	0
2372226	2575534425	179	2	99	42	185524	115860	1	71.3	41.9	78.8	81.2	0	203	330	0	0	0
2372226	2575534431	179	2	99	44	115860	169813	1	79.1	81.3	69.8	72.5	0	203	330	0	0	0
2372226	2575534453	179	2	99	46	169813	0	0	69.4	73.2	96.6	33.7	0	203	330	2	0	0
2372226	2575534559	179	2	100	19	34703	0	0	99.5	0.5	96.1	39.5	0	203	331	2	0	6
2372226	2575534581	179	2	100	23	169813	115860	1	70.9	58.5	71.8	75.2	0	203	332	0	0	0
2372226	2575534585	179	2	100	27	115860	0	0	70.9	74.2	84.5	50.9	0	203	332	2	0	0
2372226	2575534601	179	2	100	30	185524	0	0	69.7	59.8	75.8	61.4	0	203	0	0	3	0
2372226	2575534629	179	2	100	33	169813	494928	1	51.9	58.7	31	17.3	0	203	333	0	0	0
2372226	2575534639	179	2	100	39	494928	120026	1	30.9	16.6	13.5	38.2	0	203	333	0	0	0
2372226	2575534647	179	2	100	42	120026	169813	1	18.8	37.7	25.8	48	0	203	333	0	0	0
2372226	2575534665	179	2	100	46	169813	103953	1	29.8	55	75	7.3	0	203	333	0	0	0
2372226	2575534671	179	2	100	53	103953	494928	1	79.9	16.5	93.2	16.9	0	203	333	0	0	0
2372226	2575534673	179	2	100	55	494928	0	0	94.6	19.6	89	34.9	0	203	333	2	0	0
2372226	2575534689	179	2	101	1	103953	0	0	76.9	14.3	79.2	20.7	0	203	334	2	0	0
2372226	2575534767	179	2	101	38	103953	0	0	77.3	13	95.3	54.6	0	203	335	2	0	5
